 0.000000  0.000000  0.000000  1.002251e+00  -7.615201e-04  0.000000e+00  0.000000e+00  0.000000e+00  0.000000e+00  0.000000e+00  3.804658e-05  3.804658e-05  4.366078e-05  1.080909e-02  3.065702e-02  1.010800e-02  9.739925e-03  4.111884e-05  0.000000e+00  0.000000e+00  2.220446e-16  0.000000e+00  0.000000e+00  0.000000e+00  0.000000e+00
 -0.001363  -0.003543  0.006814  1.019167e+00  -7.611542e-04  7.735885e-03  0.000000e+00  0.000000e+00  0.000000e+00  0.000000e+00  -2.623076e-05  -2.623076e-05  2.401199e-05  5.274191e-03  2.018767e-02  7.948612e-03  6.964871e-03  -1.401530e-03  1.119549e-12  1.003420e-12  1.161293e-13  3.414715e-13  0.000000e+00  0.000000e+00  0.000000e+00
 -0.002726  -0.007087  0.013629  1.036450e+00  -7.604047e-04  1.534222e-02  4.662364e-10  -1.328489e-09  -1.064183e-07  3.032271e-07  -4.920324e-05  -4.920324e-05  6.133476e-05  5.757197e-03  1.861794e-02  6.835063e-03  6.025679e-03  -1.084450e-03  1.252776e-12  1.081579e-12  1.716405e-13  4.071996e-13  0.000000e+00  0.000000e+00  0.000000e+00
 -0.004089  -0.010630  0.020443  1.054090e+00  -7.592521e-04  2.281993e-02  2.000650e-09  -5.440241e-09  -2.708113e-07  7.502506e-07  -4.065758e-20  -6.560726e-05  1.310961e-04  8.460409e-03  2.315015e-02  8.749824e-03  5.939918e-03  1.625983e-04  1.607825e-12  1.242340e-12  3.661516e-13  5.840274e-13  0.000000e+00  0.000000e+00  0.000000e+00
 -0.005451  -0.014174  0.027258  1.072088e+00  -7.575761e-04  3.017005e-02  1.398638e-08  -4.053132e-09  -8.571669e-07  9.201714e-07  -6.098637e-20  -9.246218e-05  1.933999e-04  6.136737e-03  1.879535e-02  5.594156e-03  7.064452e-03  -1.609085e-03  1.768807e-12  1.268097e-12  5.011547e-13  6.431551e-13  0.000000e+00  0.000000e+00  0.000000e+00
 -0.006814  -0.017717  0.034072  1.090457e+00  -7.555168e-04  3.739350e-02  2.836893e-09  -2.845727e-08  -9.291132e-07  1.641876e-06  -6.776264e-20  -1.104422e-04  2.396995e-04  7.839093e-03  2.129533e-02  7.128554e-03  6.327679e-03  -1.616820e-04  2.122302e-12  1.353584e-12  7.693846e-13  7.944364e-13  0.000000e+00  0.000000e+00  0.000000e+00
 -0.008177  -0.021261  0.040886  1.109212e+00  -7.529445e-04  4.449110e-02  1.232641e-08  -3.228902e-08  -1.138380e-06  2.190051e-06  -5.382824e-05  -1.514798e-04  2.845895e-04  6.091289e-03  1.737185e-02  6.119664e-03  5.160895e-03  -1.691659e-04  2.677414e-12  1.526113e-12  1.151745e-12  1.051257e-12  0.000000e+00  0.000000e+00  0.000000e+00
 -0.009540  -0.024805  0.047701  1.128369e+00  -7.499822e-04  5.146360e-02  2.868573e-08  -3.806220e-08  -1.487061e-06  2.652704e-06  -5.346199e-05  -1.798456e-04  3.277397e-04  8.285972e-03  2.652240e-02  1.029106e-02  7.945367e-03  -2.055595e-03  2.682299e-12  1.526779e-12  1.155964e-12  1.049419e-12  0.000000e+00  0.000000e+00  0.000000e+00
 -0.010903  -0.028348  0.054516  1.147945e+00  -7.464945e-04  5.831168e-02  8.316377e-08  -1.335434e-07  -2.246335e-06  3.871937e-06  -7.040012e-05  -2.099340e-04  3.855792e-04  6.105643e-03  2.201901e-02  9.315734e-03  6.597631e-03  -1.341701e-03  2.738476e-12  1.530776e-12  1.208367e-12  1.035565e-12  0.000000e+00  0.000000e+00  0.000000e+00
 -0.012266  -0.031892  0.061330  1.167949e+00  -7.426188e-04  6.503612e-02  1.656179e-07  -2.149455e-07  -3.423546e-06  5.399768e-06  -6.891162e-05  -2.389687e-04  4.284313e-04  9.702282e-03  2.602243e-02  8.010142e-03  8.310008e-03  -1.795336e-03  2.768674e-12  1.538325e-12  1.231237e-12  1.022438e-12  0.000000e+00  0.000000e+00  0.000000e+00
 -0.013629  -0.035435  0.068145  1.188392e+00  -7.381251e-04  7.163774e-02  1.541076e-07  -3.528062e-07  -4.300466e-06  7.407344e-06  -9.088619e-05  -2.713847e-04  4.973562e-04  5.637244e-03  1.974790e-02  6.907742e-03  7.202920e-03  -1.868634e-03  2.896128e-12  1.553646e-12  1.343148e-12  9.809773e-13  0.000000e+00  0.000000e+00  0.000000e+00
 -0.014992  -0.038979  0.074959  1.209283e+00  -7.332716e-04  7.811740e-02  1.401189e-07  -5.299596e-07  -4.953144e-06  9.875911e-06  -9.526220e-05  -2.916797e-04  5.389492e-04  7.660717e-03  2.089556e-02  6.450469e-03  6.784379e-03  -2.042102e-03  2.949418e-12  1.568079e-12  1.381784e-12  9.572721e-13  0.000000e+00  0.000000e+00  0.000000e+00
 -0.016355  -0.042523  0.081774  1.230633e+00  -7.279447e-04  8.447598e-02  1.209700e-07  -7.642221e-07  -5.422886e-06  1.284349e-05  -1.035014e-04  -3.160535e-04  5.925229e-04  6.621202e-03  1.567413e-02  3.338255e-03  5.714674e-03  -6.703610e-04  3.017142e-12  1.575184e-12  1.442402e-12  9.365652e-13  0.000000e+00  0.000000e+00  0.000000e+00
 -0.017718  -0.046066  0.088589  1.252452e+00  -7.222092e-04  9.071436e-02  -4.124167e-08  -8.557559e-07  -5.287339e-06  1.565607e-05  -1.076851e-04  -3.422718e-04  6.380837e-04  8.378758e-03  2.445655e-02  7.920389e-03  8.157398e-03  -2.444218e-03  3.087086e-12  1.575851e-12  1.511458e-12  9.292300e-13  0.000000e+00  0.000000e+00  0.000000e+00
 -0.019081  -0.049610  0.095404  1.274754e+00  -7.159584e-04  9.683332e-02  -6.023012e-08  -1.247403e-06  -5.117625e-06  1.917095e-05  -1.217541e-04  -3.725071e-04  6.950736e-04  6.047865e-03  1.991286e-02  7.131723e-03  6.733273e-03  -1.503171e-03  3.210321e-12  1.577405e-12  1.633360e-12  9.167802e-13  0.000000e+00  0.000000e+00  0.000000e+00
 0.000000  0.000000  0.000000  1.000862e+00  -2.992480e-04  0.000000e+00  0.000000e+00  0.000000e+00  0.000000e+00  0.000000e+00  3.511850e-05  3.511673e-05  -2.383181e-03  9.951582e-03  2.856863e-02  9.627165e-03  8.989885e-03  1.312873e-03  0.000000e+00  0.000000e+00  0.000000e+00  -2.775558e-17  0.000000e+00  0.000000e+00  0.000000e+00
 -0.000413  -0.001971  0.007544  1.017828e+00  -3.178659e-04  7.742759e-03  0.000000e+00  0.000000e+00  0.000000e+00  0.000000e+00  0.000000e+00  0.000000e+00  -2.383048e-03  -3.629027e-03  1.707486e-01  7.746470e-02  9.691293e-02  -4.718634e-02  8.069323e-11  8.051315e-11  1.800782e-13  -3.808381e-12  0.000000e+00  0.000000e+00  0.000000e+00
 -0.000825  -0.003943  0.015087  1.035165e+00  -3.360964e-04  1.535522e-02  -9.249774e-09  -4.488460e-08  2.107627e-06  1.022727e-05  0.000000e+00  0.000000e+00  -2.333598e-03  -9.815728e-03  9.428608e-02  4.617606e-02  5.792575e-02  -1.653295e-02  1.728244e-10  1.726501e-10  1.800782e-13  -3.808227e-12  0.000000e+00  0.000000e+00  0.000000e+00
 -0.001238  -0.005914  0.022630  1.052860e+00  -3.538966e-04  2.283831e-02  -3.159874e-08  -1.077776e-07  4.699826e-06  1.906880e-05  -4.065758e-20  -6.881833e-05  -2.513518e-03  8.696780e-03  2.569274e-02  1.105676e-02  5.939198e-03  1.843153e-03  2.611522e-10  2.609901e-10  1.800782e-13  -3.808086e-12  0.000000e+00  0.000000e+00  0.000000e+00
 -0.001650  -0.007884  0.030173  1.070922e+00  -3.711542e-04  3.019311e-02  -9.697515e-09  -9.199521e-08  5.105744e-06  2.291952e-05  -6.098637e-20  -9.884828e-05  -2.449978e-03  6.164388e-03  2.025559e-02  7.239391e-03  6.851811e-03  -9.226297e-04  3.852592e-10  3.850682e-10  2.284839e-13  -6.259897e-12  0.000000e+00  0.000000e+00  0.000000e+00
 -0.002063  -0.009855  0.037715  1.089358e+00  -3.880248e-04  3.742055e-02  -6.748767e-09  -1.060240e-07  5.276645e-06  2.560441e-05  -7.453890e-20  -1.182237e-04  -2.403871e-03  -6.320421e-02  -5.196652e-02  5.087117e-03  6.150567e-03  -5.995162e-04  5.136034e-10  5.133407e-10  3.286260e-13  -9.840491e-12  0.000000e+00  0.000000e+00  0.000000e+00
 -0.002475  -0.011826  0.045258  1.108183e+00  -4.089100e-04  4.452149e-02  -1.938532e-08  -1.202646e-07  5.605291e-06  2.764330e-05  -5.082198e-21  4.301901e-05  -2.792204e-03  6.855628e-02  6.308305e-02  -2.320154e-03  -3.153070e-03  3.523996e-04  6.442482e-10  6.438796e-10  4.714007e-13  -1.416039e-11  0.000000e+00  0.000000e+00  0.000000e+00
 -0.002888  -0.013796  0.052800  1.127429e+00  -4.256016e-04  5.149663e-02  -5.133556e-09  -1.081962e-07  5.667608e-06  2.895671e-05  1.355253e-20  -1.232050e-04  -2.280136e-03  8.693987e-03  2.570114e-02  9.340820e-03  7.666334e-03  -1.008363e-03  7.567307e-10  7.563974e-10  4.902745e-13  -1.270033e-11  0.000000e+00  0.000000e+00  0.000000e+00
 -0.003300  -0.015767  0.060342  1.147079e+00  -4.417599e-04  5.834672e-02  3.385500e-08  -1.551457e-07  5.358900e-06  3.037141e-05  2.710505e-20  -1.427479e-04  -2.214616e-03  6.792825e-03  2.077323e-02  6.839732e-03  7.140674e-03  -4.965775e-04  8.778147e-10  8.773773e-10  6.454837e-13  -1.703389e-11  0.000000e+00  0.000000e+00  0.000000e+00
 -0.003712  -0.017737  0.067883  1.167161e+00  -4.574984e-04  6.507255e-02  2.470205e-08  -1.853344e-07  5.183521e-06  3.168724e-05  2.710505e-20  -1.608947e-04  -2.163908e-03  6.789670e-03  2.052401e-02  7.059221e-03  6.675114e-03  -1.363650e-04  9.994741e-10  9.988861e-10  8.537615e-13  -2.206559e-11  0.000000e+00  0.000000e+00  0.000000e+00
 -0.004125  -0.019707  0.075425  1.187685e+00  -4.728171e-04  7.167498e-02  3.948034e-08  -1.958168e-07  4.959107e-06  3.280030e-05  2.710505e-20  -1.775490e-04  -2.112763e-03  8.387345e-03  2.245619e-02  6.817653e-03  7.251193e-03  -5.569800e-04  1.122578e-09  1.121789e-09  1.118439e-12  -2.776910e-11  0.000000e+00  0.000000e+00  0.000000e+00
 -0.004537  -0.021677  0.082966  1.208660e+00  -4.876174e-04  7.815486e-02  1.888562e-08  -2.487154e-07  4.871225e-06  3.395767e-05  2.710505e-20  -1.997242e-04  -2.050053e-03  -5.098346e-02  -3.707792e-02  6.274599e-03  7.630946e-03  -8.766368e-04  1.246606e-09  1.245565e-09  1.440625e-12  -3.408502e-11  0.000000e+00  0.000000e+00  0.000000e+00
 -0.004949  -0.023646  0.090507  1.230097e+00  -5.055372e-04  8.451309e-02  -5.905774e-08  -3.494519e-07  5.100344e-06  3.531339e-05  -2.780694e-05  -6.624446e-05  -2.390437e-03  6.192440e-02  7.244546e-02  6.716291e-03  3.804773e-03  -1.123918e-03  1.372372e-09  1.370999e-09  1.848299e-12  -4.123697e-11  0.000000e+00  0.000000e+00  0.000000e+00
 -0.005361  -0.025616  0.098048  1.252023e+00  -5.196758e-04  9.075047e-02  1.400289e-07  -5.031285e-07  4.640501e-06  3.696562e-05  -5.554035e-05  -1.823197e-04  -1.921387e-03  7.119210e-03  2.077150e-02  6.808029e-03  6.844256e-03  9.962861e-05  1.486477e-09  1.485156e-09  1.893818e-12  -3.895963e-11  0.000000e+00  0.000000e+00  0.000000e+00
 -0.005774  -0.027585  0.105588  1.274419e+00  -5.333819e-04  9.686791e-02  1.371142e-07  -4.871119e-07  4.254437e-06  3.833716e-05  -6.072244e-05  -1.977599e-04  -1.868456e-03  7.119644e-03  1.987482e-02  5.762659e-03  6.992516e-03  -2.257093e-04  1.598722e-09  1.597415e-09  1.964429e-12  -3.614500e-11  0.000000e+00  0.000000e+00  0.000000e+00
 -0.006186  -0.029555  0.113128  1.297314e+00  -5.466558e-04  1.028662e-01  2.267336e-08  -5.290880e-07  4.199095e-06  3.962858e-05  -6.985376e-05  -2.144194e-04  -1.816048e-03  7.106396e-03  2.073889e-02  6.070837e-03  7.561655e-03  -6.274506e-04  1.711625e-09  1.710317e-09  2.051692e-12  -3.300589e-11  0.000000e+00  0.000000e+00  0.000000e+00
 -0.006598  -0.031524  0.120669  1.320722e+00  -5.594977e-04  1.087462e-01  -1.365468e-07  -6.630831e-07  4.490787e-06  4.104506e-05  -7.590265e-05  -2.230035e-04  -1.761449e-03  8.966423e-03  2.502603e-02  8.353247e-03  7.706356e-03  -8.517240e-04  1.825918e-09  1.824555e-09  2.197575e-12  -2.892684e-11  0.000000e+00  0.000000e+00  0.000000e+00
 -0.007010  -0.033493  0.128209  1.344658e+00  -5.717933e-04  1.145087e-01  -5.794291e-08  -8.700173e-07  4.600025e-06  4.268527e-05  -7.227106e-05  -2.382475e-04  -1.693018e-03  7.106928e-03  2.073593e-02  6.781589e-03  6.847411e-03  -2.293772e-04  1.938667e-09  1.937199e-09  2.396972e-12  -2.418712e-11  0.000000e+00  0.000000e+00  0.000000e+00
 -0.007422  -0.035462  0.135749  1.369136e+00  -5.836568e-04  1.201546e-01  -6.696725e-08  -9.328906e-07  4.712267e-06  4.424886e-05  -7.504498e-05  -2.534309e-04  -1.639968e-03  7.111839e-03  2.072908e-02  6.925692e-03  6.691552e-03  -2.836607e-04  2.050019e-09  2.048529e-09  2.514211e-12  -2.057500e-11  0.000000e+00  0.000000e+00  0.000000e+00
 -0.007834  -0.037430  0.143288  1.394170e+00  -5.950888e-04  1.256846e-01  -3.096830e-08  -1.020064e-06  4.758715e-06  4.577883e-05  -8.612008e-05  -2.664126e-04  -1.586745e-03  7.110388e-03  2.128872e-02  6.865036e-03  7.313299e-03  -4.276874e-04  2.161761e-09  2.160254e-09  2.627010e-12  -1.702186e-11  0.000000e+00  0.000000e+00  0.000000e+00
 -0.008246  -0.039399  0.150828  1.419777e+00  -6.060892e-04  1.310996e-01  -1.077423e-07  -1.166521e-06  4.904176e-06  4.735373e-05  -9.607326e-05  -2.780518e-04  -1.533139e-03  8.972616e-03  2.354366e-02  6.777202e-03  7.793841e-03  -5.421839e-04  2.273840e-09  2.272217e-09  2.842393e-12  -1.211426e-11  0.000000e+00  0.000000e+00  0.000000e+00
 -0.008658  -0.041368  0.158367  1.445970e+00  -6.165438e-04  1.364004e-01  -3.006502e-07  -1.372234e-06  5.271469e-06  4.903014e-05  -9.812557e-05  -2.957192e-04  -1.465633e-03  7.099904e-03  2.142855e-02  6.741662e-03  7.586981e-03  -5.930652e-04  2.385750e-09  2.383892e-09  3.177014e-12  -5.999692e-12  0.000000e+00  0.000000e+00  0.000000e+00
 -0.009070  -0.043336  0.165906  1.472767e+00  -6.265669e-04  1.415879e-01  -4.774636e-07  -1.620295e-06  5.801806e-06  5.082986e-05  -9.888735e-05  -3.084687e-04  -1.411906e-03  7.806852e-03  2.185597e-02  6.791156e-03  7.257957e-03  -3.974636e-04  2.497529e-09  2.495465e-09  3.483436e-12  -1.536954e-13  0.000000e+00  0.000000e+00  0.000000e+00
 -0.009482  -0.045304  0.173446  1.500184e+00  -6.361162e-04  1.466629e-01  -5.846009e-07  -1.802709e-06  6.394747e-06  5.265829e-05  -5.433218e-05  -3.331844e-04  -1.353610e-03  6.679618e-03  1.847573e-02  4.802162e-03  6.993946e-03  -5.165995e-04  2.608727e-09  2.606488e-09  3.758327e-12  5.370766e-12  0.000000e+00  0.000000e+00  0.000000e+00
 -0.009894  -0.047273  0.180985  1.528239e+00  -6.452551e-04  1.516263e-01  -1.134434e-06  -2.061840e-06  7.449595e-06  5.457548e-05  -5.547683e-05  -3.449199e-04  -1.302428e-03  8.171980e-03  2.540305e-02  9.491164e-03  7.739906e-03  -8.114537e-04  2.719544e-09  2.717348e-09  3.813394e-12  2.893586e-12  0.000000e+00  0.000000e+00  0.000000e+00
 -0.010306  -0.049241  0.188523  1.556949e+00  -6.538932e-04  1.564787e-01  -6.560672e-07  -2.505034e-06  8.010889e-06  5.671864e-05  -5.436020e-05  -3.592400e-04  -1.239790e-03  7.730546e-03  2.363477e-02  8.267326e-03  7.636898e-03  -5.851327e-04  2.829750e-09  2.827588e-09  3.878675e-12  2.131218e-13  0.000000e+00  0.000000e+00  0.000000e+00
 -0.010718  -0.051209  0.196062  1.586333e+00  -6.620574e-04  1.612212e-01  -4.692242e-07  -2.851743e-06  8.381486e-06  5.897098e-05  -5.879033e-05  -3.726299e-04  -1.180789e-03  7.021780e-03  1.898656e-02  5.196440e-03  6.768340e-03  -1.574454e-04  2.939063e-09  2.936898e-09  3.979927e-12  -3.112821e-12  0.000000e+00  0.000000e+00  0.000000e+00
 -0.011130  -0.053176  0.203601  1.616410e+00  -6.697908e-04  1.658545e-01  -9.729857e-07  -2.952569e-06  9.093101e-06  6.113040e-05  -6.373466e-05  -3.903670e-04  -1.128651e-03  7.016607e-03  1.954271e-02  5.424905e-03  7.101200e-03  -5.666170e-04  3.047814e-09  3.045658e-09  4.066081e-12  -6.171049e-12  0.000000e+00  0.000000e+00  0.000000e+00
 -0.011542  -0.055144  0.211139  1.647200e+00  -6.770935e-04  1.703794e-01  -1.552256e-06  -3.344106e-06  1.014738e-05  6.340169e-05  -6.424994e-05  -4.027565e-04  -1.074893e-03  8.046198e-03  2.388018e-02  8.151337e-03  7.682646e-03  -5.714176e-04  3.157959e-09  3.155822e-09  4.141354e-12  -9.051355e-12  0.000000e+00  0.000000e+00  0.000000e+00
 -0.011954  -0.057112  0.218678  1.678723e+00  -6.839029e-04  1.747968e-01  -1.378035e-06  -3.768712e-06  1.101886e-05  6.578505e-05  -6.219378e-05  -4.152576e-04  -1.012731e-03  7.849317e-03  2.315674e-02  7.604560e-03  7.702865e-03  -5.204841e-04  3.267453e-09  3.265314e-09  4.235057e-12  -1.225485e-11  0.000000e+00  0.000000e+00  0.000000e+00
 -0.012365  -0.059079  0.226216  1.710999e+00  -6.902316e-04  1.791075e-01  -1.417182e-06  -4.183546e-06  1.185541e-05  6.825457e-05  -6.623648e-05  -4.299143e-04  -9.531078e-04  7.019106e-03  2.002821e-02  6.331041e-03  6.678063e-03  -2.544056e-04  3.375495e-09  3.373302e-09  4.377609e-12  -1.617774e-11  0.000000e+00  0.000000e+00  0.000000e+00
 -0.012777  -0.061047  0.233755  1.744052e+00  -6.961299e-04  1.833123e-01  -1.565163e-06  -4.400465e-06  1.271978e-05  7.068474e-05  -7.052066e-05  -4.467795e-04  -9.007420e-04  7.016530e-03  2.049198e-02  6.573264e-03  6.902189e-03  -6.883469e-04  3.483297e-09  3.481058e-09  4.509060e-12  -1.994178e-11  0.000000e+00  0.000000e+00  0.000000e+00
 -0.013189  -0.063014  0.241293  1.777903e+00  -7.015978e-04  1.874121e-01  -1.714920e-06  -5.027314e-06  1.360773e-05  7.328778e-05  -7.116132e-05  -4.629749e-04  -8.479925e-04  7.918519e-03  2.366218e-02  7.828531e-03  7.915127e-03  -3.313808e-04  3.592162e-09  3.589882e-09  4.632517e-12  -2.360420e-11  0.000000e+00  0.000000e+00  0.000000e+00
 -0.013601  -0.064981  0.248831  1.812576e+00  -7.065800e-04  1.914076e-01  -1.756901e-06  -5.348790e-06  1.446234e-05  7.588961e-05  -6.872309e-05  -4.757685e-04  -7.868733e-04  8.026793e-03  2.452609e-02  8.052851e-03  8.446450e-03  -3.635086e-04  3.701662e-09  3.699306e-09  4.786838e-12  -2.771578e-11  0.000000e+00  0.000000e+00  0.000000e+00
 -0.014013  -0.066949  0.256369  1.848094e+00  -7.110705e-04  1.952998e-01  -1.959955e-06  -5.723810e-06  1.535972e-05  7.851028e-05  -7.319003e-05  -4.931102e-04  -7.265017e-04  7.389578e-03  2.339199e-02  8.117817e-03  7.884598e-03  -3.236246e-04  3.809886e-09  3.807381e-09  5.008882e-12  -3.261407e-11  0.000000e+00  0.000000e+00  0.000000e+00
 -0.014424  -0.068916  0.263907  1.884483e+00  -7.151079e-04  1.990893e-01  -1.832190e-06  -6.078195e-06  1.615072e-05  8.113438e-05  -7.954553e-05  -5.093582e-04  -6.710744e-04  7.011570e-03  2.306796e-02  8.367779e-03  7.688609e-03  -6.016813e-04  3.918662e-09  3.916015e-09  5.218936e-12  -3.739165e-11  0.000000e+00  0.000000e+00  0.000000e+00
 -0.014836  -0.070883  0.271445  1.921767e+00  -7.187152e-04  2.027771e-01  -1.438018e-06  -6.776445e-06  1.673709e-05  8.389758e-05  -8.209838e-05  -5.246120e-04  -6.182322e-04  7.832592e-03  2.461689e-02  8.767743e-03  8.016559e-03  -3.576712e-04  4.028164e-09  4.025410e-09  5.389911e-12  -4.171394e-11  0.000000e+00  0.000000e+00  0.000000e+00
 -0.015248  -0.072849  0.278984  1.959975e+00  -7.218423e-04  2.063639e-01  -9.768294e-07  -7.215512e-06  1.711390e-05  8.668098e-05  -8.176715e-05  -5.383643e-04  -5.582046e-04  8.289524e-03  2.526907e-02  8.861831e-03  8.117717e-03  -4.154027e-04  4.138108e-09  4.135233e-09  5.569101e-12  -4.614704e-11  0.000000e+00  0.000000e+00  0.000000e+00
 -0.015659  -0.074816  0.286522  1.999133e+00  -7.244619e-04  2.098506e-01  -4.942914e-07  -7.754163e-06  1.729455e-05  8.951492e-05  -8.758673e-05  -5.548946e-04  -4.956007e-04  7.011949e-03  2.293950e-02  8.611322e-03  7.316230e-03  -4.772496e-04  4.247276e-09  4.244230e-09  5.791811e-12  -5.107514e-11  0.000000e+00  0.000000e+00  0.000000e+00
 -0.016071  -0.076783  0.294059  2.039269e+00  -7.266518e-04  2.132380e-01  3.914741e-07  -8.406899e-06  1.715881e-05  9.243005e-05  -9.282911e-05  -5.688344e-04  -4.426113e-04  7.011009e-03  2.231646e-02  8.360597e-03  6.944859e-03  -4.670748e-04  4.356631e-09  4.353439e-09  5.981660e-12  -5.563141e-11  0.000000e+00  0.000000e+00  0.000000e+00
 -0.016483  -0.078749  0.301597  2.080414e+00  -7.284120e-04  2.165270e-01  1.411311e-06  -9.079750e-06  1.669387e-05  9.542126e-05  -9.450757e-05  -5.829048e-04  -3.894467e-04  7.688566e-03  2.300938e-02  8.097382e-03  7.223433e-03  -4.734490e-04  4.466148e-09  4.462834e-09  6.142198e-12  -5.982022e-11  0.000000e+00  0.000000e+00  0.000000e+00
 -0.016894  -0.080716  0.309135  2.122597e+00  -7.297014e-04  2.197183e-01  2.073517e-06  -9.797178e-06  1.604405e-05  9.849158e-05  -9.405838e-05  -5.998854e-04  -3.314707e-04  8.191997e-03  2.344671e-02  7.794496e-03  7.460214e-03  -4.992813e-04  4.575669e-09  4.572209e-09  6.318501e-12  -6.421097e-11  0.000000e+00  0.000000e+00  0.000000e+00
 -0.017306  -0.082682  0.316673  2.165852e+00  -7.304894e-04  2.228129e-01  2.339608e-06  -1.059202e-05  1.534572e-05  1.016531e-04  -9.907354e-05  -6.150457e-04  -2.692591e-04  7.009608e-03  2.160044e-02  7.602971e-03  6.987865e-03  -5.225130e-04  4.685591e-09  4.681923e-09  6.549650e-12  -6.924888e-11  0.000000e+00  0.000000e+00  0.000000e+00
 -0.017718  -0.084649  0.324211  2.210209e+00  -7.308480e-04  2.258115e-01  2.853397e-06  -1.146490e-05  1.453359e-05  1.049162e-04  -1.036276e-04  -6.280884e-04  -2.160265e-04  7.007081e-03  2.124684e-02  7.471608e-03  6.768152e-03  -3.441956e-04  4.795268e-09  4.791411e-09  6.754819e-12  -7.398725e-11  0.000000e+00  0.000000e+00  0.000000e+00
 -0.018129  -0.086615  0.331749  2.255703e+00  -7.307770e-04  2.287149e-01  3.469267e-06  -1.206757e-05  1.359100e-05  1.081950e-04  -1.047039e-04  -6.415496e-04  -1.626898e-04  7.632936e-03  2.205019e-02  7.194947e-03  7.222311e-03  -5.529808e-04  4.904775e-09  4.900743e-09  6.935563e-12  -7.843100e-11  0.000000e+00  0.000000e+00  0.000000e+00
 -0.018541  -0.088581  0.339287  2.302371e+00  -7.302382e-04  2.315240e-01  3.444185e-06  -1.308134e-05  1.269676e-05  1.115914e-04  -1.488717e-04  -6.472568e-04  -1.048612e-04  8.268044e-03  2.414150e-02  8.738445e-03  7.135008e-03  -4.137191e-04  5.014055e-09  5.009818e-09  7.139400e-12  -8.314730e-11  0.000000e+00  0.000000e+00  0.000000e+00
 -0.018952  -0.090547  0.346825  2.350247e+00  -7.291956e-04  2.342396e-01  4.981463e-06  -1.387466e-05  1.145955e-05  1.150373e-04  -1.538890e-04  -6.608614e-04  -4.191241e-05  7.052778e-03  1.743757e-02  3.419834e-03  6.964956e-03  -1.165130e-04  5.122939e-09  5.118649e-09  7.181367e-12  -8.101222e-11  0.000000e+00  0.000000e+00  0.000000e+00
 -0.019364  -0.092513  0.354364  2.399369e+00  -7.277237e-04  2.368626e-01  1.430085e-06  -1.410816e-05  1.111946e-05  1.183924e-04  -1.621980e-04  -6.778927e-04  1.010419e-05  7.042863e-03  1.932258e-02  5.062906e-03  7.216815e-03  -4.337352e-04  5.231085e-09  5.226717e-09  7.237766e-12  -7.854013e-11  0.000000e+00  0.000000e+00  0.000000e+00
 -0.019775  -0.094479  0.361902  2.449777e+00  -7.258225e-04  2.393938e-01  -8.223621e-07  -1.501541e-05  1.130689e-05  1.218146e-04  -1.688283e-04  -6.886647e-04  6.380252e-05  8.259707e-03  2.598205e-02  9.818145e-03  7.904198e-03  -8.219053e-04  5.340700e-09  5.336206e-09  7.334133e-12  -7.529385e-11  0.000000e+00  0.000000e+00  0.000000e+00
 -0.020187  -0.096445  0.369440  2.501512e+00  -7.234177e-04  2.418339e-01  1.265136e-06  -1.680839e-05  1.103030e-05  1.254892e-04  -1.661333e-04  -7.032374e-04  1.268590e-04  7.690651e-03  2.354076e-02  8.405183e-03  7.444925e-03  -4.146153e-04  5.449615e-09  5.444937e-09  7.476242e-12  -7.136202e-11  0.000000e+00  0.000000e+00  0.000000e+00
 -0.020598  -0.098411  0.376978  2.554614e+00  -7.205445e-04  2.441837e-01  2.356533e-06  -1.775102e-05  1.053569e-05  1.292150e-04  -1.690652e-04  -7.167674e-04  1.852575e-04  7.052580e-03  1.875833e-02  4.631440e-03  7.074312e-03  -2.721374e-04  5.557515e-09  5.552701e-09  7.559953e-12  -6.835856e-11  0.000000e+00  0.000000e+00  0.000000e+00
 -0.021010  -0.100377  0.384516  2.609129e+00  -7.172423e-04  2.464442e-01  -5.342679e-07  -1.839530e-05  1.064344e-05  1.329247e-04  -1.770055e-04  -7.349504e-04  2.369767e-04  7.040378e-03  1.936711e-02  5.044198e-03  7.282530e-03  -3.262955e-04  5.664894e-09  5.659932e-09  7.644552e-12  -6.534673e-11  0.000000e+00  0.000000e+00  0.000000e+00
 -0.021421  -0.102343  0.392055  2.665101e+00  -7.135110e-04  2.486162e-01  -3.289971e-06  -1.919898e-05  1.128144e-05  1.366478e-04  -1.828277e-04  -7.448470e-04  2.909203e-04  8.204209e-03  2.515672e-02  9.070078e-03  7.882430e-03  -6.827587e-04  5.774097e-09  5.768934e-09  7.770007e-12  -6.165085e-11  0.000000e+00  0.000000e+00  0.000000e+00
 -0.021833  -0.104308  0.399593  2.722579e+00  -7.092796e-04  2.507004e-01  -1.770009e-06  -2.094692e-05  1.161174e-05  1.405568e-04  -1.804692e-04  -7.582872e-04  3.537944e-04  7.744557e-03  2.337468e-02  8.062292e-03  7.567836e-03  -4.010580e-04  5.882261e-09  5.876844e-09  7.938983e-12  -5.737855e-11  0.000000e+00  0.000000e+00  0.000000e+00
 -0.022244  -0.106274  0.407132  2.781609e+00  -7.045767e-04  2.526977e-01  -1.112654e-06  -2.201370e-05  1.181170e-05  1.445129e-04  -1.819215e-04  -7.727887e-04  4.124390e-04  7.050556e-03  1.958206e-02  5.458457e-03  7.073043e-03  -3.801030e-04  5.989110e-09  5.983483e-09  8.049561e-12  -5.394703e-11  0.000000e+00  0.000000e+00  0.000000e+00
 -0.022656  -0.108239  0.414670  2.842242e+00  -6.994450e-04  2.546089e-01  -3.340990e-06  -2.306329e-05  1.239031e-05  1.485071e-04  -1.891964e-04  -7.903081e-04  4.643427e-04  7.041318e-03  1.988018e-02  5.598802e-03  7.240058e-03  -4.691634e-04  6.095609e-09  6.089774e-09  8.144596e-12  -5.077028e-11  0.000000e+00  0.000000e+00  0.000000e+00
 -0.023067  -0.110205  0.422209  2.904533e+00  -6.938843e-04  2.564348e-01  -5.690793e-06  -2.440713e-05  1.334071e-05  1.525833e-04  -1.947505e-04  -8.010983e-04  5.180592e-04  8.148359e-03  2.435202e-02  8.420480e-03  7.783185e-03  -5.731062e-04  6.203663e-09  6.197570e-09  8.276491e-12  -4.699901e-11  0.000000e+00  0.000000e+00  0.000000e+00
 -0.023478  -0.112170  0.429748  2.968534e+00  -6.878273e-04  2.581763e-01  -4.745066e-06  -2.610885e-05  1.410541e-05  1.567909e-04  -1.927096e-04  -8.135417e-04  5.807156e-04  7.798540e-03  2.310604e-02  7.727032e-03  7.580473e-03  -3.859060e-04  6.310957e-09  6.304556e-09  8.447465e-12  -4.272123e-11  0.000000e+00  0.000000e+00  0.000000e+00
 -0.023890  -0.114136  0.437287  3.034304e+00  -6.812954e-04  2.598341e-01  -4.519830e-06  -2.729623e-05  1.480872e-05  1.610383e-04  -1.929295e-04  -8.288922e-04  6.396267e-04  7.049648e-03  2.007457e-02  6.025309e-03  6.999614e-03  -4.467829e-04  6.416687e-09  6.410016e-09  8.564927e-12  -3.920264e-11  0.000000e+00  0.000000e+00  0.000000e+00
 -0.024301  -0.116101  0.444826  3.101899e+00  -6.743349e-04  2.614091e-01  -6.071058e-06  -2.871952e-05  1.572143e-05  1.653560e-04  -2.022526e-04  -8.452468e-04  6.917064e-04  7.044578e-03  2.055822e-02  6.086340e-03  7.427300e-03  -5.700027e-04  6.522215e-09  6.515288e-09  8.653078e-12  -3.615608e-11  0.000000e+00  0.000000e+00  0.000000e+00
 -0.024712  -0.118066  0.452365  3.171383e+00  -6.669457e-04  2.629021e-01  -8.280274e-06  -3.059832e-05  1.692483e-05  1.698029e-04  -2.110355e-04  -8.567808e-04  7.450573e-04  8.183981e-03  2.434575e-02  7.877359e-03  8.284416e-03  -4.149015e-04  6.629081e-09  6.621822e-09  8.802958e-12  -3.216115e-11  0.000000e+00  0.000000e+00  0.000000e+00
 -0.025124  -0.120031  0.459904  3.242819e+00  -6.590582e-04  2.643140e-01  -8.974005e-06  -3.201293e-05  1.818634e-05  1.743031e-04  -2.120091e-04  -8.682575e-04  8.080677e-04  8.139277e-03  2.394352e-02  7.421649e-03  8.382594e-03  -2.800509e-04  6.735703e-09  6.728014e-09  9.037437e-12  -2.717021e-11  0.000000e+00  0.000000e+00  0.000000e+00
 -0.025535  -0.121997  0.467444  3.316272e+00  -6.506755e-04  2.656454e-01  -1.066642e-05  -3.300022e-05  1.963747e-05  1.787927e-04  -2.123662e-04  -8.859010e-04  8.690873e-04  7.052206e-03  2.134643e-02  6.706287e-03  7.587935e-03  -4.435052e-04  6.840672e-09  6.832557e-09  9.251266e-12  -2.244109e-11  0.000000e+00  0.000000e+00  0.000000e+00
 -0.025946  -0.123962  0.474983  3.391812e+00  -6.418642e-04  2.668973e-01  -1.227058e-05  -3.461489e-05  2.125390e-05  1.833526e-04  -2.196044e-04  -9.030891e-04  9.210582e-04  7.045940e-03  2.168328e-02  7.091384e-03  7.545952e-03  -6.680415e-04  6.945958e-09  6.937445e-09  9.420686e-12  -1.822584e-11  0.000000e+00  0.000000e+00  0.000000e+00
 -0.026358  -0.125927  0.482523  3.469510e+00  -6.326246e-04  2.680705e-01  -1.312480e-05  -3.712559e-05  2.292891e-05  1.880906e-04  -2.260170e-04  -9.172110e-04  9.738441e-04  8.042912e-03  2.435817e-02  8.448551e-03  7.866705e-03  -3.892791e-04  7.052700e-09  7.043723e-09  9.638734e-12  -1.340932e-11  0.000000e+00  0.000000e+00  0.000000e+00
 -0.026769  -0.127892  0.490063  3.549440e+00  -6.228953e-04  2.691657e-01  -1.199747e-05  -3.863607e-05  2.441300e-05  1.928699e-04  -2.255848e-04  -9.292500e-04  1.035626e-03  7.910328e-03  2.412498e-02  8.532968e-03  7.681681e-03  -3.457974e-04  7.159853e-09  7.150345e-09  9.909185e-12  -8.039614e-12  0.000000e+00  0.000000e+00  0.000000e+00
 -0.027180  -0.129857  0.497603  3.631681e+00  -6.126849e-04  2.701838e-01  -1.029589e-05  -4.002034e-05  2.564806e-05  1.976706e-04  -2.248702e-04  -9.472378e-04  1.094754e-03  7.049347e-03  2.232387e-02  8.390839e-03  6.883684e-03  -5.575600e-04  7.265512e-09  7.255500e-09  1.013500e-11  -3.169190e-12  0.000000e+00  0.000000e+00  0.000000e+00
 -0.027592  -0.131822  0.505143  3.716311e+00  -6.020462e-04  2.711257e-01  -7.189495e-06  -4.232066e-05  2.648477e-05  2.025959e-04  -2.315426e-04  -9.635574e-04  1.146954e-03  7.148651e-03  2.265041e-02  8.644117e-03  6.857645e-03  -8.056954e-04  7.371669e-09  7.361195e-09  1.029998e-11  1.010525e-12  0.000000e+00  0.000000e+00  0.000000e+00
 -0.028003  -0.133787  0.512684  3.803417e+00  -5.909730e-04  2.719921e-01  -3.394751e-06  -4.574558e-05  2.686825e-05  2.077634e-04  -2.377933e-04  -9.784814e-04  1.200363e-03  8.130573e-03  2.442843e-02  9.023465e-03  7.274395e-03  -3.832084e-04  7.478964e-09  7.467968e-09  1.050848e-11  5.725733e-12  0.000000e+00  0.000000e+00  0.000000e+00
 -0.028414  -0.135752  0.520224  3.893085e+00  -5.794049e-04  2.727838e-01  4.324603e-07  -4.742470e-05  2.682081e-05  2.129655e-04  -2.375460e-04  -9.898321e-04  1.263017e-03  7.963555e-03  2.382890e-02  8.574727e-03  7.290619e-03  -3.577465e-04  7.586853e-09  7.575272e-09  1.076250e-11  1.094760e-11  0.000000e+00  0.000000e+00  0.000000e+00
 -0.028825  -0.137717  0.527765  3.985405e+00  -5.673524e-04  2.735017e-01  3.325679e-06  -4.903896e-05  2.646642e-05  2.181912e-04  -2.359252e-04  -1.008168e-03  1.322526e-03  7.048546e-03  2.187311e-02  8.219969e-03  6.604600e-03  -5.819356e-04  7.692983e-09  7.680836e-09  1.097789e-11  1.571565e-11  0.000000e+00  0.000000e+00  0.000000e+00
 -0.029237  -0.139682  0.535306  4.080472e+00  -5.548719e-04  2.741466e-01  7.071698e-06  -5.174021e-05  2.573404e-05  2.235497e-04  -2.420470e-04  -1.023468e-03  1.375010e-03  7.046718e-03  2.161939e-02  7.884911e-03  6.687766e-03  -7.109492e-04  7.799623e-09  7.786961e-09  1.112266e-11  1.963750e-11  0.000000e+00  0.000000e+00  0.000000e+00
 -0.029648  -0.141646  0.542848  4.178386e+00  -5.419631e-04  2.747193e-01  9.928017e-06  -5.513495e-05  2.473438e-05  2.291013e-04  -2.478676e-04  -1.037796e-03  1.427758e-03  7.937408e-03  2.278018e-02  7.740566e-03  7.102202e-03  -4.205323e-04  7.907031e-09  7.893798e-09  1.130362e-11  2.403374e-11  0.000000e+00  0.000000e+00  0.000000e+00
 -0.030059  -0.143611  0.550389  4.279250e+00  -5.285715e-04  2.752207e-01  1.149467e-05  -5.720123e-05  2.360863e-05  2.347034e-04  -2.488461e-04  -1.050358e-03  1.488443e-03  8.018925e-03  2.271041e-02  7.461889e-03  7.229591e-03  -4.141080e-04  8.014875e-09  8.001014e-09  1.152300e-11  2.888434e-11  0.000000e+00  0.000000e+00  0.000000e+00
 -0.030470  -0.145576  0.557931  4.383170e+00  -5.146925e-04  2.756515e-01  1.208115e-05  -5.929308e-05  2.245738e-05  2.403536e-04  -2.489398e-04  -1.067727e-03  1.548542e-03  7.050120e-03  2.099641e-02  7.187746e-03  6.758547e-03  -5.440200e-04  8.121588e-09  8.107101e-09  1.171951e-11  3.344996e-11  0.000000e+00  0.000000e+00  0.000000e+00
 -0.030881  -0.147541  0.565473  4.490259e+00  -5.003855e-04  2.760126e-01  1.319416e-05  -6.211620e-05  2.123355e-05  2.461152e-04  -2.572613e-04  -1.081850e-03  1.601208e-03  7.048130e-03  2.105720e-02  6.955417e-03  7.053655e-03  -5.870226e-04  8.228608e-09  8.213519e-09  1.187095e-11  3.746473e-11  0.000000e+00  0.000000e+00  0.000000e+00
 -0.031292  -0.149506  0.573015  4.600633e+00  -4.856503e-04  2.763048e-01  1.293338e-05  -6.524535e-05  2.006544e-05  2.520080e-04  -2.650803e-04  -1.094418e-03  1.654300e-03  7.887442e-03  2.255216e-02  7.015390e-03  7.649330e-03  -4.334474e-04  8.336200e-09  8.320419e-09  1.209277e-11  4.233643e-11  0.000000e+00  0.000000e+00  0.000000e+00
 -0.031704  -0.151470  0.580557  4.714414e+00  -4.704356e-04  2.765289e-01  1.120109e-05  -6.761909e-05  1.908003e-05  2.579568e-04  -2.685141e-04  -1.107658e-03  1.714238e-03  8.072698e-03  2.304768e-02  6.999903e-03  7.975083e-03  -4.158020e-04  8.443836e-09  8.427260e-09  1.239586e-11  4.802659e-11  0.000000e+00  0.000000e+00  0.000000e+00
 -0.032115  -0.153435  0.588100  4.831729e+00  -4.547305e-04  2.766857e-01  8.465147e-06  -6.995692e-05  1.835438e-05  2.639536e-04  -2.673010e-04  -1.123671e-03  1.775176e-03  7.051323e-03  2.149255e-02  7.000774e-03  7.440457e-03  -4.802247e-04  8.550806e-09  8.533402e-09  1.271028e-11  5.380274e-11  0.000000e+00  0.000000e+00  0.000000e+00
 -0.032526  -0.155400  0.595643  4.952711e+00  -4.385973e-04  2.767761e-01  7.199513e-06  -7.272715e-05  1.775283e-05  2.700303e-04  -2.747447e-04  -1.136434e-03  1.828231e-03  7.050482e-03  2.171655e-02  6.996307e-03  7.669759e-03  -4.713950e-04  8.657492e-09  8.639310e-09  1.295142e-11  5.885518e-11  0.000000e+00  0.000000e+00  0.000000e+00
 -0.032937  -0.157364  0.603186  5.077497e+00  -4.220361e-04  2.768008e-01  5.210507e-06  -7.551698e-05  1.732834e-05  2.761825e-04  -2.819756e-04  -1.148513e-03  1.881473e-03  7.838220e-03  2.303176e-02  6.993192e-03  8.200351e-03  -4.391067e-04  8.764260e-09  8.745201e-09  1.326939e-11  6.465799e-11  0.000000e+00  0.000000e+00  0.000000e+00
 -0.033348  -0.159329  0.610729  5.206233e+00  -4.049989e-04  2.767607e-01  1.553750e-06  -7.818254e-05  1.720488e-05  2.823948e-04  -2.858363e-04  -1.163379e-03  1.940533e-03  8.492048e-03  2.399673e-02  6.976269e-03  8.528410e-03  -4.113473e-04  8.870881e-09  8.850837e-09  1.367351e-11  7.119290e-11  0.000000e+00  0.000000e+00  0.000000e+00
 -0.033759  -0.161294  0.618273  5.339069e+00  -3.874457e-04  2.766565e-01  -3.266850e-06  -8.074303e-05  1.745814e-05  2.886543e-04  -2.829714e-04  -1.179875e-03  2.004795e-03  7.059375e-03  2.180168e-02  6.991205e-03  7.751101e-03  -4.378329e-04  8.977439e-09  8.956372e-09  1.409250e-11  7.784281e-11  0.000000e+00  0.000000e+00  0.000000e+00
 -0.034171  -0.163258  0.625817  5.476165e+00  -3.694641e-04  2.764892e-01  -5.685933e-06  -8.353606e-05  1.788832e-05  2.949744e-04  -2.872350e-04  -1.192539e-03  2.058086e-03  7.051395e-03  2.164489e-02  6.997901e-03  7.595596e-03  -4.051114e-04  9.083446e-09  9.061445e-09  1.439582e-11  8.348900e-11  0.000000e+00  0.000000e+00  0.000000e+00
 -0.034582  -0.165223  0.633361  5.617688e+00  -3.510547e-04  2.762593e-01  -7.635657e-06  -8.618453e-05  1.845228e-05  3.013399e-04  -2.922946e-04  -1.204505e-03  2.111459e-03  7.787263e-03  2.254718e-02  6.941250e-03  7.818667e-03  -4.917256e-04  9.189237e-09  9.166251e-09  1.472689e-11  8.938095e-11  0.000000e+00  0.000000e+00  0.000000e+00
 -0.034993  -0.167188  0.640906  5.763808e+00  -3.321726e-04  2.759679e-01  -1.056732e-05  -8.947619e-05  1.921443e-05  3.077932e-04  -2.949328e-04  -1.221152e-03  2.169678e-03  8.181795e-03  2.300644e-02  6.916770e-03  7.907874e-03  -4.831368e-04  9.294664e-09  9.270624e-09  1.510481e-11  9.566014e-11  0.000000e+00  0.000000e+00  0.000000e+00
