 0.000000  0.000000  0.000000  1.002251e+00  -7.615201e-04  0.000000e+00  0.000000e+00  0.000000e+00  0.000000e+00  0.000000e+00  3.804658e-05  3.804658e-05  4.366078e-05  1.080909e-02  3.065702e-02  1.010800e-02  9.739925e-03  4.111884e-05  -1.110223e-16  -1.110223e-16  0.000000e+00  0.000000e+00  0.000000e+00  0.000000e+00  0.000000e+00
 -0.001363  -0.003543  0.006814  1.019167e+00  -7.611542e-04  7.735885e-03  0.000000e+00  0.000000e+00  0.000000e+00  0.000000e+00  -2.623076e-05  -2.623076e-05  2.401199e-05  5.274191e-03  2.018767e-02  7.948612e-03  6.964871e-03  -1.401530e-03  1.119327e-12  1.003198e-12  1.161293e-13  3.414501e-13  0.000000e+00  0.000000e+00  0.000000e+00
 -0.002726  -0.007087  0.013629  1.036450e+00  -7.604047e-04  1.534222e-02  4.662364e-10  -1.328489e-09  -1.064183e-07  3.032271e-07  -4.920324e-05  -4.920324e-05  6.133476e-05  5.757197e-03  1.861794e-02  6.835063e-03  6.025679e-03  -1.084450e-03  1.252776e-12  1.081357e-12  1.716405e-13  4.071929e-13  0.000000e+00  0.000000e+00  0.000000e+00
 -0.004089  -0.010630  0.020443  1.054090e+00  -7.592521e-04  2.281993e-02  2.000650e-09  -5.440241e-09  -2.708113e-07  7.502506e-07  -4.065758e-20  -6.560726e-05  1.310961e-04  8.460409e-03  2.315015e-02  8.749824e-03  5.939918e-03  1.625983e-04  1.608047e-12  1.242118e-12  3.661516e-13  5.839930e-13  0.000000e+00  0.000000e+00  0.000000e+00
 -0.005451  -0.014174  0.027258  1.072088e+00  -7.575761e-04  3.017005e-02  1.398638e-08  -4.053132e-09  -8.571669e-07  9.201714e-07  -6.098637e-20  -9.246218e-05  1.933999e-04  6.136737e-03  1.879535e-02  5.594156e-03  7.064452e-03  -1.609085e-03  1.769029e-12  1.267875e-12  5.011547e-13  6.431013e-13  0.000000e+00  0.000000e+00  0.000000e+00
 -0.006814  -0.017717  0.034072  1.090457e+00  -7.555168e-04  3.739350e-02  2.836893e-09  -2.845727e-08  -9.291132e-07  1.641876e-06  -6.776264e-20  -1.104422e-04  2.396995e-04  7.839093e-03  2.129533e-02  7.128554e-03  6.327679e-03  -1.616820e-04  2.122524e-12  1.353584e-12  7.693846e-13  7.945446e-13  0.000000e+00  0.000000e+00  0.000000e+00
 -0.008177  -0.021261  0.040886  1.109212e+00  -7.529445e-04  4.449110e-02  1.232641e-08  -3.228902e-08  -1.138380e-06  2.190051e-06  -5.382824e-05  -1.514798e-04  2.845895e-04  6.091289e-03  1.737185e-02  6.119664e-03  5.160895e-03  -1.691659e-04  2.677414e-12  1.525891e-12  1.151967e-12  1.051316e-12  0.000000e+00  0.000000e+00  0.000000e+00
 -0.009540  -0.024805  0.047701  1.128369e+00  -7.499822e-04  5.146360e-02  2.868573e-08  -3.806220e-08  -1.487061e-06  2.652704e-06  -5.346199e-05  -1.798456e-04  3.277397e-04  8.285972e-03  2.652240e-02  1.029106e-02  7.945367e-03  -2.055595e-03  2.682521e-12  1.526557e-12  1.155964e-12  1.049395e-12  0.000000e+00  0.000000e+00  0.000000e+00
 -0.010903  -0.028348  0.054516  1.147945e+00  -7.464945e-04  5.831168e-02  8.316377e-08  -1.335434e-07  -2.246335e-06  3.871937e-06  -7.040012e-05  -2.099340e-04  3.855792e-04  6.105643e-03  2.201901e-02  9.315734e-03  6.597631e-03  -1.341701e-03  2.738476e-12  1.530331e-12  1.208145e-12  1.035474e-12  0.000000e+00  0.000000e+00  0.000000e+00
 -0.012266  -0.031892  0.061330  1.167949e+00  -7.426188e-04  6.503612e-02  1.656179e-07  -2.149455e-07  -3.423546e-06  5.399768e-06  -6.891162e-05  -2.389687e-04  4.284313e-04  9.702282e-03  2.602243e-02  8.010142e-03  8.310008e-03  -1.795336e-03  2.768896e-12  1.538103e-12  1.230793e-12  1.022297e-12  0.000000e+00  0.000000e+00  0.000000e+00
 -0.013629  -0.035435  0.068145  1.188392e+00  -7.381251e-04  7.163774e-02  1.541076e-07  -3.528062e-07  -4.300466e-06  7.407344e-06  -9.088619e-05  -2.713847e-04  4.973562e-04  5.637244e-03  1.974790e-02  6.907742e-03  7.202920e-03  -1.868634e-03  2.896350e-12  1.553424e-12  1.343148e-12  9.809132e-13  0.000000e+00  0.000000e+00  0.000000e+00
 -0.014992  -0.038979  0.074959  1.209283e+00  -7.332716e-04  7.811740e-02  1.401189e-07  -5.299596e-07  -4.953144e-06  9.875911e-06  -9.526220e-05  -2.916797e-04  5.389492e-04  7.660717e-03  2.089556e-02  6.450469e-03  6.784379e-03  -2.042102e-03  2.949418e-12  1.567857e-12  1.381784e-12  9.572477e-13  0.000000e+00  0.000000e+00  0.000000e+00
 -0.016355  -0.042523  0.081774  1.230633e+00  -7.279447e-04  8.447598e-02  1.209700e-07  -7.642221e-07  -5.422886e-06  1.284349e-05  -1.035014e-04  -3.160535e-04  5.925229e-04  6.621202e-03  1.567413e-02  3.338255e-03  5.714674e-03  -6.703610e-04  3.017364e-12  1.574740e-12  1.442402e-12  9.365361e-13  0.000000e+00  0.000000e+00  0.000000e+00
 -0.017718  -0.046066  0.088589  1.252452e+00  -7.222092e-04  9.071436e-02  -4.124167e-08  -8.557559e-07  -5.287339e-06  1.565607e-05  -1.076851e-04  -3.422718e-04  6.380837e-04  8.378758e-03  2.445655e-02  7.920389e-03  8.157398e-03  -2.444218e-03  3.087308e-12  1.575629e-12  1.511680e-12  9.292653e-13  0.000000e+00  0.000000e+00  0.000000e+00
 -0.019081  -0.049610  0.095404  1.274754e+00  -7.159584e-04  9.683332e-02  -6.023012e-08  -1.247403e-06  -5.117625e-06  1.917095e-05  -1.217541e-04  -3.725071e-04  6.950736e-04  6.047865e-03  1.991286e-02  7.131723e-03  6.733273e-03  -1.503171e-03  3.210543e-12  1.576961e-12  1.633582e-12  9.168944e-13  0.000000e+00  0.000000e+00  0.000000e+00
 0.000000  0.000000  0.000000  1.000862e+00  -2.992480e-04  0.000000e+00  0.000000e+00  0.000000e+00  0.000000e+00  0.000000e+00  3.511850e-05  3.511673e-05  -2.383181e-03  9.951581e-03  2.856863e-02  9.627166e-03  8.989885e-03  1.312875e-03  0.000000e+00  -1.110223e-16  0.000000e+00  2.775558e-17  0.000000e+00  0.000000e+00  0.000000e+00
 -0.000413  -0.001971  0.007544  1.017828e+00  -3.178659e-04  7.742759e-03  0.000000e+00  0.000000e+00  0.000000e+00  0.000000e+00  0.000000e+00  0.000000e+00  -2.383048e-03  -3.629038e-03  1.707486e-01  7.746471e-02  9.691293e-02  -4.718634e-02  8.069323e-11  8.051315e-11  1.800782e-13  -3.808319e-12  0.000000e+00  0.000000e+00  0.000000e+00
 -0.000825  -0.003943  0.015087  1.035165e+00  -3.360964e-04  1.535522e-02  -9.249769e-09  -4.488460e-08  2.107625e-06  1.022728e-05  0.000000e+00  0.000000e+00  -2.333598e-03  -9.815720e-03  9.428608e-02  4.617605e-02  5.792575e-02  -1.653296e-02  1.728249e-10  1.726506e-10  1.800782e-13  -3.808200e-12  0.000000e+00  0.000000e+00  0.000000e+00
 -0.001238  -0.005914  0.022630  1.052860e+00  -3.538966e-04  2.283831e-02  -3.159875e-08  -1.077776e-07  4.699826e-06  1.906880e-05  -4.065758e-20  -6.881833e-05  -2.513518e-03  8.696779e-03  2.569274e-02  1.105676e-02  5.939198e-03  1.843153e-03  2.611529e-10  2.609908e-10  1.803002e-13  -3.808038e-12  0.000000e+00  0.000000e+00  0.000000e+00
 -0.001650  -0.007884  0.030173  1.070922e+00  -3.711542e-04  3.019311e-02  -9.697523e-09  -9.199525e-08  5.105743e-06  2.291953e-05  -6.098637e-20  -9.884828e-05  -2.449978e-03  6.164387e-03  2.025559e-02  7.239392e-03  6.851811e-03  -9.226304e-04  3.852598e-10  3.850691e-10  2.287059e-13  -6.259846e-12  0.000000e+00  0.000000e+00  0.000000e+00
 -0.002063  -0.009855  0.037715  1.089358e+00  -3.880248e-04  3.742055e-02  -6.748772e-09  -1.060241e-07  5.276645e-06  2.560442e-05  -7.453890e-20  -1.182237e-04  -2.403871e-03  -6.320421e-02  -5.196652e-02  5.087125e-03  6.150567e-03  -5.995150e-04  5.136043e-10  5.133418e-10  3.286260e-13  -9.840466e-12  0.000000e+00  0.000000e+00  0.000000e+00
 -0.002475  -0.011826  0.045258  1.108183e+00  -4.089100e-04  4.452149e-02  -1.938523e-08  -1.202646e-07  5.605290e-06  2.764330e-05  -5.082198e-21  4.301901e-05  -2.792204e-03  6.855628e-02  6.308305e-02  -2.320156e-03  -3.153070e-03  3.523994e-04  6.442495e-10  6.438809e-10  4.716227e-13  -1.416036e-11  0.000000e+00  0.000000e+00  0.000000e+00
 -0.002888  -0.013796  0.052800  1.127429e+00  -4.256016e-04  5.149663e-02  -5.133501e-09  -1.081962e-07  5.667606e-06  2.895671e-05  1.355253e-20  -1.232050e-04  -2.280136e-03  8.693987e-03  2.570114e-02  9.340820e-03  7.666334e-03  -1.008364e-03  7.567322e-10  7.563994e-10  4.904965e-13  -1.270029e-11  0.000000e+00  0.000000e+00  0.000000e+00
 -0.003300  -0.015767  0.060342  1.147079e+00  -4.417599e-04  5.834672e-02  3.385506e-08  -1.551457e-07  5.358897e-06  3.037142e-05  2.710505e-20  -1.427479e-04  -2.214616e-03  6.792825e-03  2.077323e-02  6.839732e-03  7.140674e-03  -4.965780e-04  8.778160e-10  8.773793e-10  6.457057e-13  -1.703384e-11  0.000000e+00  0.000000e+00  0.000000e+00
 -0.003712  -0.017737  0.067883  1.167161e+00  -4.574984e-04  6.507255e-02  2.470210e-08  -1.853345e-07  5.183518e-06  3.168725e-05  2.710505e-20  -1.608947e-04  -2.163908e-03  6.789670e-03  2.052401e-02  7.059221e-03  6.675114e-03  -1.363657e-04  9.994758e-10  9.988881e-10  8.542056e-13  -2.206554e-11  0.000000e+00  0.000000e+00  0.000000e+00
 -0.004125  -0.019707  0.075425  1.187685e+00  -4.728171e-04  7.167498e-02  3.948040e-08  -1.958169e-07  4.959104e-06  3.280031e-05  2.710505e-20  -1.775490e-04  -2.112763e-03  8.387345e-03  2.245619e-02  6.817653e-03  7.251193e-03  -5.569807e-04  1.122580e-09  1.121791e-09  1.118883e-12  -2.776908e-11  0.000000e+00  0.000000e+00  0.000000e+00
 -0.004537  -0.021677  0.082966  1.208660e+00  -4.876174e-04  7.815486e-02  1.888568e-08  -2.487156e-07  4.871222e-06  3.395768e-05  2.710505e-20  -1.997242e-04  -2.050053e-03  -5.098346e-02  -3.707792e-02  6.274601e-03  7.630946e-03  -8.766370e-04  1.246608e-09  1.245567e-09  1.441069e-12  -3.408502e-11  0.000000e+00  0.000000e+00  0.000000e+00
 -0.004949  -0.023646  0.090507  1.230097e+00  -5.055372e-04  8.451309e-02  -5.905757e-08  -3.494522e-07  5.100340e-06  3.531340e-05  -2.780694e-05  -6.624446e-05  -2.390437e-03  6.192440e-02  7.244546e-02  6.716291e-03  3.804773e-03  -1.123918e-03  1.372375e-09  1.371001e-09  1.848743e-12  -4.123698e-11  0.000000e+00  0.000000e+00  0.000000e+00
 -0.005361  -0.025616  0.098048  1.252023e+00  -5.196758e-04  9.075047e-02  1.400291e-07  -5.031287e-07  4.640496e-06  3.696564e-05  -5.554035e-05  -1.823197e-04  -1.921387e-03  7.119210e-03  2.077150e-02  6.808029e-03  6.844256e-03  9.962809e-05  1.486480e-09  1.485159e-09  1.894040e-12  -3.895962e-11  0.000000e+00  0.000000e+00  0.000000e+00
 -0.005774  -0.027585  0.105588  1.274419e+00  -5.333819e-04  9.686791e-02  1.371144e-07  -4.871122e-07  4.254432e-06  3.833717e-05  -6.072244e-05  -1.977599e-04  -1.868456e-03  7.119645e-03  1.987482e-02  5.762659e-03  6.992516e-03  -2.257099e-04  1.598725e-09  1.597418e-09  1.964651e-12  -3.614509e-11  0.000000e+00  0.000000e+00  0.000000e+00
 -0.006186  -0.029555  0.113128  1.297314e+00  -5.466558e-04  1.028662e-01  2.267351e-08  -5.290884e-07  4.199089e-06  3.962859e-05  -6.985376e-05  -2.144194e-04  -1.816048e-03  7.106396e-03  2.073889e-02  6.070837e-03  7.561655e-03  -6.274512e-04  1.711628e-09  1.710321e-09  2.051692e-12  -3.300599e-11  0.000000e+00  0.000000e+00  0.000000e+00
 -0.006598  -0.031524  0.120669  1.320722e+00  -5.594977e-04  1.087462e-01  -1.365466e-07  -6.630836e-07  4.490781e-06  4.104508e-05  -7.590265e-05  -2.230035e-04  -1.761449e-03  8.966422e-03  2.502603e-02  8.353247e-03  7.706356e-03  -8.517244e-04  1.825921e-09  1.824559e-09  2.197353e-12  -2.892691e-11  0.000000e+00  0.000000e+00  0.000000e+00
 -0.007010  -0.033493  0.128209  1.344658e+00  -5.717933e-04  1.145087e-01  -5.794270e-08  -8.700179e-07  4.600018e-06  4.268528e-05  -7.227106e-05  -2.382475e-04  -1.693018e-03  7.106928e-03  2.073593e-02  6.781588e-03  6.847411e-03  -2.293776e-04  1.938670e-09  1.937203e-09  2.396749e-12  -2.418722e-11  0.000000e+00  0.000000e+00  0.000000e+00
 -0.007422  -0.035462  0.135749  1.369136e+00  -5.836568e-04  1.201546e-01  -6.696706e-08  -9.328913e-07  4.712260e-06  4.424888e-05  -7.504498e-05  -2.534309e-04  -1.639968e-03  7.111839e-03  2.072908e-02  6.925692e-03  6.691552e-03  -2.836613e-04  2.050022e-09  2.048532e-09  2.513989e-12  -2.057508e-11  0.000000e+00  0.000000e+00  0.000000e+00
 -0.007834  -0.037430  0.143288  1.394170e+00  -5.950888e-04  1.256846e-01  -3.096813e-08  -1.020065e-06  4.758708e-06  4.577885e-05  -8.612008e-05  -2.664126e-04  -1.586745e-03  7.110388e-03  2.128872e-02  6.865036e-03  7.313299e-03  -4.276880e-04  2.161764e-09  2.160258e-09  2.627010e-12  -1.702197e-11  0.000000e+00  0.000000e+00  0.000000e+00
 -0.008246  -0.039399  0.150828  1.419777e+00  -6.060892e-04  1.310996e-01  -1.077421e-07  -1.166522e-06  4.904169e-06  4.735375e-05  -9.607326e-05  -2.780518e-04  -1.533139e-03  8.972616e-03  2.354366e-02  6.777202e-03  7.793841e-03  -5.421844e-04  2.273843e-09  2.272221e-09  2.842171e-12  -1.211430e-11  0.000000e+00  0.000000e+00  0.000000e+00
 -0.008658  -0.041368  0.158367  1.445970e+00  -6.165438e-04  1.364004e-01  -3.006500e-07  -1.372235e-06  5.271462e-06  4.903016e-05  -9.812557e-05  -2.957192e-04  -1.465633e-03  7.099904e-03  2.142855e-02  6.741662e-03  7.586981e-03  -5.930657e-04  2.385754e-09  2.383897e-09  3.176792e-12  -5.999743e-12  0.000000e+00  0.000000e+00  0.000000e+00
 -0.009070  -0.043336  0.165906  1.472767e+00  -6.265669e-04  1.415879e-01  -4.774634e-07  -1.620296e-06  5.801798e-06  5.082988e-05  -9.888735e-05  -3.084687e-04  -1.411906e-03  7.806853e-03  2.185597e-02  6.791155e-03  7.257957e-03  -3.974642e-04  2.497533e-09  2.495469e-09  3.482992e-12  -1.537929e-13  0.000000e+00  0.000000e+00  0.000000e+00
 -0.009482  -0.045304  0.173446  1.500184e+00  -6.361162e-04  1.466629e-01  -5.846008e-07  -1.802711e-06  6.394739e-06  5.265831e-05  -5.433218e-05  -3.331844e-04  -1.353610e-03  6.679618e-03  1.847573e-02  4.802162e-03  6.993946e-03  -5.166001e-04  2.608731e-09  2.606492e-09  3.758105e-12  5.370682e-12  0.000000e+00  0.000000e+00  0.000000e+00
 -0.009894  -0.047273  0.180985  1.528239e+00  -6.452551e-04  1.516263e-01  -1.134434e-06  -2.061842e-06  7.449587e-06  5.457550e-05  -5.547683e-05  -3.449199e-04  -1.302428e-03  8.171980e-03  2.540305e-02  9.491164e-03  7.739906e-03  -8.114541e-04  2.719548e-09  2.717353e-09  3.813172e-12  2.893486e-12  0.000000e+00  0.000000e+00  0.000000e+00
 -0.010306  -0.049241  0.188523  1.556949e+00  -6.538932e-04  1.564787e-01  -6.560670e-07  -2.505037e-06  8.010880e-06  5.671867e-05  -5.436020e-05  -3.592400e-04  -1.239790e-03  7.730546e-03  2.363477e-02  8.267326e-03  7.636898e-03  -5.851331e-04  2.829754e-09  2.827593e-09  3.878453e-12  2.130272e-13  0.000000e+00  0.000000e+00  0.000000e+00
 -0.010718  -0.051209  0.196062  1.586333e+00  -6.620574e-04  1.612212e-01  -4.692240e-07  -2.851746e-06  8.381478e-06  5.897101e-05  -5.879033e-05  -3.726299e-04  -1.180789e-03  7.021781e-03  1.898656e-02  5.196440e-03  6.768340e-03  -1.574461e-04  2.939067e-09  2.936903e-09  3.979705e-12  -3.112934e-12  0.000000e+00  0.000000e+00  0.000000e+00
 -0.011130  -0.053177  0.203601  1.616410e+00  -6.697908e-04  1.658545e-01  -9.729855e-07  -2.952572e-06  9.093093e-06  6.113044e-05  -6.373466e-05  -3.903670e-04  -1.128651e-03  7.016607e-03  1.954271e-02  5.424905e-03  7.101200e-03  -5.666175e-04  3.047818e-09  3.045663e-09  4.065637e-12  -6.171154e-12  0.000000e+00  0.000000e+00  0.000000e+00
 -0.011542  -0.055144  0.211139  1.647200e+00  -6.770935e-04  1.703794e-01  -1.552256e-06  -3.344109e-06  1.014737e-05  6.340173e-05  -6.424994e-05  -4.027565e-04  -1.074893e-03  8.046197e-03  2.388018e-02  8.151337e-03  7.682646e-03  -5.714180e-04  3.157963e-09  3.155827e-09  4.140910e-12  -9.051411e-12  0.000000e+00  0.000000e+00  0.000000e+00
 -0.011954  -0.057112  0.218678  1.678723e+00  -6.839029e-04  1.747968e-01  -1.378034e-06  -3.768715e-06  1.101885e-05  6.578508e-05  -6.219378e-05  -4.152576e-04  -1.012731e-03  7.849317e-03  2.315674e-02  7.604560e-03  7.702865e-03  -5.204845e-04  3.267457e-09  3.265319e-09  4.234613e-12  -1.225494e-11  0.000000e+00  0.000000e+00  0.000000e+00
 -0.012365  -0.059079  0.226216  1.710999e+00  -6.902316e-04  1.791075e-01  -1.417182e-06  -4.183550e-06  1.185540e-05  6.825461e-05  -6.623648e-05  -4.299143e-04  -9.531078e-04  7.019106e-03  2.002821e-02  6.331041e-03  6.678063e-03  -2.544062e-04  3.375499e-09  3.373307e-09  4.377165e-12  -1.617782e-11  0.000000e+00  0.000000e+00  0.000000e+00
 -0.012777  -0.061047  0.233755  1.744052e+00  -6.961299e-04  1.833123e-01  -1.565163e-06  -4.400469e-06  1.271977e-05  7.068478e-05  -7.052066e-05  -4.467795e-04  -9.007420e-04  7.016530e-03  2.049198e-02  6.573264e-03  6.902189e-03  -6.883474e-04  3.483301e-09  3.481063e-09  4.508616e-12  -1.994182e-11  0.000000e+00  0.000000e+00  0.000000e+00
 -0.013189  -0.063014  0.241293  1.777903e+00  -7.015978e-04  1.874121e-01  -1.714920e-06  -5.027319e-06  1.360772e-05  7.328782e-05  -7.116132e-05  -4.629749e-04  -8.479925e-04  7.918518e-03  2.366218e-02  7.828531e-03  7.915127e-03  -3.313813e-04  3.592167e-09  3.589887e-09  4.632073e-12  -2.360420e-11  0.000000e+00  0.000000e+00  0.000000e+00
 -0.013601  -0.064981  0.248831  1.812576e+00  -7.065800e-04  1.914076e-01  -1.756900e-06  -5.348795e-06  1.446233e-05  7.588966e-05  -6.872309e-05  -4.757685e-04  -7.868733e-04  8.026794e-03  2.452609e-02  8.052850e-03  8.446450e-03  -3.635092e-04  3.701667e-09  3.699311e-09  4.786394e-12  -2.771574e-11  0.000000e+00  0.000000e+00  0.000000e+00
 -0.014013  -0.066949  0.256369  1.848094e+00  -7.110705e-04  1.952998e-01  -1.959955e-06  -5.723816e-06  1.535971e-05  7.851033e-05  -7.319003e-05  -4.931102e-04  -7.265017e-04  7.389578e-03  2.339199e-02  8.117817e-03  7.884598e-03  -3.236253e-04  3.809891e-09  3.807386e-09  5.008660e-12  -3.261405e-11  0.000000e+00  0.000000e+00  0.000000e+00
 -0.014424  -0.068916  0.263907  1.884483e+00  -7.151079e-04  1.990893e-01  -1.832190e-06  -6.078201e-06  1.615071e-05  8.113443e-05  -7.954553e-05  -5.093582e-04  -6.710744e-04  7.011570e-03  2.306796e-02  8.367779e-03  7.688609e-03  -6.016819e-04  3.918667e-09  3.916020e-09  5.218492e-12  -3.739162e-11  0.000000e+00  0.000000e+00  0.000000e+00
 -0.014836  -0.070883  0.271445  1.921767e+00  -7.187152e-04  2.027771e-01  -1.438018e-06  -6.776452e-06  1.673708e-05  8.389764e-05  -8.209838e-05  -5.246120e-04  -6.182322e-04  7.832592e-03  2.461689e-02  8.767743e-03  8.016559e-03  -3.576717e-04  4.028169e-09  4.025415e-09  5.389245e-12  -4.171393e-11  0.000000e+00  0.000000e+00  0.000000e+00
 -0.015248  -0.072849  0.278983  1.959975e+00  -7.218423e-04  2.063639e-01  -9.768291e-07  -7.215520e-06  1.711389e-05  8.668104e-05  -8.176715e-05  -5.383643e-04  -5.582046e-04  8.289524e-03  2.526907e-02  8.861831e-03  8.117717e-03  -4.154032e-04  4.138113e-09  4.135238e-09  5.568213e-12  -4.614701e-11  0.000000e+00  0.000000e+00  0.000000e+00
 -0.015659  -0.074816  0.286521  1.999133e+00  -7.244619e-04  2.098506e-01  -4.942911e-07  -7.754172e-06  1.729454e-05  8.951498e-05  -8.758673e-05  -5.548946e-04  -4.956007e-04  7.011949e-03  2.293950e-02  8.611321e-03  7.316230e-03  -4.772502e-04  4.247281e-09  4.244235e-09  5.791145e-12  -5.107512e-11  0.000000e+00  0.000000e+00  0.000000e+00
 -0.016071  -0.076783  0.294059  2.039269e+00  -7.266518e-04  2.132380e-01  3.914743e-07  -8.406909e-06  1.715880e-05  9.243011e-05  -9.282911e-05  -5.688344e-04  -4.426113e-04  7.011009e-03  2.231646e-02  8.360597e-03  6.944859e-03  -4.670754e-04  4.356636e-09  4.353444e-09  5.981216e-12  -5.563144e-11  0.000000e+00  0.000000e+00  0.000000e+00
 -0.016483  -0.078750  0.301597  2.080414e+00  -7.284120e-04  2.165270e-01  1.411311e-06  -9.079760e-06  1.669386e-05  9.542133e-05  -9.450757e-05  -5.829048e-04  -3.894467e-04  7.688566e-03  2.300938e-02  8.097382e-03  7.223433e-03  -4.734494e-04  4.466153e-09  4.462839e-09  6.141754e-12  -5.982023e-11  0.000000e+00  0.000000e+00  0.000000e+00
 -0.016894  -0.080716  0.309135  2.122597e+00  -7.297014e-04  2.197183e-01  2.073517e-06  -9.797188e-06  1.604404e-05  9.849165e-05  -9.405838e-05  -5.998854e-04  -3.314707e-04  8.191997e-03  2.344671e-02  7.794496e-03  7.460214e-03  -4.992818e-04  4.575674e-09  4.572215e-09  6.318057e-12  -6.421099e-11  0.000000e+00  0.000000e+00  0.000000e+00
 -0.017306  -0.082682  0.316673  2.165852e+00  -7.304894e-04  2.228129e-01  2.339608e-06  -1.059203e-05  1.534571e-05  1.016532e-04  -9.907354e-05  -6.150457e-04  -2.692591e-04  7.009608e-03  2.160044e-02  7.602971e-03  6.987865e-03  -5.225135e-04  4.685596e-09  4.681928e-09  6.548984e-12  -6.924889e-11  0.000000e+00  0.000000e+00  0.000000e+00
 -0.017718  -0.084649  0.324211  2.210209e+00  -7.308480e-04  2.258115e-01  2.853397e-06  -1.146491e-05  1.453358e-05  1.049163e-04  -1.036276e-04  -6.280884e-04  -2.160265e-04  7.007081e-03  2.124684e-02  7.471608e-03  6.768152e-03  -3.441961e-04  4.795274e-09  4.791416e-09  6.754153e-12  -7.398727e-11  0.000000e+00  0.000000e+00  0.000000e+00
 -0.018129  -0.086615  0.331749  2.255703e+00  -7.307770e-04  2.287149e-01  3.469267e-06  -1.206758e-05  1.359099e-05  1.081951e-04  -1.047039e-04  -6.415496e-04  -1.626898e-04  7.632934e-03  2.205019e-02  7.194949e-03  7.222311e-03  -5.529810e-04  4.904780e-09  4.900748e-09  6.934897e-12  -7.843102e-11  0.000000e+00  0.000000e+00  0.000000e+00
 -0.018541  -0.088581  0.339287  2.302371e+00  -7.302382e-04  2.315240e-01  3.444186e-06  -1.308136e-05  1.269675e-05  1.115915e-04  -1.488717e-04  -6.472568e-04  -1.048612e-04  8.268044e-03  2.414150e-02  8.738445e-03  7.135008e-03  -4.137197e-04  5.014060e-09  5.009823e-09  7.138734e-12  -8.314731e-11  0.000000e+00  0.000000e+00  0.000000e+00
 -0.018952  -0.090547  0.346825  2.350247e+00  -7.291956e-04  2.342396e-01  4.981465e-06  -1.387468e-05  1.145954e-05  1.150374e-04  -1.538890e-04  -6.608614e-04  -4.191241e-05  7.052778e-03  1.743757e-02  3.419834e-03  6.964956e-03  -1.165137e-04  5.122944e-09  5.118654e-09  7.180478e-12  -8.101219e-11  0.000000e+00  0.000000e+00  0.000000e+00
 -0.019364  -0.092513  0.354364  2.399369e+00  -7.277237e-04  2.368626e-01  1.430086e-06  -1.410818e-05  1.111945e-05  1.183925e-04  -1.621980e-04  -6.778927e-04  1.010419e-05  7.042863e-03  1.932258e-02  5.062906e-03  7.216815e-03  -4.337357e-04  5.231090e-09  5.226723e-09  7.237100e-12  -7.854012e-11  0.000000e+00  0.000000e+00  0.000000e+00
 -0.019775  -0.094479  0.361902  2.449777e+00  -7.258225e-04  2.393938e-01  -8.223605e-07  -1.501542e-05  1.130688e-05  1.218147e-04  -1.688283e-04  -6.886647e-04  6.380252e-05  8.259707e-03  2.598205e-02  9.818145e-03  7.904198e-03  -8.219057e-04  5.340705e-09  5.336211e-09  7.333245e-12  -7.529382e-11  0.000000e+00  0.000000e+00  0.000000e+00
 -0.020187  -0.096445  0.369440  2.501512e+00  -7.234177e-04  2.418339e-01  1.265138e-06  -1.680841e-05  1.103029e-05  1.254893e-04  -1.661333e-04  -7.032374e-04  1.268590e-04  7.690650e-03  2.354076e-02  8.405183e-03  7.444925e-03  -4.146158e-04  5.449620e-09  5.444942e-09  7.475576e-12  -7.136202e-11  0.000000e+00  0.000000e+00  0.000000e+00
 -0.020598  -0.098411  0.376978  2.554614e+00  -7.205445e-04  2.441837e-01  2.356535e-06  -1.775104e-05  1.053568e-05  1.292151e-04  -1.690652e-04  -7.167674e-04  1.852575e-04  7.052581e-03  1.875833e-02  4.631439e-03  7.074312e-03  -2.721380e-04  5.557520e-09  5.552707e-09  7.559287e-12  -6.835849e-11  0.000000e+00  0.000000e+00  0.000000e+00
 -0.021010  -0.100377  0.384516  2.609129e+00  -7.172423e-04  2.464442e-01  -5.342665e-07  -1.839532e-05  1.064343e-05  1.329248e-04  -1.770055e-04  -7.349504e-04  2.369767e-04  7.040378e-03  1.936711e-02  5.044199e-03  7.282530e-03  -3.262960e-04  5.664899e-09  5.659937e-09  7.643663e-12  -6.534670e-11  0.000000e+00  0.000000e+00  0.000000e+00
 -0.021421  -0.102343  0.392055  2.665101e+00  -7.135110e-04  2.486162e-01  -3.289969e-06  -1.919900e-05  1.128142e-05  1.366479e-04  -1.828277e-04  -7.448470e-04  2.909203e-04  8.204209e-03  2.515672e-02  9.070078e-03  7.882430e-03  -6.827591e-04  5.774102e-09  5.768940e-09  7.769119e-12  -6.165082e-11  0.000000e+00  0.000000e+00  0.000000e+00
 -0.021833  -0.104308  0.399593  2.722579e+00  -7.092796e-04  2.507004e-01  -1.770007e-06  -2.094695e-05  1.161173e-05  1.405569e-04  -1.804692e-04  -7.582872e-04  3.537944e-04  7.744557e-03  2.337468e-02  8.062292e-03  7.567836e-03  -4.010585e-04  5.882266e-09  5.876849e-09  7.938095e-12  -5.737852e-11  0.000000e+00  0.000000e+00  0.000000e+00
 -0.022244  -0.106274  0.407132  2.781609e+00  -7.045767e-04  2.526977e-01  -1.112652e-06  -2.201372e-05  1.181169e-05  1.445130e-04  -1.819215e-04  -7.727887e-04  4.124390e-04  7.050556e-03  1.958206e-02  5.458456e-03  7.073043e-03  -3.801036e-04  5.989115e-09  5.983488e-09  8.048673e-12  -5.394700e-11  0.000000e+00  0.000000e+00  0.000000e+00
 -0.022656  -0.108239  0.414670  2.842242e+00  -6.994450e-04  2.546089e-01  -3.340988e-06  -2.306331e-05  1.239029e-05  1.485072e-04  -1.891964e-04  -7.903081e-04  4.643427e-04  7.041318e-03  1.988018e-02  5.598802e-03  7.240058e-03  -4.691639e-04  6.095614e-09  6.089779e-09  8.143486e-12  -5.077027e-11  0.000000e+00  0.000000e+00  0.000000e+00
 -0.023067  -0.110205  0.422209  2.904533e+00  -6.938843e-04  2.564348e-01  -5.690791e-06  -2.440716e-05  1.334070e-05  1.525834e-04  -1.947505e-04  -8.010983e-04  5.180592e-04  8.148359e-03  2.435202e-02  8.420480e-03  7.783185e-03  -5.731066e-04  6.203668e-09  6.197575e-09  8.275602e-12  -4.699897e-11  0.000000e+00  0.000000e+00  0.000000e+00
 -0.023478  -0.112170  0.429748  2.968534e+00  -6.878273e-04  2.581763e-01  -4.745064e-06  -2.610888e-05  1.410539e-05  1.567910e-04  -1.927096e-04  -8.135417e-04  5.807156e-04  7.798540e-03  2.310604e-02  7.727032e-03  7.580473e-03  -3.859065e-04  6.310963e-09  6.304561e-09  8.446577e-12  -4.272122e-11  0.000000e+00  0.000000e+00  0.000000e+00
 -0.023890  -0.114136  0.437287  3.034304e+00  -6.812954e-04  2.598341e-01  -4.519827e-06  -2.729627e-05  1.480870e-05  1.610385e-04  -1.929295e-04  -8.288922e-04  6.396267e-04  7.049648e-03  2.007457e-02  6.025309e-03  6.999614e-03  -4.467836e-04  6.416692e-09  6.410021e-09  8.564038e-12  -3.920262e-11  0.000000e+00  0.000000e+00  0.000000e+00
 -0.024301  -0.116101  0.444826  3.101899e+00  -6.743349e-04  2.614091e-01  -6.071056e-06  -2.871955e-05  1.572141e-05  1.653561e-04  -2.022526e-04  -8.452468e-04  6.917064e-04  7.044578e-03  2.055822e-02  6.086340e-03  7.427300e-03  -5.700033e-04  6.522220e-09  6.515293e-09  8.651968e-12  -3.615609e-11  0.000000e+00  0.000000e+00  0.000000e+00
 -0.024712  -0.118066  0.452365  3.171383e+00  -6.669457e-04  2.629021e-01  -8.280272e-06  -3.059836e-05  1.692481e-05  1.698031e-04  -2.110355e-04  -8.567808e-04  7.450573e-04  8.183980e-03  2.434575e-02  7.877359e-03  8.284416e-03  -4.149020e-04  6.629086e-09  6.621827e-09  8.801848e-12  -3.216116e-11  0.000000e+00  0.000000e+00  0.000000e+00
 -0.025124  -0.120032  0.459904  3.242819e+00  -6.590582e-04  2.643140e-01  -8.974002e-06  -3.201296e-05  1.818633e-05  1.743033e-04  -2.120091e-04  -8.682575e-04  8.080677e-04  8.139277e-03  2.394352e-02  7.421649e-03  8.382594e-03  -2.800515e-04  6.735708e-09  6.728019e-09  9.036327e-12  -2.717024e-11  0.000000e+00  0.000000e+00  0.000000e+00
 -0.025535  -0.121997  0.467444  3.316272e+00  -6.506755e-04  2.656454e-01  -1.066642e-05  -3.300026e-05  1.963745e-05  1.787928e-04  -2.123662e-04  -8.859010e-04  8.690873e-04  7.052206e-03  2.134643e-02  6.706287e-03  7.587935e-03  -4.435058e-04  6.840677e-09  6.832562e-09  9.250378e-12  -2.244111e-11  0.000000e+00  0.000000e+00  0.000000e+00
 -0.025946  -0.123962  0.474983  3.391812e+00  -6.418642e-04  2.668973e-01  -1.227058e-05  -3.461493e-05  2.125389e-05  1.833527e-04  -2.196044e-04  -9.030891e-04  9.210582e-04  7.045940e-03  2.168328e-02  7.091384e-03  7.545952e-03  -6.680420e-04  6.945963e-09  6.937449e-09  9.419798e-12  -1.822586e-11  0.000000e+00  0.000000e+00  0.000000e+00
 -0.026358  -0.125927  0.482523  3.469510e+00  -6.326246e-04  2.680705e-01  -1.312480e-05  -3.712563e-05  2.292889e-05  1.880908e-04  -2.260170e-04  -9.172110e-04  9.738441e-04  8.042912e-03  2.435817e-02  8.448551e-03  7.866705e-03  -3.892796e-04  7.052704e-09  7.043727e-09  9.637846e-12  -1.340933e-11  0.000000e+00  0.000000e+00  0.000000e+00
 -0.026769  -0.127892  0.490063  3.549440e+00  -6.228953e-04  2.691657e-01  -1.199747e-05  -3.863612e-05  2.441298e-05  1.928701e-04  -2.255848e-04  -9.292500e-04  1.035626e-03  7.910329e-03  2.412498e-02  8.532968e-03  7.681681e-03  -3.457979e-04  7.159857e-09  7.150350e-09  9.908518e-12  -8.039625e-12  0.000000e+00  0.000000e+00  0.000000e+00
 -0.027180  -0.129857  0.497603  3.631681e+00  -6.126849e-04  2.701838e-01  -1.029589e-05  -4.002038e-05  2.564804e-05  1.976708e-04  -2.248702e-04  -9.472378e-04  1.094754e-03  7.049347e-03  2.232387e-02  8.390839e-03  6.883684e-03  -5.575605e-04  7.265516e-09  7.255504e-09  1.013389e-11  -3.169197e-12  0.000000e+00  0.000000e+00  0.000000e+00
 -0.027592  -0.131822  0.505143  3.716311e+00  -6.020462e-04  2.711257e-01  -7.189494e-06  -4.232071e-05  2.648475e-05  2.025961e-04  -2.315426e-04  -9.635574e-04  1.146954e-03  7.148651e-03  2.265041e-02  8.644117e-03  6.857645e-03  -8.056959e-04  7.371672e-09  7.361199e-09  1.029909e-11  1.010493e-12  0.000000e+00  0.000000e+00  0.000000e+00
 -0.028003  -0.133787  0.512684  3.803417e+00  -5.909730e-04  2.719921e-01  -3.394750e-06  -4.574563e-05  2.686823e-05  2.077636e-04  -2.377933e-04  -9.784814e-04  1.200363e-03  8.130573e-03  2.442843e-02  9.023465e-03  7.274395e-03  -3.832088e-04  7.478968e-09  7.467972e-09  1.050737e-11  5.725677e-12  0.000000e+00  0.000000e+00  0.000000e+00
 -0.028414  -0.135752  0.520224  3.893085e+00  -5.794049e-04  2.727838e-01  4.324620e-07  -4.742475e-05  2.682079e-05  2.129657e-04  -2.375460e-04  -9.898321e-04  1.263017e-03  7.963555e-03  2.382890e-02  8.574727e-03  7.290619e-03  -3.577470e-04  7.586856e-09  7.575276e-09  1.076161e-11  1.094761e-11  0.000000e+00  0.000000e+00  0.000000e+00
 -0.028825  -0.137717  0.527765  3.985405e+00  -5.673524e-04  2.735017e-01  3.325680e-06  -4.903901e-05  2.646640e-05  2.181914e-04  -2.359252e-04  -1.008168e-03  1.322526e-03  7.048546e-03  2.187311e-02  8.219968e-03  6.604600e-03  -5.819361e-04  7.692987e-09  7.680840e-09  1.097700e-11  1.571563e-11  0.000000e+00  0.000000e+00  0.000000e+00
 -0.029237  -0.139682  0.535306  4.080472e+00  -5.548719e-04  2.741466e-01  7.071699e-06  -5.174027e-05  2.573403e-05  2.235499e-04  -2.420470e-04  -1.023468e-03  1.375010e-03  7.046719e-03  2.161939e-02  7.884911e-03  6.687766e-03  -7.109496e-04  7.799627e-09  7.786964e-09  1.112177e-11  1.963749e-11  0.000000e+00  0.000000e+00  0.000000e+00
 -0.029648  -0.141647  0.542847  4.178386e+00  -5.419631e-04  2.747193e-01  9.928018e-06  -5.513500e-05  2.473436e-05  2.291015e-04  -2.478676e-04  -1.037796e-03  1.427758e-03  7.937408e-03  2.278018e-02  7.740567e-03  7.102202e-03  -4.205327e-04  7.907035e-09  7.893802e-09  1.130251e-11  2.403377e-11  0.000000e+00  0.000000e+00  0.000000e+00
 -0.030059  -0.143611  0.550389  4.279250e+00  -5.285715e-04  2.752207e-01  1.149467e-05  -5.720129e-05  2.360861e-05  2.347036e-04  -2.488461e-04  -1.050358e-03  1.488443e-03  8.018926e-03  2.271041e-02  7.461889e-03  7.229591e-03  -4.141084e-04  8.014878e-09  8.001017e-09  1.152212e-11  2.888436e-11  0.000000e+00  0.000000e+00  0.000000e+00
 -0.030470  -0.145576  0.557931  4.383170e+00  -5.146925e-04  2.756515e-01  1.208115e-05  -5.929315e-05  2.245736e-05  2.403538e-04  -2.489398e-04  -1.067727e-03  1.548542e-03  7.050120e-03  2.099641e-02  7.187746e-03  6.758547e-03  -5.440206e-04  8.121591e-09  8.107104e-09  1.171863e-11  3.344994e-11  0.000000e+00  0.000000e+00  0.000000e+00
 -0.030881  -0.147541  0.565473  4.490259e+00  -5.003855e-04  2.760126e-01  1.319416e-05  -6.211627e-05  2.123353e-05  2.461154e-04  -2.572613e-04  -1.081850e-03  1.601208e-03  7.048130e-03  2.105720e-02  6.955417e-03  7.053655e-03  -5.870231e-04  8.228610e-09  8.213521e-09  1.187006e-11  3.746472e-11  0.000000e+00  0.000000e+00  0.000000e+00
 -0.031293  -0.149506  0.573015  4.600633e+00  -4.856503e-04  2.763048e-01  1.293338e-05  -6.524542e-05  2.006542e-05  2.520082e-04  -2.650803e-04  -1.094418e-03  1.654300e-03  7.887441e-03  2.255216e-02  7.015390e-03  7.649330e-03  -4.334479e-04  8.336203e-09  8.320421e-09  1.209211e-11  4.233643e-11  0.000000e+00  0.000000e+00  0.000000e+00
 -0.031704  -0.151470  0.580557  4.714414e+00  -4.704356e-04  2.765289e-01  1.120109e-05  -6.761917e-05  1.908001e-05  2.579570e-04  -2.685141e-04  -1.107658e-03  1.714238e-03  8.072698e-03  2.304768e-02  6.999903e-03  7.975083e-03  -4.158025e-04  8.443839e-09  8.427262e-09  1.239520e-11  4.802658e-11  0.000000e+00  0.000000e+00  0.000000e+00
 -0.032115  -0.153435  0.588100  4.831729e+00  -4.547305e-04  2.766857e-01  8.465148e-06  -6.995699e-05  1.835436e-05  2.639539e-04  -2.673010e-04  -1.123671e-03  1.775176e-03  7.051323e-03  2.149255e-02  7.000774e-03  7.440457e-03  -4.802253e-04  8.550808e-09  8.533404e-09  1.270939e-11  5.380273e-11  0.000000e+00  0.000000e+00  0.000000e+00
 -0.032526  -0.155400  0.595643  4.952711e+00  -4.385973e-04  2.767761e-01  7.199514e-06  -7.272723e-05  1.775281e-05  2.700305e-04  -2.747447e-04  -1.136434e-03  1.828231e-03  7.050482e-03  2.171655e-02  6.996307e-03  7.669759e-03  -4.713956e-04  8.657495e-09  8.639312e-09  1.295053e-11  5.885521e-11  0.000000e+00  0.000000e+00  0.000000e+00
 -0.032937  -0.157365  0.603186  5.077497e+00  -4.220361e-04  2.768008e-01  5.210508e-06  -7.551706e-05  1.732832e-05  2.761828e-04  -2.819756e-04  -1.148513e-03  1.881473e-03  7.838220e-03  2.303176e-02  6.993192e-03  8.200351e-03  -4.391072e-04  8.764262e-09  8.745203e-09  1.326850e-11  6.465806e-11  0.000000e+00  0.000000e+00  0.000000e+00
 -0.033348  -0.159329  0.610729  5.206233e+00  -4.049989e-04  2.767607e-01  1.553751e-06  -7.818262e-05  1.720486e-05  2.823951e-04  -2.858363e-04  -1.163379e-03  1.940533e-03  8.492048e-03  2.399673e-02  6.976269e-03  8.528410e-03  -4.113478e-04  8.870883e-09  8.850839e-09  1.367284e-11  7.119293e-11  0.000000e+00  0.000000e+00  0.000000e+00
 -0.033759  -0.161294  0.618273  5.339069e+00  -3.874457e-04  2.766565e-01  -3.266849e-06  -8.074312e-05  1.745812e-05  2.886546e-04  -2.829714e-04  -1.179875e-03  2.004795e-03  7.059375e-03  2.180168e-02  6.991205e-03  7.751101e-03  -4.378335e-04  8.977441e-09  8.956374e-09  1.409184e-11  7.784280e-11  0.000000e+00  0.000000e+00  0.000000e+00
 -0.034171  -0.163259  0.625817  5.476165e+00  -3.694641e-04  2.764892e-01  -5.685931e-06  -8.353616e-05  1.788830e-05  2.949747e-04  -2.872350e-04  -1.192539e-03  2.058086e-03  7.051395e-03  2.164489e-02  6.997901e-03  7.595596e-03  -4.051119e-04  9.083448e-09  9.061446e-09  1.439537e-11  8.348905e-11  0.000000e+00  0.000000e+00  0.000000e+00
 -0.034582  -0.165223  0.633361  5.617688e+00  -3.510547e-04  2.762593e-01  -7.635655e-06  -8.618462e-05  1.845226e-05  3.013402e-04  -2.922946e-04  -1.204505e-03  2.111459e-03  7.787263e-03  2.254718e-02  6.941250e-03  7.818667e-03  -4.917261e-04  9.189238e-09  9.166252e-09  1.472644e-11  8.938094e-11  0.000000e+00  0.000000e+00  0.000000e+00
 -0.034993  -0.167188  0.640906  5.763808e+00  -3.321726e-04  2.759679e-01  -1.056732e-05  -8.947629e-05  1.921441e-05  3.077935e-04  -2.949328e-04  -1.221152e-03  2.169678e-03  8.181795e-03  2.300644e-02  6.916770e-03  7.907874e-03  -4.831372e-04  9.294666e-09  9.270625e-09  1.510436e-11  9.566012e-11  0.000000e+00  0.000000e+00  0.000000e+00
