# power spectrum of chi
# redshift z=1.000000
# k              Pk             sigma(k)       sigma(Pk)      count
  1.963495e-02   1.170794e-11   0.000000e+00   0.000000e+00   6
  2.776802e-02   5.525139e-11   0.000000e+00   2.870218e-19   12
  3.400874e-02   1.115144e-11   3.725290e-10   0.000000e+00   8
  3.926991e-02   2.399323e-17   0.000000e+00   9.677651e-26   6
  4.390509e-02   2.729153e-12   0.000000e+00   0.000000e+00   24
  4.809562e-02   4.970220e-13   7.024475e-10   0.000000e+00   24
  5.553604e-02   2.752553e-11   0.000000e+00   1.014775e-19   12
  5.890486e-02   2.133409e-13   7.947286e-10   1.896409e-14   30
  6.209118e-02   1.362816e-13   0.000000e+00   0.000000e+00   24
  6.512178e-02   2.039824e-13   1.216675e-09   5.605894e-22   24
  6.801748e-02   2.416801e-14   7.450581e-10   0.000000e+00   8
  7.079483e-02   3.888475e-13   9.934107e-10   7.927932e-22   24
  7.346727e-02   2.898691e-15   0.000000e+00   1.368627e-25   48
  7.853982e-02   4.894635e-14   0.000000e+00   0.000000e+00   6
  8.095699e-02   6.024619e-14   1.404895e-09   2.819425e-15   48
  8.330406e-02   2.314372e-13   0.000000e+00   2.491418e-14   36
  8.558678e-02   1.408540e-13   9.934107e-10   5.605894e-22   24
  8.781018e-02   3.282257e-14   0.000000e+00   0.000000e+00   24
  8.997866e-02   1.710156e-14   0.000000e+00   0.000000e+00   48
  9.209610e-02   2.341469e-14   1.404895e-09   0.000000e+00   24
  9.619124e-02   7.476945e-14   1.404895e-09   0.000000e+00   24
  9.817477e-02   8.002866e-15   0.000000e+00   1.611671e-15   30
  1.001190e-01   1.992635e-14   0.000000e+00   3.136026e-15   72
  1.020262e-01   1.200733e-13   1.490116e-09   9.662432e-16   32
  1.057375e-01   5.805166e-15   0.000000e+00   3.488263e-16   72
  1.075451e-01   2.397865e-14   0.000000e+00   0.000000e+00   48
  1.110721e-01   1.638963e-12   0.000000e+00   0.000000e+00   12
  1.127942e-01   4.190243e-14   0.000000e+00   5.250627e-15   48
  1.144905e-01   8.241306e-15   0.000000e+00   6.518098e-16   48
  1.161620e-01   1.563503e-13   1.404895e-09   2.802947e-22   48
  1.178097e-01   1.145886e-13   1.589457e-09   1.060350e-14   30
  1.194348e-01   5.437961e-15   1.404895e-09   1.238739e-23   24
  1.210380e-01   1.505994e-14   2.961779e-09   1.791727e-15   72
  1.241824e-01   9.589308e-16   0.000000e+00   0.000000e+00   24
  1.257251e-01   1.102856e-13   0.000000e+00   1.714547e-14   96
  1.272490e-01   3.779917e-15   0.000000e+00   2.189803e-24   48
  1.287550e-01   1.522341e-14   2.433349e-09   6.068559e-23   24
  1.302436e-01   1.736848e-14   2.433349e-09   0.000000e+00   24
  1.317153e-01   3.077406e-15   0.000000e+00   2.559980e-16   72
  1.331707e-01   4.305290e-15   0.000000e+00   0.000000e+00   48
  1.360350e-01   2.374927e-14   1.490116e-09   0.000000e+00   8
  1.374447e-01   7.224692e-14   1.766064e-09   3.439262e-15   54
  1.388401e-01   3.216623e-13   0.000000e+00   5.779199e-14   84
  1.402216e-01   6.573532e-14   0.000000e+00   7.642287e-15   48
  1.415897e-01   1.261615e-14   1.986821e-09   2.477479e-23   24
  1.429446e-01   3.702329e-15   1.873193e-09   2.236193e-16   72
  1.442869e-01   5.089243e-14   0.000000e+00   5.973736e-15   96
  1.469345e-01   3.470852e-14   0.000000e+00   0.000000e+00   48
  1.482407e-01   1.236035e-14   0.000000e+00   1.382113e-15   48
  1.495354e-01   4.768912e-15   1.986821e-09   0.000000e+00   24
  1.508189e-01   1.362207e-15   0.000000e+00   4.028892e-17   72
  1.533539e-01   1.392428e-13   1.873193e-09   1.966917e-15   72
  1.546058e-01   2.566863e-15   0.000000e+00   7.222479e-17   96
  1.570796e-01   1.101986e-14   0.000000e+00   4.954957e-23   6
  1.583021e-01   1.377092e-15   0.000000e+00   5.542875e-17   96
  1.595151e-01   5.658399e-15   1.986821e-09   3.161296e-16   96
  1.607190e-01   3.666406e-14   0.000000e+00   1.401474e-22   24
  1.619140e-01   1.417390e-14   2.809790e-09   1.795874e-15   48
  1.631002e-01   1.556123e-15   0.000000e+00   1.079559e-16   96
  1.642778e-01   1.824150e-14   0.000000e+00   0.000000e+00   48
  1.666081e-01   2.516857e-13   0.000000e+00   6.040302e-14   36
  1.677611e-01   4.612205e-14   3.441276e-09   5.906956e-15   48
  1.689063e-01   7.159764e-15   3.893359e-09   2.132615e-16   120
  1.700437e-01   3.856797e-14   0.000000e+00   1.881147e-15   56
  1.711736e-01   8.004997e-15   1.986821e-09   1.751842e-23   24
  1.722960e-01   3.221515e-14   0.000000e+00   2.996111e-15   96
  1.734112e-01   1.878723e-15   0.000000e+00   0.000000e+00   48
  1.756204e-01   1.168702e-13   0.000000e+00   0.000000e+00   24
  1.767146e-01   3.837418e-14   0.000000e+00   2.749849e-15   102
  1.778021e-01   3.739177e-14   0.000000e+00   5.429515e-15   48
  1.788829e-01   6.479809e-14   0.000000e+00   5.139135e-15   72
  1.799573e-01   1.188872e-14   0.000000e+00   3.503684e-23   48
  1.810253e-01   1.850566e-14   0.000000e+00   2.220232e-15   48
  1.820871e-01   2.942404e-14   4.495664e-09   2.660600e-15   120
  1.841922e-01   1.719430e-14   2.809790e-09   4.954957e-23   24
  1.852358e-01   3.758162e-14   2.649095e-09   2.595522e-15   144
  1.862735e-01   5.211299e-15   3.178914e-09   2.515874e-16   120
  1.873055e-01   8.061117e-15   2.809790e-09   0.000000e+00   48
  1.893526e-01   2.636955e-15   2.809790e-09   0.000000e+00   48
  1.903679e-01   3.561690e-14   2.809790e-09   3.224888e-15   96
  1.930487e-01   1.027264e-14   4.711199e-04   1.000315e-15   72
  1.943761e-01   1.983509e-13   3.532127e-09   5.203162e-14   108
  1.953653e-01   2.288746e-14   0.000000e+00   2.694955e-15   72
  1.963495e-01   3.911558e-15   0.000000e+00   1.638311e-16   30
  1.973288e-01   1.701392e-14   0.000000e+00   8.046276e-16   168
  1.983033e-01   3.075798e-14   0.000000e+00   4.453713e-15   48
  2.002380e-01   6.303915e-16   0.000000e+00   9.298888e-17   72
  2.011984e-01   2.151466e-14   0.000000e+00   1.004836e-15   96
  2.021542e-01   3.988610e-15   5.298191e-09   2.979262e-16   72
  2.031055e-01   5.007003e-14   0.000000e+00   8.201653e-15   72
  2.047049e-01   2.688695e-14   4.350048e-04   2.429523e-15   104
  2.059331e-01   4.584537e-14   3.746387e-09   5.164337e-15   144
  2.087224e-01   2.951451e-14   6.282881e-09   1.527096e-15   96
  2.096439e-01   1.925797e-14   0.000000e+00   1.100236e-15   96
  2.111095e-01   1.492038e-14   4.475232e-04   1.374002e-15   120
  2.123845e-01   6.768609e-15   0.000000e+00   1.733707e-16   120
  2.132902e-01   6.473285e-15   0.000000e+00   9.901345e-16   72
  2.150901e-01   9.635864e-15   0.000000e+00   0.000000e+00   48
  2.159845e-01   1.651349e-14   4.235416e-09   2.072992e-15   78
  2.171286e-01   1.894959e-14   4.007142e-04   1.740211e-15   168
  2.195255e-01   3.713000e-15   3.746387e-09   1.093710e-16   144
  2.204018e-01   1.105674e-14   3.746387e-09   8.547127e-16   144
  2.229436e-01   1.165570e-13   2.307791e-04   2.625509e-14   156
  2.238729e-01   3.527198e-14   4.866699e-09   4.750428e-15   48
  2.247323e-01   6.738200e-15   3.178914e-09   6.688455e-16   120
  2.255884e-01   3.004288e-15   0.000000e+00   1.506936e-17   48
  2.271022e-01   2.440714e-14   3.532495e-04   1.748393e-15   216
  2.289809e-01   8.473603e-14   0.000000e+00   4.060744e-16   48
  2.298212e-01   4.038199e-14   2.809790e-09   2.834540e-15   96
  2.310160e-01   4.958777e-15   4.128272e-04   1.946598e-16   168
  2.323239e-01   1.592391e-14   2.809790e-09   3.503684e-23   48
  2.331522e-01   9.660612e-16   0.000000e+00   8.452593e-17   96
  2.339775e-01   3.061610e-14   0.000000e+00   4.954957e-23   48
  2.356194e-01   2.141107e-14   3.178914e-09   1.020599e-15   30
  2.364362e-01   1.812426e-14   2.809790e-09   2.223687e-15   96
  2.374123e-01   2.353348e-15   3.244455e-04   1.055446e-16   240
  2.386674e-01   5.640405e-15   3.500299e-04   1.760943e-15   32
  2.396752e-01   1.796279e-14   0.000000e+00   1.751919e-15   168
  2.404781e-01   1.620363e-14   0.000000e+00   1.195028e-15   120
  2.420760e-01   5.976315e-15   5.923557e-09   2.486183e-17   72
  2.428710e-01   1.289661e-14   3.746387e-09   5.129134e-16   144
  2.436634e-01   1.306057e-15   0.000000e+00   5.600725e-17   96
  2.444532e-01   4.734919e-14   0.000000e+00   4.373825e-15   96
  2.460253e-01   1.791585e-14   4.588368e-09   9.286148e-16   72
  2.468075e-01   1.067834e-14   3.973643e-09   7.897997e-16   96
  2.483647e-01   1.498312e-15   0.000000e+00   0.000000e+00   24
  2.491396e-01   7.518134e-15   0.000000e+00   4.461841e-16   192
  2.500522e-01   8.298635e-14   2.970416e-04   2.072035e-14   132
  2.514501e-01   1.934916e-14   0.000000e+00   2.219029e-15   96
  2.522156e-01   1.971479e-14   0.000000e+00   1.973075e-15   96
  2.529787e-01   2.079444e-14   3.178914e-09   1.986495e-15   120
  2.544981e-01   1.331005e-15   0.000000e+00   0.000000e+00   48
  2.557435e-01   5.923667e-15   3.599905e-04   5.443584e-16   222
  2.567603e-01   2.964342e-15   0.000000e+00   1.234119e-16   120
  2.575100e-01   3.810255e-14   4.866699e-09   0.000000e+00   24
  2.586015e-01   1.267891e-14   3.715625e-04   1.139665e-15   312
  2.609797e-01   4.541539e-15   3.483547e-04   6.961525e-16   72
  2.619630e-01   7.640027e-15   2.809790e-09   6.141455e-16   96
  2.629726e-01   1.633560e-14   3.547511e-04   8.100547e-16   192
  2.641613e-01   9.129516e-14   4.495664e-09   1.275080e-14   120
  2.648900e-01   3.477991e-15   0.000000e+00   2.480428e-16   144
  2.663415e-01   9.751509e-16   0.000000e+00   1.340975e-24   48
  2.673732e-01   2.089293e-14   3.567146e-04   1.074234e-15   336
  2.685040e-01   4.550775e-14   0.000000e+00   4.623704e-16   48
  2.699360e-01   7.425760e-15   0.000000e+00   4.601100e-16   192
  2.706492e-01   3.983553e-15   0.000000e+00   0.000000e+00   48
  2.726764e-01   3.384247e-15   2.476067e-04   2.363457e-16   56
  2.736844e-01   7.095648e-15   3.180112e-04   7.015840e-16   336
  2.748894e-01   1.509774e-15   3.532127e-09   5.314506e-17   54
  2.759390e-01   4.514962e-15   3.492904e-04   3.541937e-16   240
  2.781181e-01   6.038293e-14   3.344484e-04   1.395150e-14   228
  2.790651e-01   1.341173e-14   3.746387e-09   9.262764e-16   72
  2.799844e-01   2.839145e-15   3.244231e-04   1.065520e-16   144
  2.811298e-01   4.451620e-15   0.000000e+00   1.504685e-16   96
  2.818146e-01   1.058091e-14   4.495664e-09   9.393510e-16   240
  2.831793e-01   9.959144e-15   3.973643e-09   0.000000e+00   24
  2.840530e-01   7.259096e-15   3.064151e-04   3.396106e-16   336
  2.852142e-01   6.089592e-14   0.000000e+00   4.844070e-15   72
  2.862741e-01   5.127152e-15   3.332831e-04   4.625059e-16   168
  2.872346e-01   2.143826e-15   0.000000e+00   4.859062e-17   72
  2.885737e-01   1.434926e-14   0.000000e+00   2.536745e-15   96
  2.896108e-01   2.426148e-14   3.307829e-04   1.360502e-15   216
  2.905708e-01   9.583128e-15   3.973643e-09   5.872442e-16   96
  2.918946e-01   1.921399e-14   0.000000e+00   1.078942e-15   192
  2.925542e-01   7.888673e-15   3.746387e-09   3.515037e-16   144
  2.938691e-01   9.742387e-15   0.000000e+00   0.000000e+00   48
  2.947794e-01   2.406285e-14   3.189136e-04   1.776903e-15   246
  2.960164e-01   5.999936e-15   2.940434e-04   4.397343e-16   168
  2.971308e-01   3.774486e-15   5.506041e-09   2.762381e-16   120
  2.977788e-01   4.032962e-15   0.000000e+00   2.618078e-16   240
  2.990707e-01   5.168787e-14   3.973643e-09   0.000000e+00   24
  3.001001e-01   6.372234e-15   3.147475e-04   2.964332e-16   360
  3.013820e-01   1.118378e-14   3.134082e-04   1.865405e-15   120
  3.022763e-01   1.239574e-14   0.000000e+00   1.401464e-15   144
  3.029133e-01   2.751822e-16   0.000000e+00   1.323938e-17   96
  3.048165e-01   4.746192e-15   0.000000e+00   4.405091e-16   144
  3.054482e-01   4.488188e-14   0.000000e+00   1.120470e-14   132
  3.063360e-01   8.232319e-15   3.093292e-04   3.567395e-16   176
  3.076248e-01   1.706916e-14   3.123602e-04   1.424524e-15   312
  3.092116e-01   1.822066e-14   0.000000e+00   6.022199e-17   96
  3.098343e-01   1.691259e-14   0.000000e+00   1.429672e-15   144
  3.107899e-01   1.926170e-14   3.092271e-04   1.689614e-15   312
  3.123131e-01   4.073912e-15   0.000000e+00   0.000000e+00   48
  3.129297e-01   6.749872e-15   3.973643e-09   7.063124e-16   192
  3.141593e-01   3.844608e-16   0.000000e+00   0.000000e+00   6
  3.149762e-01   2.646878e-14   2.884066e-04   2.900855e-15   288
  3.162994e-01   7.337675e-15   3.047203e-04   4.103417e-16   192
  3.172124e-01   8.020515e-15   9.345130e-09   3.216288e-16   216
  3.178195e-01   8.917000e-15   0.000000e+00   1.441806e-15   72
  3.193321e-01   1.893857e-14   3.018264e-04   2.175198e-15   192
  3.203366e-01   1.406318e-14   2.241224e-04   8.701945e-16   288
  3.214381e-01   3.190925e-14   0.000000e+00   9.909915e-23   24
  3.222890e-01   1.613076e-14   2.952626e-04   9.694365e-16   456
  3.238280e-01   4.314100e-14   5.619580e-09   6.184496e-15   48
  3.247789e-01   8.440313e-15   2.908218e-04   1.186392e-15   240
  3.258718e-01   3.256333e-15   2.939082e-04   2.184167e-16   216
  3.267908e-01   3.742529e-14   0.000000e+00   5.245331e-15   72
  3.273801e-01   1.900152e-14   1.015467e-08   8.535669e-16   168
  3.290441e-01   1.571886e-14   2.184577e-04   8.325044e-16   288
  3.299773e-01   1.973458e-14   2.890570e-04   1.018642e-15   168
  3.314762e-01   1.215822e-14   0.000000e+00   8.966659e-16   192
  3.320572e-01   1.459173e-14   3.746387e-09   1.103610e-15   144
  3.332162e-01   1.341378e-13   0.000000e+00   3.055093e-14   36
  3.341991e-01   1.759684e-14   2.639705e-04   1.550711e-15   342
  3.351389e-01   2.445535e-14   2.710657e-04   3.572118e-15   144
  3.363470e-01   1.222002e-14   2.842800e-04   6.368917e-16   384
  3.378125e-01   1.068623e-14   7.786718e-09   1.769700e-15   120
  3.385379e-01   1.089364e-14   2.534951e-04   6.483274e-16   264
  3.395201e-01   1.180472e-14   1.256576e-08   8.094185e-16   192
  3.404451e-01   7.393385e-15   2.731894e-04   1.751402e-15   152
  3.412191e-01   2.616536e-15   7.492773e-09   1.333150e-16   144
  3.428472e-01   2.115890e-15   1.768108e-04   2.170249e-16   216
  3.436008e-01   1.319003e-14   2.362665e-04   7.812170e-16   312
  3.449274e-01   9.195255e-15   2.738281e-04   5.443802e-16   240
  3.457090e-01   1.849811e-15   3.973643e-09   5.725422e-17   96
  3.471927e-01   2.740767e-14   2.617995e-04   3.835236e-15   144
  3.481071e-01   9.579187e-15   2.573258e-04   5.720463e-16   456
  3.495904e-01   2.227903e-14   0.000000e+00   1.880278e-15   120
  3.501414e-01   2.045305e-14   0.000000e+00   1.539762e-15   144
  3.512407e-01   4.624023e-14   0.000000e+00   0.000000e+00   24
  3.519456e-01   1.367786e-14   2.473498e-04   5.301429e-16   336
  3.531645e-01   1.585618e-14   2.727931e-04   8.953812e-16   198
  3.543067e-01   1.676555e-14   2.652756e-04   1.450206e-15   432
  3.556041e-01   3.455361e-15   0.000000e+00   1.454997e-16   48
  3.562810e-01   4.316147e-15   2.341925e-04   2.352382e-16   384
  3.574963e-01   1.727610e-15   2.696052e-04   1.033999e-16   144
  3.585975e-01   4.794239e-15   2.676825e-04   2.991027e-16   264
  3.599147e-01   1.005034e-15   0.000000e+00   1.548424e-24   48
  3.607984e-01   3.834872e-14   2.545223e-04   9.140625e-15   276
  3.616510e-01   6.015527e-15   2.307176e-04   4.881490e-16   192
  3.627906e-01   9.221632e-15   2.592759e-04   6.046671e-16   552
  3.641741e-01   8.427210e-15   8.991328e-09   7.150812e-16   120
  3.649965e-01   7.410052e-15   2.624511e-04   4.951842e-16   216
  3.657587e-01   1.382052e-15   4.495664e-09   8.269963e-17   120
  3.671201e-01   5.145723e-15   2.584500e-04   2.064333e-16   408
  3.683844e-01   4.547177e-14   5.619580e-09   0.000000e+00   24
  3.691684e-01   1.303667e-14   2.610810e-04   9.365534e-16   384
  3.702633e-01   2.115405e-15   2.550855e-04   1.441298e-16   240
  3.712141e-01   4.417437e-15   2.569535e-04   3.993353e-16   168
  3.725471e-01   4.472923e-14   6.357829e-09   5.062929e-15   120
  3.734064e-01   7.250234e-15   2.678605e-04   1.303101e-15   350
  3.748037e-01   9.676324e-15   4.409502e-04   4.782643e-16   384
  3.756388e-01   2.603426e-14   0.000000e+00   2.806685e-15   144
  3.771752e-01   1.173911e-14   1.059638e-08   7.926420e-16   288
  3.779773e-01   7.168690e-15   2.524053e-04   4.301996e-16   336
  3.790686e-01   1.454523e-14   2.297941e-04   8.618529e-16   168
  3.797219e-01   4.622003e-15   4.541306e-09   3.453247e-16   336
  3.810732e-01   8.231510e-15   2.385126e-04   3.834919e-16   288
  3.818848e-01   2.325556e-15   2.247398e-04   2.792583e-16   264
  3.832590e-01   1.455294e-14   0.000000e+00   1.673921e-15   240
  3.837616e-01   1.210746e-15   7.947286e-09   7.400666e-17   96
  3.855656e-01   1.501914e-14   3.056310e-04   7.527827e-16   360
  3.864075e-01   6.475337e-15   2.253025e-04   5.025961e-16   168
  3.874713e-01   3.896935e-15   2.456032e-04   2.098338e-16   456
  3.887523e-01   4.184341e-14   7.064254e-09   1.031276e-14   108
  3.894728e-01   1.944310e-14   2.464311e-04   2.148057e-15   264
  3.903716e-01   3.607635e-14   2.198567e-04   2.550765e-15   264
  3.916025e-01   3.950400e-14   2.074668e-04   3.065219e-15   312
  3.931351e-01   1.539594e-14   1.541705e-04   1.877268e-15   270
  3.937775e-01   1.487320e-14   1.957388e-04   1.326672e-15   240
  3.949323e-01   1.244801e-15   2.421536e-04   6.575169e-17   384
  3.956334e-01   9.458274e-15   0.000000e+00   6.731654e-16   192
  3.969952e-01   3.519365e-15   1.942960e-04   1.753402e-16   240
  3.977852e-01   1.466613e-14   2.397927e-04   1.042495e-15   336
  3.992708e-01   8.736943e-15   2.413972e-04   5.687397e-16   480
  4.004761e-01   7.934719e-16   0.000000e+00   7.594509e-17   72
  4.011493e-01   2.279021e-14   2.353842e-04   1.788036e-15   240
  4.020650e-01   1.167679e-14   2.212289e-04   6.499166e-16   312
  4.031147e-01   2.649246e-14   2.390954e-04   2.787477e-15   240
  4.047009e-01   9.945526e-15   1.816506e-04   8.861453e-16   408
  4.053288e-01   1.969637e-14   1.663482e-04   1.008591e-15   336
  4.065560e-01   1.480736e-14   2.112212e-04   1.421151e-15   264
  4.071591e-01   8.788939e-15   0.000000e+00   2.660415e-16   144
  4.088370e-01   9.664052e-15   2.927651e-04   6.930004e-16   464
  4.097211e-01   6.097451e-15   2.328083e-04   4.890836e-16   168
  4.105939e-01   1.305312e-14   2.120376e-04   5.559888e-16   336
  4.121713e-01   2.171181e-14   2.227870e-04   1.234506e-15   414
  4.130606e-01   4.142145e-15   2.319080e-04   2.906668e-16   216
  4.141998e-01   1.499220e-14   5.619580e-09   2.598660e-15   96
  4.146649e-01   5.882158e-15   1.685874e-08   2.450110e-16   384
  4.162944e-01   2.452851e-14   2.314600e-04   2.333349e-15   492
  4.171676e-01   1.030342e-14   2.263480e-04   9.912853e-16   240
  4.181546e-01   5.374171e-15   2.298225e-04   3.381454e-16   312
  4.195176e-01   6.436949e-15   2.297469e-04   6.697776e-16   192
  4.203810e-01   1.028611e-14   2.226525e-04   4.699041e-16   504
  4.215265e-01   1.896690e-14   1.473998e-04   1.640229e-15   408
  4.224284e-01   4.975363e-15   4.515774e-04   4.882254e-16   168
  4.235571e-01   7.402310e-15   2.145032e-04   4.004917e-16   288
  4.245041e-01   4.261968e-15   2.238525e-04   2.569901e-16   288
  4.254743e-01   1.351625e-14   2.251410e-04   1.077674e-15   432
  4.268815e-01   1.124714e-14   2.129084e-04   1.543246e-15   216
  4.276334e-01   6.918791e-15   2.124592e-04   4.004320e-16   360
  4.289721e-01   4.465023e-15   2.073582e-04   2.470071e-16   312
  4.301803e-01   2.747796e-15   0.000000e+00   4.379605e-24   48
  4.308767e-01   1.887203e-14   2.223178e-04   2.830311e-15   432
  4.321240e-01   6.431633e-15   3.708284e-04   3.259004e-16   414
  4.328606e-01   7.784769e-15   1.956255e-08   6.483175e-16   312
  4.342347e-01   4.802164e-15   3.253813e-04   2.302255e-16   528
  4.351620e-01   2.437433e-15   1.707976e-04   2.339925e-16   264
  4.362761e-01   1.161982e-14   2.025191e-04   5.329201e-16   480
  4.377318e-01   1.515832e-14   0.000000e+00   1.048090e-15   288
  4.383604e-01   1.319369e-14   2.176005e-04   5.691161e-16   168
  4.395105e-01   7.189965e-15   3.444610e-04   4.577131e-16   504
  4.408036e-01   4.593233e-15   7.492773e-09   2.573109e-16   144
  4.416171e-01   8.620617e-15   2.212265e-04   6.380367e-16   464
  4.428396e-01   8.102446e-15   3.246624e-04   5.218120e-16   432
  4.434197e-01   4.540437e-15   5.619580e-09   3.532575e-16   192
  4.449189e-01   2.611575e-14   2.406833e-04   4.397280e-15   396
  4.458042e-01   2.659573e-15   2.162000e-04   1.484390e-16   288
  4.466990e-01   3.856197e-15   2.135686e-04   2.169780e-16   336
  4.481283e-01   4.070043e-15   1.352359e-04   2.390232e-16   432
  4.490354e-01   9.744479e-15   3.505126e-04   5.981903e-16   360
  4.500539e-01   9.456871e-15   2.073334e-04   5.431416e-16   384
  4.515004e-01   1.149692e-14   1.830116e-04   6.639453e-16   198
  4.521974e-01   5.675072e-15   2.080246e-04   3.174976e-16   552
  4.534970e-01   8.760876e-15   2.912202e-04   4.373476e-16   432
  4.545821e-01   9.758847e-15   0.000000e+00   1.180952e-15   168
  4.554927e-01   8.664499e-15   3.610065e-04   4.277778e-16   480
  4.566974e-01   6.006802e-15   0.000000e+00   4.143429e-16   120
  4.572396e-01   3.173620e-15   2.948545e-04   1.632531e-16   336
  4.585628e-01   6.783174e-15   2.080152e-04   2.999962e-16   672
  4.598711e-01   5.170547e-15   3.025866e-04   2.122042e-16   528
  4.604805e-01   2.343518e-15   9.082613e-09   8.392560e-17   168
  4.618883e-01   9.729152e-15   3.375333e-04   4.897646e-16   456
  4.627474e-01   7.575986e-16   2.061344e-04   3.984357e-17   168
  4.636392e-01   1.062056e-14   2.057643e-04   4.682954e-16   504
  4.651216e-01   1.306735e-14   2.647872e-04   1.222444e-15   336
  4.660180e-01   2.508493e-15   1.908802e-04   1.570855e-16   312
  4.670124e-01   7.112713e-15   1.865029e-04   3.576155e-16   504
  4.683210e-01   1.735200e-14   1.294009e-04   8.895534e-16   432
  4.689362e-01   1.138275e-14   1.999672e-04   3.652435e-16   312
  4.702151e-01   1.157279e-14   2.049761e-04   6.380240e-16   384
  4.715504e-01   2.472532e-14   1.741510e-04   2.414167e-15   126
  4.723748e-01   1.745720e-14   3.057676e-04   1.682647e-15   492
  4.734278e-01   5.422262e-15   1.958445e-04   2.981589e-16   528
  4.747438e-01   1.110949e-14   1.989360e-04   5.470149e-16   480
  4.755596e-01   8.035890e-15   2.748289e-04   6.111785e-16   432
  4.767402e-01   1.186308e-14   2.161166e-04   8.351268e-16   440
  4.781114e-01   7.164953e-15   1.074739e-04   4.012439e-16   312
  4.786259e-01   1.349999e-14   1.610586e-04   9.486211e-16   480
  4.796813e-01   2.661417e-15   3.153497e-04   7.418685e-17   408
  4.812233e-01   1.152307e-14   1.888588e-04   6.668464e-16   360
  4.818747e-01   2.947021e-15   1.822418e-04   1.167299e-16   408
  4.830820e-01   5.621848e-15   1.854542e-04   2.102882e-16   456
  4.844414e-01   4.694666e-15   1.772485e-04   3.127827e-16   264
  4.851959e-01   1.069308e-14   1.923591e-04   4.304482e-16   384
  4.862943e-01   1.358906e-14   3.238501e-04   1.132033e-15   672
  4.875640e-01   1.082514e-14   1.937042e-04   5.815503e-16   240
  4.882967e-01   2.875029e-15   1.965613e-04   2.062543e-16   264
  4.893308e-01   1.051824e-14   2.424259e-04   5.198879e-16   624
  4.908739e-01   3.142831e-15   0.000000e+00   1.186864e-16   150
  4.914232e-01   9.193254e-15   2.716574e-04   6.140980e-16   600
  4.925819e-01   6.256899e-15   1.874909e-04   3.397121e-16   672
  4.938939e-01   6.685807e-15   1.763484e-04   4.206883e-16   336
  4.946248e-01   3.740645e-15   1.918157e-04   1.821971e-16   408
  4.957926e-01   6.861908e-15   1.913639e-04   5.520821e-16   408
  4.970915e-01   4.231672e-15   9.676385e-05   3.462560e-16   360
  4.978921e-01   1.152582e-14   3.552857e-04   9.046196e-16   456
  4.988592e-01   1.709053e-14   1.932065e-04   7.774147e-16   384
  5.000902e-01   2.422348e-14   1.783541e-04   3.187809e-15   348
  5.007554e-01   1.140360e-14   2.198754e-04   9.481337e-16   576
  5.020050e-01   1.069388e-14   1.810385e-04   5.267824e-16   504
  5.032833e-01   4.277937e-15   2.553443e-04   2.793965e-16   432
  5.043991e-01   1.042624e-14   3.473946e-04   5.198085e-16   576
  5.051948e-01   3.779346e-15   0.000000e+00   2.092967e-16   264
  5.064571e-01   6.644636e-15   2.764393e-04   1.980432e-16   768
  5.075549e-01   1.409933e-14   3.721752e-04   6.955567e-16   240
  5.084277e-01   6.098758e-15   3.282233e-04   5.091143e-16   192
  5.096990e-01   1.599783e-14   2.416124e-04   1.400772e-15   504
  5.106418e-01   6.913188e-15   3.255818e-04   3.060150e-16   590
  5.115460e-01   2.829934e-15   3.647966e-04   1.683105e-16   384
  5.126798e-01   1.880506e-14   3.048625e-04   8.221521e-16   504
  5.140486e-01   1.174714e-14   2.933830e-04   5.109679e-16   648
  5.153764e-01   3.903296e-15   7.967896e-05   2.127502e-16   504
  5.159117e-01   1.433741e-14   1.817627e-04   1.048948e-15   312
  5.168569e-01   5.774842e-15   2.618753e-04   2.353359e-16   576
  5.181545e-01   2.003370e-14   1.822405e-04   2.301116e-15   240
  5.189109e-01   7.713543e-15   1.841453e-04   2.828419e-16   552
  5.199816e-01   1.050622e-14   1.729082e-04   6.246564e-16   600
  5.215067e-01   1.094346e-14   2.111937e-04   5.218047e-16   600
  5.224237e-01   8.883869e-15   3.382099e-04   3.889574e-16   312
  5.233368e-01   8.486305e-15   2.945474e-04   3.662903e-16   480
  5.244775e-01   8.767834e-15   1.837693e-04   4.238809e-16   576
  5.254818e-01   1.635156e-15   2.959085e-04   5.913855e-17   408
  5.263729e-01   9.333275e-15   3.451909e-04   1.484501e-15   216
  5.275243e-01   1.862206e-14   2.643774e-04   4.686796e-15   516
  5.287578e-01   6.186139e-15   2.522429e-04   4.723446e-16   744
  5.300304e-01   4.010044e-15   1.684760e-04   3.541635e-16   462
  5.307494e-01   1.813899e-14   1.712315e-04   2.482170e-15   432
  5.318647e-01   5.424852e-15   1.588547e-04   2.420546e-16   648
  5.331761e-01   1.521802e-14   2.324340e-04   9.509449e-16   528
  5.342295e-01   9.465570e-15   2.799086e-04   4.036690e-16   600
  5.352820e-01   1.565112e-14   3.528915e-04   1.058916e-15   240
  5.363014e-01   1.248731e-14   2.703115e-04   4.761199e-16   720
  5.374863e-01   8.953754e-15   2.138653e-04   6.045922e-16   720
  5.387997e-01   1.551828e-14   0.000000e+00   1.216432e-15   144
  5.394909e-01   9.457917e-15   2.757364e-04   4.066825e-16   720
  5.404742e-01   6.135831e-15   1.653370e-04   3.183712e-16   384
  5.417051e-01   1.055215e-14   1.832848e-04   5.903466e-16   672
  5.428730e-01   7.274164e-15   3.209115e-04   3.120561e-16   336
  5.434308e-01   2.296784e-14   0.000000e+00   1.141814e-15   288
  5.447967e-01   6.409349e-15   2.539800e-04   5.309182e-16   776
  5.460612e-01   1.930177e-14   2.173184e-04   1.023547e-15   720
  5.471231e-01   2.922619e-14   1.750659e-04   1.410030e-15   432
  5.479725e-01   4.677835e-15   2.495786e-04   2.524994e-16   504
  5.489174e-01   5.676195e-15   1.748652e-04   2.168233e-16   528
  5.502396e-01   5.139730e-15   2.382437e-04   2.401377e-16   438
  5.513273e-01   1.053181e-14   2.772938e-04   4.133746e-16   624
  5.521470e-01   1.406061e-14   3.396475e-04   1.160666e-15   312
  5.532738e-01   7.450588e-15   1.829935e-04   4.125943e-16   696
  5.544390e-01   1.909091e-14   1.655760e-04   9.156378e-16   552
  5.556509e-01   1.141744e-14   1.281006e-04   1.753125e-15   516
  5.564006e-01   5.957599e-15   2.558713e-04   1.884792e-16   528
  5.573133e-01   5.670711e-15   1.664001e-04   2.332602e-16   528
  5.586097e-01   1.522488e-14   2.194479e-04   5.715889e-16   864
  5.594897e-01   2.260382e-14   3.005985e-04   1.479259e-15   408
  5.603706e-01   7.402168e-15   2.978186e-04   3.018103e-16   192
  5.616191e-01   1.114345e-14   2.464592e-04   4.386727e-16   720
  5.626731e-01   6.186692e-15   2.272475e-04   2.458419e-16   696
  5.639255e-01   9.557753e-15   2.454294e-04   3.912531e-16   720
  5.650713e-01   3.088742e-15   3.326501e-04   1.514397e-16   432
  5.657395e-01   1.012339e-14   1.958109e-04   6.954957e-16   264
  5.669418e-01   4.341026e-15   2.704061e-04   1.388991e-16   672
  5.680171e-01   1.236230e-14   2.768544e-04   9.582708e-16   600
  5.692933e-01   2.985915e-14   1.620980e-04   2.958875e-15   270
  5.699366e-01   4.865997e-15   2.440026e-04   2.186471e-16   528
  5.709591e-01   1.004430e-14   1.670843e-04   4.315679e-16   840
  5.723613e-01   6.914044e-15   3.194952e-04   3.255370e-16   888
  5.736568e-01   5.158791e-15   2.380474e-04   2.703549e-16   744
  5.747517e-01   6.046158e-15   1.223216e-04   3.499244e-16   456
  5.752963e-01   2.934812e-15   1.671601e-04   1.879166e-16   360
  5.762282e-01   3.454305e-15   1.448348e-04   1.896642e-16   384
  5.776580e-01   1.163021e-14   2.323137e-04   5.127087e-16   816
  5.787308e-01   5.620858e-15   3.370546e-04   1.681803e-16   824
  5.800348e-01   1.544207e-14   1.566791e-04   1.256935e-15   360
  5.807331e-01   9.405880e-15   2.311994e-04   3.925461e-16   624
  5.816941e-01   1.677990e-14   1.562320e-04   5.230171e-16   360
  5.829744e-01   1.497861e-14   2.125215e-04   2.460439e-15   876
  5.841306e-01   1.265061e-14   2.524119e-04   6.470454e-16   696
  5.852967e-01   6.082702e-15   1.629911e-04   3.824826e-16   336
  5.859080e-01   1.030680e-14   1.628079e-04   3.480491e-16   504
  5.869176e-01   8.062265e-15   1.642187e-04   3.909360e-16   672
  5.884155e-01   1.082709e-14   3.269213e-04   4.729562e-16   720
  5.894543e-01   7.113086e-15   2.469541e-04   2.519464e-16   774
  5.906010e-01   6.476799e-15   1.413501e-04   4.475316e-16   384
  5.912015e-01   8.970844e-15   2.720183e-04   3.969341e-16   528
  5.921335e-01   4.734967e-15   2.592486e-04   1.815230e-16   744
  5.936327e-01   1.212014e-14   2.138251e-04   5.937307e-16   768
  5.946281e-01   7.167252e-15   2.400348e-04   3.328741e-16   552
  5.958700e-01   1.271517e-14   2.616108e-04   6.193069e-16   696
  5.967938e-01   2.382394e-14   3.179026e-04   1.183256e-15   408
  5.975272e-01   1.158658e-14   1.373364e-04   8.106793e-16   504
  5.986899e-01   7.616907e-15   2.467198e-04   3.225738e-16   888
  5.998339e-01   6.113107e-15   2.564132e-04   2.699382e-16   648
  6.010230e-01   4.735767e-15   2.542153e-04   3.110593e-16   648
  6.021418e-01   1.097370e-14   2.741064e-04   3.579828e-16   792
  6.033268e-01   1.233144e-14   4.010364e-04   5.698915e-16   600
  6.042000e-01   3.177711e-15   2.717856e-04   2.181856e-16   456
  6.051191e-01   9.310007e-15   1.324567e-04   2.439387e-16   648
  6.062996e-01   1.386384e-14   2.583099e-04   4.618751e-16   936
  6.075741e-01   1.683604e-14   1.586356e-04   7.476177e-16   384
  6.086836e-01   5.711439e-15   1.334798e-08   4.403230e-16   198
  6.095398e-01   1.137748e-14   4.024720e-04   4.117117e-16   1224
  6.104634e-01   2.197532e-14   2.931235e-04   5.013515e-15   420
  6.115558e-01   1.160693e-14   2.836822e-04   5.948886e-16   792
  6.126238e-01   9.763290e-15   2.345810e-04   5.508064e-16   680
  6.138428e-01   1.222314e-14   2.154033e-04   6.166669e-16   600
  6.148235e-01   6.411219e-15   3.123938e-04   2.148304e-16   840
  6.161330e-01   1.916674e-14   1.474979e-04   2.059191e-15   432
  6.166334e-01   5.438015e-15   1.382249e-04   3.685347e-16   720
  6.177213e-01   8.761575e-15   2.768404e-04   4.832351e-16   960
  6.190745e-01   1.679225e-14   2.467829e-04   5.106632e-16   528
  6.200634e-01   1.243274e-14   2.522592e-04   5.604186e-16   624
  6.212404e-01   8.120018e-15   1.982740e-04   4.145713e-16   816
  6.224086e-01   1.295216e-14   3.260658e-04   4.590302e-16   696
  6.236996e-01   1.306615e-14   2.202416e-08   1.029063e-15   240
  6.241851e-01   1.259347e-14   1.922888e-04   6.504701e-16   672
  6.252686e-01   1.953799e-14   3.436476e-04   7.460868e-16   864
  6.264840e-01   6.924664e-15   2.636938e-04   2.782990e-16   816
  6.275795e-01   8.579100e-15   1.509292e-04   5.859935e-16   648
  6.287594e-01   9.962543e-15   1.542771e-04   3.394567e-16   843
  6.297611e-01   3.047364e-14   2.775825e-04   1.334850e-15   780
  6.309548e-01   2.939639e-14   1.489456e-04   2.119525e-15   216
  6.316911e-01   9.975926e-15   3.591661e-04   2.710366e-16   1056
  6.328235e-01   5.227507e-15   2.938382e-04   5.664120e-16   228
  6.338720e-01   1.260275e-14   3.658358e-04   5.603315e-16   924
  6.349484e-01   8.033396e-15   1.357046e-04   3.629478e-16   696
  6.360882e-01   9.015666e-15   2.415153e-04   4.596707e-16   996
  6.372543e-01   1.992472e-14   1.425858e-04   9.265349e-16   576
  6.384675e-01   3.135439e-14   2.200718e-04   3.848914e-15   552
  6.393519e-01   1.536882e-14   2.627580e-04   8.246290e-16   516
  6.402494e-01   1.633323e-14   3.821047e-04   5.537058e-16   744
  6.412749e-01   7.333129e-15   1.874451e-04   3.707236e-16   576
  6.421669e-01   8.899229e-15   1.929285e-04   2.953904e-16   792
  6.434346e-01   6.376163e-15   2.205530e-04   7.099711e-16   792
  6.443636e-01   2.210499e-14   2.378641e-04   1.071847e-15   720
  6.456200e-01   6.370668e-15   2.711104e-04   2.461123e-16   656
  6.467974e-01   1.167930e-14   2.960385e-04   4.999963e-16   816
  6.480043e-01   1.818950e-14   1.596190e-04   1.268195e-15   492
  6.486903e-01   7.819725e-15   2.296231e-04   7.026809e-16   552
  6.499778e-01   1.624144e-14   3.992867e-04   7.257031e-16   780
  6.508139e-01   1.250817e-14   2.452771e-04   3.966039e-16   528
  6.517148e-01   1.469838e-14   2.863130e-04   8.428488e-16   600
  6.530425e-01   1.512224e-14   2.379487e-04   1.472987e-15   900
  6.539577e-01   1.360520e-14   1.317325e-04   6.277225e-16   696
  6.552168e-01   1.680020e-14   3.330907e-04   1.318489e-15   696
  6.564349e-01   9.907308e-15   1.351317e-04   5.911612e-16   552
  6.574592e-01   7.974871e-15   1.571457e-04   3.305545e-16   708
  6.585322e-01   1.397506e-14   2.594565e-04   7.444143e-16   876
  6.596487e-01   2.355616e-14   1.377663e-04   1.083620e-15   216
  6.603980e-01   1.452725e-14   3.768094e-04   6.012498e-16   1032
  6.615201e-01   2.343320e-14   4.195357e-04   1.411002e-15   600
  6.626848e-01   1.393817e-14   2.001869e-04   7.180507e-16   600
  6.635732e-01   1.738534e-14   3.535112e-04   1.196277e-15   528
  6.646233e-01   1.376344e-14   1.940622e-04   6.278251e-16   732
  6.657296e-01   6.815292e-15   1.432973e-04   4.068053e-16   336
  6.670031e-01   2.003027e-14   2.042271e-04   2.184635e-15   912
  6.679548e-01   1.494533e-14   2.049821e-04   5.563011e-16   624
  6.689946e-01   2.215958e-14   1.727341e-04   1.082624e-15   768
  6.702082e-01   1.172117e-14   3.116463e-04   4.190401e-16   792
  6.713995e-01   1.523846e-14   1.545014e-04   7.791037e-16   660
  6.722471e-01   7.591156e-15   2.276826e-04   4.493829e-16   504
  6.731238e-01   1.848253e-14   3.719898e-04   1.165314e-15   480
  6.744376e-01   1.287873e-14   3.440421e-04   4.911734e-16   912
  6.754664e-01   1.076438e-14   3.831443e-04   3.808403e-16   432
  6.764380e-01   9.105390e-15   2.275021e-04   6.086322e-16   564
  6.773006e-01   1.285749e-14   2.177508e-04   7.685953e-16   600
  6.785149e-01   8.601163e-15   3.035240e-04   7.232784e-16   876
  6.794272e-01   4.865830e-15   1.364735e-04   2.742040e-16   264
  6.806846e-01   1.930971e-14   2.648123e-04   9.678790e-16   560
  6.816953e-01   5.962894e-15   1.799457e-04   2.508067e-16   840
  6.829222e-01   1.215118e-14   2.774244e-04   6.548176e-16   1008
  6.840568e-01   8.436831e-15   1.241010e-04   5.364708e-16   456
  6.850930e-01   2.771804e-14   1.607553e-04   1.892061e-15   576
  6.860509e-01   1.823459e-14   2.470177e-04   8.439794e-16   612
  6.873140e-01   7.481404e-15   2.206269e-04   3.459681e-16   780
  6.883444e-01   2.084938e-14   2.528284e-04   1.072218e-15   648
  6.893992e-01   1.861459e-14   1.178213e-04   2.309704e-15   312
  6.900734e-01   6.225335e-15   2.993645e-04   2.976896e-16   528
  6.912414e-01   1.633288e-14   3.909551e-04   1.082840e-15   720
  6.923583e-01   1.486123e-14   3.921794e-04   6.831499e-16   576
  6.937124e-01   2.132464e-14   3.383053e-04   1.767809e-15   444
  6.945549e-01   1.560064e-14   3.317685e-04   1.269710e-15   996
  6.955874e-01   8.659190e-15   2.771265e-04   4.780067e-16   432
  6.965633e-01   7.488857e-15   3.033990e-04   4.216642e-16   504
  6.974062e-01   6.252221e-15   1.367883e-04   4.097028e-16   504
  6.986065e-01   1.035147e-14   2.692009e-04   4.277365e-16   876
  6.996926e-01   6.327218e-15   3.098246e-04   2.609201e-16   504
  7.008236e-01   1.357115e-14   1.975899e-04   4.851655e-16   696
  7.017583e-01   9.551778e-15   1.689187e-04   8.163496e-16   492
  7.030300e-01   8.152286e-15   2.418152e-04   8.249449e-16   432
  7.039719e-01   1.184304e-14   2.264335e-04   6.109794e-16   768
  7.050885e-01   6.809274e-15   2.820533e-04   3.139335e-16   648
  7.061547e-01   1.258809e-14   1.840095e-04   1.087582e-15   456
  7.073798e-01   7.598011e-15   2.530430e-04   4.028553e-16   552
  7.082306e-01   8.302631e-15   1.734358e-04   4.892981e-16   648
  7.094016e-01   8.635620e-15   2.826907e-04   4.043005e-16   840
  7.105454e-01   1.076117e-14   1.348092e-04   9.731041e-16   432
  7.116906e-01   1.233376e-14   1.651183e-04   6.371038e-16   600
  7.124870e-01   1.159804e-14   1.759227e-04   7.006640e-16   432
  7.138248e-01   1.592067e-14   1.751482e-04   7.822364e-16   560
  7.147308e-01   8.489739e-15   2.772412e-04   3.881030e-16   840
  7.158652e-01   8.043835e-15   1.642140e-04   4.513377e-16   504
  7.167662e-01   1.723768e-14   3.351509e-04   8.097304e-16   696
  7.180362e-01   1.803206e-14   1.830475e-04   7.154525e-16   384
  7.190254e-01   8.961764e-15   2.681431e-04   5.660072e-16   576
  7.202219e-01   7.647427e-15   1.654845e-04   4.617250e-16   360
  7.211864e-01   1.379289e-14   2.464465e-04   9.606102e-16   828
  7.222268e-01   2.498199e-14   2.195064e-04   6.063678e-15   372
  7.231800e-01   4.182747e-15   3.352284e-04   2.512528e-16   576
  7.244428e-01   9.872391e-15   1.403933e-04   4.895383e-16   636
  7.253425e-01   1.188271e-14   2.706420e-04   9.861997e-16   648
  7.265596e-01   1.916911e-14   2.200024e-04   1.299265e-15   576
  7.274333e-01   1.606223e-14   3.548870e-04   8.737714e-16   528
  7.285953e-01   1.513001e-14   1.517289e-04   6.426780e-16   360
  7.295571e-01   1.601712e-14   3.490332e-04   8.284414e-16   672
  7.308130e-01   1.123721e-14   1.787806e-04   7.345720e-16   804
  7.318582e-01   8.206341e-15   1.972163e-04   6.539474e-16   408
  7.330145e-01   7.081574e-15   1.219011e-04   3.714989e-16   384
  7.337931e-01   2.217514e-14   2.789567e-04   1.258519e-15   480
  7.348913e-01   1.442516e-14   1.802469e-04   9.865476e-16   432
  7.359446e-01   7.575205e-15   3.321566e-04   5.856338e-16   648
  7.371913e-01   1.918494e-14   2.061016e-04   1.294805e-15   624
  7.381033e-01   8.975912e-15   1.874668e-04   4.237343e-16   456
  7.393486e-01   1.324437e-14   2.560963e-04   8.049331e-16   588
  7.401831e-01   7.906027e-15   1.633884e-04   7.269332e-16   600
  7.414016e-01   2.021680e-14   2.548458e-04   1.061740e-15   708
  7.423640e-01   1.463517e-14   1.605479e-04   1.215437e-15   360
  7.434275e-01   8.871597e-15   1.845541e-04   4.192730e-16   552
  7.444470e-01   3.978605e-15   1.294691e-04   2.034554e-16   288
  7.454820e-01   9.995407e-15   2.434372e-04   4.257060e-16   528
  7.464545e-01   1.455851e-14   1.642340e-04   5.565059e-16   456
  7.475410e-01   1.999849e-14   2.912225e-04   8.445284e-16   608
  7.486338e-01   8.798391e-15   1.408967e-04   5.695141e-16   504
  7.498278e-01   2.445349e-14   3.024972e-04   1.367196e-15   540
  7.507642e-01   2.648799e-14   3.247222e-04   1.046681e-15   360
  7.517735e-01   8.638015e-15   1.470509e-04   6.661436e-16   540
  7.526661e-01   9.442510e-15   1.262606e-04   4.543244e-16   576
  7.539642e-01   1.231554e-14   2.927555e-04   4.902616e-16   588
  7.551985e-01   1.177175e-14   4.039143e-04   6.389741e-16   672
  7.562588e-01   2.074788e-14   3.087151e-04   1.082796e-15   552
  7.571135e-01   1.269671e-14   3.088712e-04   7.422408e-16   144
  7.582042e-01   1.477751e-14   2.624178e-04   6.521511e-16   600
  7.592383e-01   9.620975e-15   3.288668e-04   5.533612e-16   504
  7.603860e-01   5.922023e-15   3.378126e-04   6.207811e-16   336
  7.615932e-01   2.056979e-14   3.797028e-04   9.405039e-16   600
  7.626744e-01   9.891426e-15   2.450478e-04   1.143096e-15   636
  7.638413e-01   1.914347e-14   1.970206e-04   1.839107e-15   384
  7.646595e-01   8.458035e-15   2.748205e-04   4.743825e-16   504
  7.658387e-01   1.800468e-14   1.153383e-04   1.256452e-15   240
  7.667694e-01   1.666704e-14   2.709461e-04   8.237217e-16   744
  7.678860e-01   5.596393e-15   1.850150e-04   3.022813e-16   648
  7.688783e-01   3.643103e-14   1.228185e-04   2.762982e-15   120
  7.700414e-01   9.866209e-15   1.929319e-04   4.327696e-16   564
  7.709202e-01   1.045922e-14   3.030111e-04   4.089057e-16   432
  7.720932e-01   1.542985e-14   2.351965e-04   8.898506e-16   480
  7.729764e-01   5.647414e-15   1.731106e-04   4.572271e-16   456
  7.740189e-01   7.291801e-15   2.864725e-04   8.262009e-16   444
  7.752020e-01   1.779847e-14   4.383180e-04   1.582598e-15   528
  7.762412e-01   1.353755e-14   3.255297e-04   8.658733e-16   264
  7.772498e-01   2.644929e-14   3.336195e-04   4.347128e-15   444
  7.786065e-01   1.478690e-14   3.654311e-04   7.757518e-16   696
  7.797327e-01   1.302410e-14   1.954448e-04   5.931306e-16   384
  7.805563e-01   7.098584e-15   2.469609e-04   2.546875e-16   432
  7.818373e-01   1.765765e-14   1.706384e-04   1.002396e-15   488
  7.826690e-01   6.920732e-15   2.571733e-04   3.288437e-16   480
  7.838749e-01   1.783273e-14   2.868014e-04   7.950213e-16   480
  7.848089e-01   9.284734e-15   1.203331e-04   9.922728e-16   240
  7.858692e-01   6.752821e-15   2.810886e-04   2.889651e-16   600
  7.868694e-01   6.191107e-15   2.449399e-04   5.043371e-16   288
  7.879343e-01   9.674203e-15   2.356143e-04   5.362069e-16   480
  7.890129e-01   1.754785e-14   4.191157e-04   9.658025e-16   504
  7.900748e-01   1.088820e-14   1.798267e-04   8.993145e-16   216
  7.914291e-01   8.851539e-15   2.944050e-04   3.421669e-16   504
  7.924838e-01   1.535745e-14   2.367912e-04   9.468455e-16   456
  7.936384e-01   8.954228e-15   1.358038e-04   3.997617e-16   384
  7.944031e-01   5.170712e-15   2.756326e-04   1.864756e-16   480
  7.954897e-01   1.376992e-14   2.420363e-04   8.983832e-16   504
  7.964966e-01   1.324763e-14   1.535327e-04   8.906002e-16   312
  7.975815e-01   1.203947e-14   2.474127e-04   6.588117e-16   492
  7.985417e-01   8.234342e-15   2.318919e-04   1.002962e-15   312
  7.997779e-01   1.451281e-14   3.766899e-04   8.964024e-16   576
  8.008661e-01   1.632403e-14   3.477153e-04   1.266925e-15   336
  8.017699e-01   8.574562e-15   2.677247e-04   6.901033e-16   240
  8.030228e-01   1.884356e-14   3.549351e-04   1.189995e-15   468
  8.041047e-01   1.226525e-14   2.222407e-04   1.318172e-15   192
  8.052370e-01   2.898931e-14   2.229031e-04   4.844560e-15   324
  8.060669e-01   1.397743e-14   1.617794e-04   7.605969e-16   600
  8.071978e-01   1.017482e-14   2.624704e-04   7.149987e-16   456
  8.080377e-01   8.584493e-15   1.180592e-04   6.396765e-16   336
  8.094297e-01   1.231571e-14   3.535027e-04   5.804683e-16   612
  8.104424e-01   1.083073e-14   2.966749e-04   1.307230e-15   144
  8.114002e-01   1.182390e-14   3.462957e-04   6.877550e-16   552
  8.127025e-01   1.076562e-14   1.363755e-04   6.011500e-16   264
  8.134384e-01   5.994876e-15   3.157441e-04   3.260964e-16   336
  8.145992e-01   1.371541e-14   2.086329e-04   7.053042e-16   384
  8.156059e-01   9.056818e-15   1.174397e-04   7.492268e-16   216
  8.167203e-01   5.252658e-15   2.489964e-04   2.511052e-16   344
  8.177364e-01   5.533952e-15   3.715143e-04   2.651347e-16   408
  8.189746e-01   2.630527e-14   2.854845e-04   4.131060e-15   264
  8.200718e-01   9.256037e-15   3.979796e-04   5.255145e-16   612
  8.211681e-01   7.819753e-15   2.048307e-04   3.401399e-16   408
  8.222956e-01   2.392131e-14   2.051251e-04   1.896866e-15   444
  8.231239e-01   7.847381e-15   1.147249e-04   5.819566e-16   120
  8.242338e-01   1.355590e-14   3.169640e-04   8.256853e-16   336
  8.250576e-01   3.534908e-15   1.101437e-04   1.403033e-16   288
  8.261708e-01   9.495511e-15   3.427692e-04   3.898734e-16   552
  8.277012e-01   1.514907e-14   1.835347e-08   9.577356e-16   72
  8.284882e-01   1.452168e-14   3.404572e-04   6.410080e-16   504
  8.294074e-01   4.351948e-15   1.095558e-04   2.205726e-16   216
  8.305983e-01   4.478261e-15   1.956043e-04   3.307369e-16   312
  8.316675e-01   1.672766e-14   2.227263e-04   1.261340e-15   336
  8.326865e-01   4.642365e-14   3.087236e-04   8.087571e-15   204
  8.337014e-01   1.540468e-14   3.587838e-04   1.159563e-15   504
  8.347777e-01   2.115008e-14   3.416652e-04   1.324534e-15   396
  8.358127e-01   9.539793e-15   3.133249e-04   9.813239e-16   312
  8.370674e-01   1.218042e-14   1.914750e-04   7.594489e-16   216
  8.379516e-01   1.229027e-14   1.039172e-04   7.287725e-16   168
  8.390260e-01   1.492416e-14   2.623966e-04   1.046631e-15   588
  8.402521e-01   6.563321e-15   3.561727e-04   4.113906e-16   240
  8.412047e-01   3.583365e-15   3.145601e-04   2.743342e-16   264
  8.423219e-01   8.016767e-15   3.890183e-04   4.460218e-16   288
  8.433131e-01   6.455586e-15   1.942596e-04   3.506310e-16   288
  8.445693e-01   3.831210e-15   1.824406e-04   3.128949e-16   288
  8.454153e-01   1.512387e-14   2.113423e-04   1.029780e-15   192
  8.464795e-01   9.001564e-15   2.248894e-04   5.923667e-16   264
  8.474933e-01   1.733364e-14   3.699119e-04   2.284858e-15   372
  8.485844e-01   2.105818e-14   3.995208e-04   9.115940e-16   360
  8.499161e-01   3.770708e-14   1.690810e-04   4.028564e-15   144
  8.506044e-01   1.350259e-14   2.348461e-04   9.418657e-16   296
  8.516909e-01   2.222926e-14   2.530345e-04   1.250757e-15   288
  8.529347e-01   6.135611e-15   3.781537e-04   3.326213e-16   480
  8.540076e-01   2.324668e-14   3.142096e-04   2.981659e-15   192
  8.550509e-01   7.949575e-15   3.370327e-04   9.678909e-16   192
  8.559992e-01   4.887262e-15   2.147949e-04   2.285792e-16   288
  8.573180e-01   4.476340e-15   1.869760e-04   1.865055e-16   108
  8.579823e-01   4.899023e-15   1.797545e-04   2.684979e-16   240
  8.591554e-01   5.483597e-15   3.353363e-04   4.186983e-16   384
  8.603605e-01   1.870061e-13   4.090723e-04   4.786607e-14   108
  8.614261e-01   8.456634e-15   2.398466e-04   6.165225e-16   348
  8.625466e-01   1.046736e-14   2.503134e-04   9.631635e-16   312
  8.635474e-01   2.379116e-14   2.432319e-04   4.148096e-15   96
  8.644677e-01   6.457253e-15   3.238194e-04   6.291266e-16   384
  8.654984e-01   1.273064e-14   2.227222e-04   1.431975e-15   144
  8.665066e-01   9.142091e-15   3.422225e-04   1.148633e-15   408
  8.677598e-01   4.299315e-14   1.526554e-04   6.105623e-15   144
  8.689437e-01   4.695841e-15   2.934816e-04   4.939278e-16   192
  8.696459e-01   2.137490e-14   3.303190e-04   6.829397e-16   144
  8.707904e-01   2.898175e-15   2.685615e-04   1.518857e-16   144
  8.718702e-01   8.814838e-15   3.282257e-04   4.615380e-16   336
  8.731927e-01   1.616080e-14   2.428454e-04   1.879829e-15   240
  8.740312e-01   1.526462e-15   1.102739e-04   1.015951e-16   96
  8.752007e-01   2.978462e-14   3.233803e-04   4.198546e-15   372
  8.763838e-01   8.194931e-15   3.846540e-04   5.858723e-16   132
  8.774230e-01   1.734584e-14   2.380193e-04   1.762855e-15   264
  8.783527e-01   1.938026e-14   1.827880e-04   1.401333e-15   168
  8.793449e-01   1.077662e-14   2.922429e-04   1.131028e-15   216
  8.802213e-01   1.510785e-14   1.787978e-04   1.292885e-15   216
  8.814979e-01   2.648228e-15   3.280196e-04   2.707424e-16   96
  8.826561e-01   4.119754e-14   2.140028e-04   6.703470e-15   120
  8.837183e-01   1.027300e-14   2.720578e-04   8.305093e-16   216
  8.845934e-01   1.365440e-14   1.188902e-04   1.228890e-15   200
  8.857519e-01   1.516273e-14   3.077557e-04   1.199428e-15   288
  8.872378e-01   4.127937e-15   8.097649e-05   4.295923e-16   144
  8.878635e-01   6.490962e-15   2.519939e-04   5.956689e-16   168
  8.891412e-01   3.416615e-14   2.835956e-04   1.444210e-14   159
  8.901386e-01   1.190507e-14   2.975600e-04   9.115037e-16   174
  8.911039e-01   1.726310e-14   2.698170e-04   2.027864e-15   144
  8.923678e-01   4.735094e-15   1.557998e-04   4.005849e-16   222
  8.932131e-01   4.964108e-16   1.572158e-04   4.302727e-17   168
  8.946732e-01   5.523040e-14   3.448346e-04   1.662091e-14   30
  8.952763e-01   1.012556e-14   3.044637e-04   2.763791e-16   72
  8.964123e-01   1.618784e-14   2.717302e-04   1.592606e-15   258
  8.976612e-01   4.923865e-15   1.701916e-04   3.932148e-16   264
  8.982857e-01   3.814351e-15   0.000000e+00   2.844968e-16   72
  8.995871e-01   1.185799e-14   3.373270e-04   1.076164e-15   174
  9.007654e-01   1.191789e-14   3.591909e-04   1.057243e-15   168
  9.017127e-01   1.238965e-14   1.123916e-08   0.000000e+00   48
  9.027297e-01   5.822829e-15   2.028435e-04   9.552715e-16   150
  9.039088e-01   2.050434e-14   3.731453e-04   1.633747e-15   168
  9.050911e-01   1.437328e-14   2.273028e-04   9.942701e-16   144
  9.061784e-01   3.251023e-14   2.123525e-04   5.747099e-15   102
  9.069882e-01   8.326687e-15   3.143182e-04   4.926307e-16   96
  9.082731e-01   9.518136e-15   3.119397e-04   7.737840e-16   120
  9.092246e-01   4.977887e-15   3.345635e-04   3.701932e-16   168
  9.102538e-01   6.026508e-15   2.470487e-04   5.988593e-16   126
  9.111308e-01   1.374667e-14   1.863241e-04   8.769240e-16   168
  9.123389e-01   4.406657e-16   2.987709e-04   1.756808e-17   72
  9.133947e-01   2.803211e-15   3.741278e-04   1.479727e-16   168
  9.143196e-01   6.677655e-15   1.025668e-04   1.217375e-15   78
  9.155870e-01   2.090615e-16   1.684070e-04   7.968067e-18   60
  9.166075e-01   3.362940e-15   2.731835e-04   1.964778e-16   96
  9.176659e-01   1.471049e-14   3.314854e-04   4.182148e-16   168
  9.186605e-01   6.723613e-15   2.097511e-04   5.997648e-16   86
  9.197042e-01   4.885676e-15   1.874678e-04   2.147127e-16   120
  9.212002e-01   1.188704e-14   1.336894e-04   1.525537e-15   168
  9.220069e-01   7.097572e-15   0.000000e+00   0.000000e+00   48
  9.230934e-01   7.722733e-15   2.435676e-04   7.453775e-16   120
  9.237177e-01   1.957081e-14   1.776924e-04   1.565693e-15   126
  9.252418e-01   1.611081e-15   3.125113e-04   1.364156e-16   96
  9.262310e-01   2.905855e-14   9.011285e-05   9.154125e-16   96
  9.270111e-01   2.374370e-15   0.000000e+00   1.513947e-16   72
  9.286731e-01   1.610491e-15   1.123916e-08   1.548424e-24   24
  9.297104e-01   1.514534e-14   1.854501e-04   1.169786e-15   120
  9.305196e-01   1.573703e-14   2.705147e-04   5.460857e-15   126
  9.314194e-01   3.463649e-15   2.255107e-04   2.015083e-16   96
  9.324708e-01   2.172921e-15   3.897482e-04   2.654635e-16   72
  9.336415e-01   3.087440e-15   1.685792e-04   2.259044e-16   144
  9.346046e-01   1.714196e-15   9.723254e-05   1.380807e-16   72
  9.355666e-01   6.683223e-15   1.942081e-04   2.468205e-15   54
  9.364132e-01   2.505445e-14   1.711436e-04   3.209836e-15   108
  9.381728e-01   7.410728e-14   1.677650e-04   8.694242e-15   72
  9.387206e-01   8.417852e-16   9.680617e-05   1.735381e-17   72
  9.400202e-01   1.232117e-14   1.946680e-08   3.503684e-23   24
  9.412498e-01   3.824297e-15   2.047976e-04   3.871431e-16   48
  9.419964e-01   9.755266e-15   1.560029e-04   3.913061e-16   102
  9.431203e-01   4.252552e-15   3.528137e-04   2.354240e-16   168
  9.445889e-01   2.788815e-15   1.924163e-04   2.238090e-16   72
  9.451330e-01   2.066926e-16   0.000000e+00   9.677651e-26   48
  9.462744e-01   1.644996e-14   3.309678e-04   1.050622e-15   120
  9.477807e-01   2.809838e-14   2.033864e-04   3.054751e-15   96
  9.492033e-01   5.605631e-14   2.202416e-08   2.894306e-16   30
  9.508942e-01   1.574295e-14   9.555995e-05   1.254706e-15   72
  9.516372e-01   1.493249e-14   1.123916e-08   4.954957e-23   24
  9.525916e-01   9.626550e-15   1.416435e-04   1.143139e-15   56
  9.536606e-01   1.337156e-14   2.021324e-04   1.998219e-15   96
  9.549399e-01   5.102138e-15   2.232036e-04   6.060990e-16   144
  9.559263e-01   1.993729e-14   1.267263e-04   7.740723e-15   54
  9.573592e-01   6.567992e-15   1.898493e-04   1.472337e-15   108
  9.588012e-01   1.959938e-14   1.005243e-04   1.627609e-15   48
  9.601739e-01   1.133170e-16   3.785063e-04   1.298569e-17   72
  9.634680e-01   3.723886e-14   2.500803e-04   3.613890e-15   78
  9.643808e-01   1.554288e-15   1.884669e-04   2.447695e-16   72
  9.654462e-01   4.762097e-14   1.882329e-04   3.668697e-15   72
  9.665603e-01   6.871395e-15   4.542266e-04   7.846302e-16   96
  9.674408e-01   3.240331e-15   1.878449e-04   4.736135e-16   72
  9.685029e-01   1.529713e-14   0.000000e+00   0.000000e+00   24
  9.695638e-01   5.048937e-15   3.748416e-04   3.511871e-16   72
  9.719599e-01   3.502409e-14   2.380359e-04   1.104937e-14   30
  9.724755e-01   4.380961e-15   0.000000e+00   0.000000e+00   24
  9.752466e-01   3.059529e-15   1.976584e-04   1.297119e-16   48
  9.761159e-01   1.133052e-14   4.253608e-04   2.044278e-15   120
  9.772870e-01   5.378097e-14   1.859776e-04   2.633061e-15   72
  9.784697e-01   6.899074e-15   1.857528e-04   8.134465e-16   36
  9.792826e-01   5.913635e-15   3.671339e-04   1.468081e-15   78
  9.815513e-01   7.392592e-15   1.963888e-04   9.277059e-16   48
  9.844928e-01   2.161719e-14   1.589457e-08   0.000000e+00   24
  9.865884e-01   2.905679e-14   1.367612e-04   2.986475e-15   56
  9.876436e-01   1.035868e-14   2.104496e-04   1.608227e-15   102
  9.889860e-01   1.754311e-15   1.498555e-08   9.357904e-17   72
  9.897653e-01   6.246501e-16   0.000000e+00   0.000000e+00   24
  9.911277e-01   1.889692e-14   1.944913e-04   1.734460e-15   48
  9.936528e-01   3.579517e-14   0.000000e+00   0.000000e+00   24
  9.967520e-01   9.465982e-14   0.000000e+00   0.000000e+00   6
  9.977185e-01   8.491224e-15   0.000000e+00   2.477479e-23   24
  9.983623e-01   1.408044e-14   1.820511e-04   3.981011e-16   72
  9.995384e-01   6.868463e-15   3.396336e-04   2.734530e-16   84
  1.000805e+00   1.891549e-15   0.000000e+00   4.379605e-24   24
  1.001190e+00   1.523804e-15   1.589457e-08   0.000000e+00   24
  1.003114e+00   1.404496e-14   1.123916e-08   4.954957e-23   24
  1.005800e+00   8.339193e-15   0.000000e+00   0.000000e+00   6
  1.009244e+00   7.593029e-15   1.910001e-04   5.522009e-16   48
  1.010072e+00   1.080862e-14   3.598129e-04   1.395064e-15   72
  1.011152e+00   2.763371e-15   1.906396e-04   1.273150e-16   48
  1.012867e+00   4.926022e-15   0.000000e+00   0.000000e+00   24
  1.015148e+00   2.957139e-13   1.123916e-08   0.000000e+00   6
  1.020262e+00   3.959571e-14   0.000000e+00   0.000000e+00   8
  1.020640e+00   3.627264e-16   1.123916e-08   0.000000e+00   48
  1.021546e+00   6.942205e-15   1.848806e-04   1.681638e-15   60
  1.022904e+00   2.348475e-15   0.000000e+00   0.000000e+00   24
  1.024787e+00   4.010570e-13   0.000000e+00   0.000000e+00   6
  1.031723e+00   1.552127e-15   0.000000e+00   0.000000e+00   24
  1.032283e+00   3.721462e-15   1.867372e-04   2.948472e-16   48
  1.033217e+00   1.899225e-15   0.000000e+00   0.000000e+00   24
  1.034708e+00   1.979721e-15   1.123916e-08   0.000000e+00   6
  1.043181e+00   2.374944e-14   1.742080e-04   5.383212e-15   36
  1.043797e+00   6.062820e-14   0.000000e+00   1.981983e-22   24
  1.044904e+00   1.679707e-14   0.000000e+00   0.000000e+00   6
  1.054545e+00   1.987607e-14   1.583190e-04   4.738649e-17   32
  1.055367e+00   2.119168e-13   1.123916e-08   0.000000e+00   6
  1.065728e+00   2.202919e-14   0.000000e+00   0.000000e+00   12
  1.066089e+00   3.989409e-14   0.000000e+00   1.981983e-22   6
  1.077063e+00   2.273816e-14   1.589457e-08   0.000000e+00   6
