# power spectrum of B
# redshift z=3.000000
# k              Pk             sigma(k)       sigma(Pk)      count
  1.963495e-02   1.269298e-33   0.000000e+00   2.022645e-34   6
  2.776802e-02   3.454263e-34   0.000000e+00   1.550342e-35   12
  3.400874e-02   7.799253e-34   3.725290e-10   1.973316e-34   8
  3.926991e-02   1.134690e-33   0.000000e+00   7.644779e-36   6
  4.390509e-02   1.482228e-07   0.000000e+00   0.000000e+00   24
  4.809562e-02   1.452015e-08   7.024475e-10   6.813519e-17   24
  5.553604e-02   6.502284e-34   0.000000e+00   1.992181e-35   12
  5.890486e-02   3.933928e-08   7.947286e-10   6.787784e-09   30
  6.209118e-02   2.955231e-08   0.000000e+00   0.000000e+00   24
  6.512178e-02   2.523933e-10   1.216675e-09   1.064612e-18   24
  6.801748e-02   8.261153e-34   7.450581e-10   4.700277e-35   8
  7.079483e-02   5.863346e-09   9.934107e-10   0.000000e+00   24
  7.346727e-02   1.501092e-08   0.000000e+00   6.813519e-17   48
  7.853982e-02   3.445855e-33   0.000000e+00   1.892740e-34   6
  8.095699e-02   3.275797e-09   1.404895e-09   2.360923e-11   48
  8.330406e-02   1.959391e-09   0.000000e+00   3.703726e-10   36
  8.558678e-02   2.526476e-10   9.934107e-10   0.000000e+00   24
  8.781018e-02   5.379835e-10   0.000000e+00   1.505589e-18   24
  8.997866e-02   1.144145e-09   0.000000e+00   2.129225e-18   48
  9.209610e-02   3.825915e-10   1.404895e-09   0.000000e+00   24
  9.619124e-02   1.120665e-09   1.404895e-09   0.000000e+00   24
  9.817477e-02   1.369405e-10   0.000000e+00   1.032474e-11   30
  1.001190e-01   2.207707e-09   0.000000e+00   1.195458e-11   72
  1.020262e-01   3.142506e-10   1.490116e-09   3.498898e-12   32
  1.057375e-01   6.679576e-10   0.000000e+00   3.995513e-11   72
  1.075451e-01   1.953873e-09   0.000000e+00   0.000000e+00   48
  1.110721e-01   4.751862e-34   0.000000e+00   1.203011e-34   12
  1.127942e-01   5.972493e-10   0.000000e+00   1.206659e-11   48
  1.144905e-01   3.267899e-10   0.000000e+00   2.795751e-11   48
  1.161620e-01   4.979209e-10   1.404895e-09   0.000000e+00   48
  1.178097e-01   4.434048e-10   1.589457e-09   2.533050e-11   30
  1.194348e-01   1.692227e-10   1.404895e-09   7.527946e-19   24
  1.210380e-01   8.143325e-10   2.961779e-09   3.513281e-11   72
  1.241824e-01   1.938167e-10   0.000000e+00   1.881986e-19   24
  1.257251e-01   3.387398e-10   0.000000e+00   1.843802e-11   96
  1.272490e-01   4.211126e-10   0.000000e+00   0.000000e+00   48
  1.287550e-01   6.993092e-10   2.433349e-09   0.000000e+00   24
  1.302436e-01   5.190662e-10   2.433349e-09   0.000000e+00   24
  1.317153e-01   3.814576e-10   0.000000e+00   9.706739e-12   72
  1.331707e-01   2.508619e-10   0.000000e+00   0.000000e+00   48
  1.360350e-01   1.620567e-34   1.490116e-09   2.470419e-35   8
  1.374447e-01   5.143872e-10   1.766064e-09   1.089298e-11   54
  1.388401e-01   2.215422e-10   0.000000e+00   4.249736e-12   84
  1.402216e-01   1.338649e-10   0.000000e+00   1.015362e-11   48
  1.415897e-01   6.285396e-11   1.986821e-09   3.259696e-19   24
  1.429446e-01   1.191311e-10   1.873193e-09   1.473875e-12   72
  1.442869e-01   2.635290e-10   0.000000e+00   2.020679e-11   96
  1.469345e-01   3.529825e-10   0.000000e+00   0.000000e+00   48
  1.482407e-01   1.133035e-10   0.000000e+00   2.798480e-13   48
  1.495354e-01   5.700199e-11   1.986821e-09   0.000000e+00   24
  1.508189e-01   1.653935e-10   0.000000e+00   1.596271e-11   72
  1.533539e-01   2.127410e-10   1.873193e-09   5.504458e-12   72
  1.546058e-01   1.610775e-10   0.000000e+00   3.193620e-13   96
  1.570796e-01   2.992744e-34   0.000000e+00   2.167789e-35   6
  1.583021e-01   1.314179e-10   0.000000e+00   9.890432e-12   96
  1.595151e-01   5.484676e-11   1.986821e-09   2.465921e-12   96
  1.607190e-01   1.323761e-10   0.000000e+00   0.000000e+00   24
  1.619140e-01   3.449247e-11   2.809790e-09   1.684429e-12   48
  1.631002e-01   6.461334e-11   0.000000e+00   9.358666e-13   96
  1.642778e-01   1.317339e-10   0.000000e+00   6.653827e-20   48
  1.666081e-01   1.938287e-11   0.000000e+00   1.310118e-12   36
  1.677611e-01   1.367234e-10   3.441276e-09   3.177102e-11   48
  1.689063e-01   7.960597e-11   3.893359e-09   8.071443e-12   120
  1.700437e-01   3.782445e-11   0.000000e+00   2.191094e-12   56
  1.711736e-01   9.219237e-11   1.986821e-09   0.000000e+00   24
  1.722960e-01   2.877131e-11   0.000000e+00   4.462273e-13   96
  1.734112e-01   1.094183e-10   0.000000e+00   0.000000e+00   48
  1.756204e-01   2.330623e-10   0.000000e+00   0.000000e+00   24
  1.767146e-01   3.159793e-11   0.000000e+00   3.234843e-12   102
  1.778021e-01   5.058407e-12   0.000000e+00   2.695978e-13   48
  1.788829e-01   7.293156e-11   0.000000e+00   8.721371e-12   72
  1.799573e-01   1.145845e-10   0.000000e+00   0.000000e+00   48
  1.810253e-01   1.532971e-10   0.000000e+00   3.486982e-11   48
  1.820871e-01   4.888322e-12   4.495664e-09   1.702037e-13   120
  1.841922e-01   5.616974e-12   2.809790e-09   2.079321e-21   24
  1.852358e-01   6.975526e-11   2.649095e-09   1.008089e-11   144
  1.862735e-01   1.203010e-10   3.178914e-09   1.942060e-11   120
  1.873055e-01   2.585371e-11   2.809790e-09   6.653827e-20   48
  1.893526e-01   3.816774e-11   2.809790e-09   1.330765e-19   48
  1.903679e-01   3.874337e-11   2.809790e-09   4.364299e-12   96
  1.930487e-01   3.824321e-11   4.711199e-04   2.148792e-12   72
  1.943761e-01   5.631676e-11   3.532127e-09   3.009087e-12   108
  1.953653e-01   2.753249e-11   0.000000e+00   3.027619e-12   72
  1.963495e-01   1.869567e-10   0.000000e+00   2.941027e-11   30
  1.973288e-01   7.214737e-11   0.000000e+00   1.251658e-11   168
  1.983033e-01   3.184782e-11   0.000000e+00   4.850409e-12   48
  2.002380e-01   8.038745e-11   0.000000e+00   8.132621e-12   72
  2.011984e-01   5.594769e-11   0.000000e+00   2.552740e-12   96
  2.021542e-01   1.467940e-10   5.298191e-09   1.894635e-11   72
  2.031055e-01   5.957882e-11   0.000000e+00   5.860264e-12   72
  2.047049e-01   3.623083e-11   4.350048e-04   3.869127e-12   104
  2.059331e-01   6.883179e-11   3.746387e-09   8.074971e-12   144
  2.087224e-01   1.455596e-10   6.282881e-09   2.850295e-11   96
  2.096439e-01   1.047633e-10   0.000000e+00   1.112390e-11   96
  2.111095e-01   6.640408e-11   4.475232e-04   8.678551e-12   120
  2.123845e-01   1.335239e-10   0.000000e+00   6.527938e-12   120
  2.132902e-01   8.491497e-11   0.000000e+00   6.346420e-12   72
  2.150901e-01   5.044491e-11   0.000000e+00   0.000000e+00   48
  2.159845e-01   3.813479e-11   4.235416e-09   1.790151e-12   78
  2.171286e-01   5.288290e-11   4.007142e-04   1.933101e-12   168
  2.195255e-01   6.687564e-11   3.746387e-09   3.306638e-12   144
  2.204018e-01   8.263635e-11   3.746387e-09   4.939483e-12   144
  2.229436e-01   1.023460e-10   2.307791e-04   2.107745e-11   156
  2.238729e-01   1.103208e-10   4.866699e-09   1.371622e-11   48
  2.247323e-01   5.246923e-11   3.178914e-09   1.232471e-12   120
  2.255884e-01   8.475935e-11   0.000000e+00   3.104368e-12   48
  2.271022e-01   5.937318e-11   3.532495e-04   2.886965e-12   216
  2.289809e-01   1.788268e-10   0.000000e+00   1.755200e-11   48
  2.298212e-01   1.309733e-10   2.809790e-09   2.486571e-12   96
  2.310160e-01   6.062822e-11   4.128272e-04   4.148400e-12   168
  2.323239e-01   1.214276e-10   2.809790e-09   0.000000e+00   48
  2.331522e-01   3.396193e-11   0.000000e+00   1.398681e-12   96
  2.339775e-01   2.570985e-11   0.000000e+00   0.000000e+00   48
  2.356194e-01   2.509233e-11   3.178914e-09   1.038508e-14   30
  2.364362e-01   6.132435e-11   2.809790e-09   9.745200e-12   96
  2.374123e-01   7.483271e-11   3.244455e-04   1.428806e-12   240
  2.386674e-01   1.359112e-11   3.500299e-04   2.457338e-12   32
  2.396752e-01   1.048256e-10   0.000000e+00   2.681844e-12   168
  2.404781e-01   1.301219e-10   0.000000e+00   5.594723e-12   120
  2.420760e-01   1.476276e-11   5.923557e-09   3.998722e-13   72
  2.428710e-01   4.540741e-11   3.746387e-09   1.899880e-12   144
  2.436634e-01   5.997962e-11   0.000000e+00   7.393510e-13   96
  2.444532e-01   6.669508e-12   0.000000e+00   8.028032e-13   96
  2.460253e-01   1.432816e-10   4.588368e-09   8.069098e-12   72
  2.468075e-01   1.157199e-10   3.973643e-09   7.749459e-13   96
  2.483647e-01   6.023519e-11   0.000000e+00   0.000000e+00   24
  2.491396e-01   4.176165e-11   0.000000e+00   1.745852e-12   192
  2.500522e-01   3.811819e-11   2.970416e-04   4.313445e-12   132
  2.514501e-01   5.435861e-11   0.000000e+00   2.739398e-12   96
  2.522156e-01   1.043233e-10   0.000000e+00   4.259921e-12   96
  2.529787e-01   6.125237e-11   3.178914e-09   5.188315e-13   120
  2.544981e-01   1.405400e-10   0.000000e+00   0.000000e+00   48
  2.557435e-01   8.673207e-11   3.599905e-04   3.198358e-12   222
  2.567603e-01   1.050992e-10   0.000000e+00   4.567003e-13   120
  2.575100e-01   7.717725e-12   4.866699e-09   2.352483e-20   24
  2.586015e-01   4.941335e-11   3.715625e-04   1.301143e-12   312
  2.609797e-01   2.461887e-11   3.483547e-04   3.764535e-12   72
  2.619630e-01   1.737104e-11   2.809790e-09   1.545827e-12   96
  2.629726e-01   3.369312e-11   3.547511e-04   7.038476e-13   192
  2.641613e-01   7.843159e-11   4.495664e-09   9.780623e-13   120
  2.648900e-01   4.971062e-11   0.000000e+00   6.895086e-13   144
  2.663415e-01   3.030501e-11   0.000000e+00   3.326913e-20   48
  2.673732e-01   7.412192e-11   3.567146e-04   1.137198e-12   336
  2.685040e-01   4.482701e-12   0.000000e+00   5.939103e-13   48
  2.699360e-01   4.278040e-11   0.000000e+00   7.868068e-13   192
  2.706492e-01   9.645516e-11   0.000000e+00   0.000000e+00   48
  2.726764e-01   7.412357e-11   2.476067e-04   9.994093e-13   56
  2.736844e-01   3.963655e-11   3.180112e-04   6.106483e-13   336
  2.748894e-01   2.505576e-11   3.532127e-09   2.717801e-13   54
  2.759390e-01   3.348211e-11   3.492904e-04   1.310044e-12   240
  2.781181e-01   3.860044e-11   3.344484e-04   1.712355e-12   228
  2.790651e-01   2.452451e-11   3.746387e-09   2.944953e-13   72
  2.799844e-01   6.819438e-11   3.244231e-04   2.786234e-13   144
  2.811298e-01   3.098450e-11   0.000000e+00   9.535132e-13   96
  2.818146e-01   4.208518e-11   4.495664e-09   5.167830e-13   240
  2.831793e-01   1.116441e-10   3.973643e-09   0.000000e+00   24
  2.840530e-01   3.801457e-11   3.064151e-04   1.052344e-12   336
  2.852142e-01   7.258668e-11   0.000000e+00   1.928161e-12   72
  2.862741e-01   4.745643e-11   3.332831e-04   5.133633e-13   168
  2.872346e-01   1.357746e-11   0.000000e+00   7.357129e-13   72
  2.885737e-01   2.028404e-11   0.000000e+00   7.019774e-13   96
  2.896108e-01   3.076674e-11   3.307829e-04   4.660130e-13   216
  2.905708e-01   3.498497e-11   3.973643e-09   2.427631e-13   96
  2.918946e-01   2.063068e-11   0.000000e+00   5.983302e-13   192
  2.925542e-01   3.007681e-11   3.746387e-09   1.789634e-13   144
  2.938691e-01   2.090430e-11   0.000000e+00   4.704966e-20   48
  2.947794e-01   5.142615e-11   3.189136e-04   2.115591e-13   246
  2.960164e-01   1.932069e-11   2.940434e-04   5.889143e-13   168
  2.971308e-01   3.659316e-11   5.506041e-09   4.386865e-13   120
  2.977788e-01   4.820280e-11   0.000000e+00   3.133451e-13   240
  2.990707e-01   6.415895e-12   3.973643e-09   0.000000e+00   24
  3.001001e-01   3.904423e-11   3.147475e-04   7.814787e-13   360
  3.013820e-01   3.257899e-11   3.134082e-04   4.326448e-13   120
  3.022763e-01   1.772519e-11   0.000000e+00   5.655785e-13   144
  3.029133e-01   3.003730e-11   0.000000e+00   1.568729e-12   96
  3.048165e-01   2.298546e-11   0.000000e+00   6.301809e-13   144
  3.054482e-01   2.024504e-11   0.000000e+00   4.219803e-13   132
  3.063360e-01   1.615776e-11   3.093292e-04   6.503996e-13   176
  3.076248e-01   2.937635e-11   3.123602e-04   5.667519e-13   312
  3.092116e-01   4.201872e-11   0.000000e+00   1.942954e-13   96
  3.098343e-01   2.993400e-11   0.000000e+00   5.238075e-13   144
  3.107899e-01   2.975118e-11   3.092271e-04   7.546483e-13   312
  3.123131e-01   3.667619e-11   0.000000e+00   8.317284e-21   48
  3.129297e-01   3.242840e-11   3.973643e-09   9.624002e-13   192
  3.141593e-01   2.825380e-35   0.000000e+00   2.748405e-37   6
  3.149762e-01   1.845614e-11   2.884066e-04   1.205439e-12   288
  3.162994e-01   2.784934e-11   3.047203e-04   7.614300e-13   192
  3.172124e-01   2.584255e-11   9.345130e-09   1.383331e-12   216
  3.178195e-01   1.786265e-11   0.000000e+00   1.147220e-13   72
  3.193321e-01   2.916550e-11   3.018264e-04   8.523562e-13   192
  3.203366e-01   2.484758e-11   2.241224e-04   7.283795e-13   288
  3.214381e-01   8.278130e-12   0.000000e+00   0.000000e+00   24
  3.222890e-01   1.878705e-11   2.952626e-04   3.280742e-13   456
  3.238280e-01   4.055881e-11   5.619580e-09   2.042372e-12   48
  3.247789e-01   2.108019e-11   2.908218e-04   8.586207e-13   240
  3.258718e-01   1.607537e-11   2.939082e-04   4.766658e-13   216
  3.267908e-01   2.324993e-11   0.000000e+00   4.290106e-13   72
  3.273801e-01   1.359875e-11   1.015467e-08   3.504132e-13   168
  3.290441e-01   1.315292e-11   2.184577e-04   1.055504e-12   288
  3.299773e-01   2.327998e-11   2.890570e-04   1.499546e-12   168
  3.314762e-01   2.496625e-11   0.000000e+00   4.778394e-13   192
  3.320572e-01   1.184589e-11   3.746387e-09   9.441502e-13   144
  3.332162e-01   1.744954e-12   0.000000e+00   1.336365e-13   36
  3.341991e-01   1.869890e-11   2.639705e-04   8.569174e-13   342
  3.351389e-01   6.483963e-12   2.710657e-04   2.718973e-13   144
  3.363470e-01   1.665888e-11   2.842800e-04   1.296707e-12   384
  3.378125e-01   1.444889e-11   7.786718e-09   5.886772e-13   120
  3.385379e-01   1.179239e-11   2.534951e-04   5.771021e-13   264
  3.395201e-01   1.462581e-11   1.256576e-08   5.594941e-13   192
  3.404451e-01   1.249473e-11   2.731894e-04   2.435043e-13   152
  3.412191e-01   9.737335e-12   7.492773e-09   1.831722e-13   144
  3.428472e-01   1.480109e-11   1.768108e-04   2.653450e-12   216
  3.436008e-01   1.070687e-11   2.362665e-04   5.194834e-13   312
  3.449274e-01   1.845608e-11   2.738281e-04   1.099296e-12   240
  3.457090e-01   1.615862e-11   3.973643e-09   1.992757e-12   96
  3.471927e-01   7.628256e-12   2.617995e-04   9.544150e-13   144
  3.481071e-01   9.429298e-12   2.573258e-04   3.180119e-13   456
  3.495904e-01   9.197632e-12   0.000000e+00   1.167636e-12   120
  3.501414e-01   1.017359e-11   0.000000e+00   3.331984e-13   144
  3.512407e-01   2.959274e-12   0.000000e+00   0.000000e+00   24
  3.519456e-01   8.957787e-12   2.473498e-04   1.005916e-12   336
  3.531645e-01   6.979909e-12   2.727931e-04   3.453048e-13   198
  3.543067e-01   9.571469e-12   2.652756e-04   1.394986e-12   432
  3.556041e-01   9.607726e-12   0.000000e+00   5.951512e-13   48
  3.562810e-01   1.387317e-11   2.341925e-04   1.003503e-12   384
  3.574963e-01   4.562432e-12   2.696052e-04   2.402519e-13   144
  3.585975e-01   1.812934e-11   2.676825e-04   3.853635e-13   264
  3.599147e-01   5.294779e-12   0.000000e+00   0.000000e+00   48
  3.607984e-01   1.099563e-11   2.545223e-04   6.527457e-13   276
  3.616510e-01   8.263040e-12   2.307176e-04   4.797301e-13   192
  3.627906e-01   9.933639e-12   2.592759e-04   3.937535e-13   552
  3.641741e-01   1.591092e-11   8.991328e-09   1.106973e-12   120
  3.649965e-01   6.986069e-12   2.624511e-04   3.929142e-13   216
  3.657587e-01   8.441443e-12   4.495664e-09   5.497458e-13   120
  3.671201e-01   1.303625e-11   2.584500e-04   5.526061e-13   408
  3.683844e-01   2.518363e-13   5.619580e-09   0.000000e+00   24
  3.691684e-01   8.391616e-12   2.610810e-04   5.715266e-13   384
  3.702633e-01   1.039524e-11   2.550855e-04   3.215463e-13   240
  3.712141e-01   1.200235e-11   2.569535e-04   6.405507e-13   168
  3.725471e-01   6.442742e-12   6.357829e-09   4.212209e-13   120
  3.734064e-01   9.362710e-12   2.678605e-04   5.527475e-13   350
  3.748037e-01   7.213091e-12   4.409502e-04   4.910877e-13   384
  3.756388e-01   5.468436e-12   0.000000e+00   5.702538e-13   144
  3.771752e-01   6.820915e-12   1.059638e-08   1.995018e-13   288
  3.779773e-01   1.032393e-11   2.524053e-04   4.418032e-13   336
  3.790686e-01   1.088155e-11   2.297941e-04   1.473734e-12   168
  3.797219e-01   1.245508e-11   4.541306e-09   3.127642e-13   336
  3.810732e-01   6.696491e-12   2.385126e-04   2.997340e-13   288
  3.818848e-01   1.191989e-11   2.247398e-04   2.534389e-13   264
  3.832590e-01   9.822228e-12   0.000000e+00   2.713664e-13   240
  3.837616e-01   1.083189e-11   7.947286e-09   6.336609e-13   96
  3.855656e-01   1.332100e-11   3.056310e-04   7.751773e-13   360
  3.864075e-01   4.449268e-12   2.253025e-04   3.688670e-13   168
  3.874713e-01   9.132729e-12   2.456032e-04   3.055052e-13   456
  3.887523e-01   7.401029e-12   7.064254e-09   2.868007e-13   108
  3.894728e-01   1.395903e-11   2.464311e-04   5.681515e-13   264
  3.903716e-01   8.429365e-12   2.198567e-04   5.112129e-13   264
  3.916025e-01   1.013737e-11   2.074668e-04   5.199017e-13   312
  3.931351e-01   9.325520e-12   1.541705e-04   5.582876e-13   270
  3.937775e-01   1.484894e-11   1.957388e-04   7.845445e-13   240
  3.949323e-01   7.706706e-12   2.421536e-04   3.995644e-13   384
  3.956334e-01   7.508021e-12   0.000000e+00   5.028971e-13   192
  3.969952e-01   8.396513e-12   1.942960e-04   1.545788e-13   240
  3.977852e-01   1.593751e-11   2.397927e-04   1.736827e-13   336
  3.992708e-01   9.686594e-12   2.413972e-04   2.715950e-13   480
  4.004761e-01   1.115499e-11   0.000000e+00   1.078895e-13   72
  4.011493e-01   4.564010e-12   2.353842e-04   4.280119e-13   240
  4.020650e-01   7.288351e-12   2.212289e-04   1.861587e-13   312
  4.031147e-01   1.367772e-11   2.390954e-04   1.428859e-12   240
  4.047009e-01   1.405289e-11   1.816506e-04   4.648253e-13   408
  4.053288e-01   8.855247e-12   1.663482e-04   3.552093e-13   336
  4.065560e-01   1.149098e-11   2.112212e-04   1.284085e-13   264
  4.071591e-01   1.105106e-11   0.000000e+00   3.931107e-13   144
  4.088370e-01   1.072909e-11   2.927651e-04   5.499142e-13   464
  4.097211e-01   1.097603e-11   2.328083e-04   6.185230e-13   168
  4.105939e-01   1.075527e-11   2.120376e-04   5.811978e-13   336
  4.121713e-01   1.037113e-11   2.227870e-04   4.163763e-13   414
  4.130606e-01   9.118886e-12   2.319080e-04   1.006414e-12   216
  4.141998e-01   1.177296e-11   5.619580e-09   1.209863e-13   96
  4.146649e-01   1.370785e-11   1.685874e-08   5.113159e-13   384
  4.162944e-01   1.668188e-11   2.314600e-04   2.451475e-13   492
  4.171676e-01   1.620998e-11   2.263480e-04   2.419387e-12   240
  4.181546e-01   1.293096e-11   2.298225e-04   6.416459e-13   312
  4.195176e-01   9.413744e-12   2.297469e-04   7.013840e-13   192
  4.203810e-01   7.891748e-12   2.226525e-04   5.661581e-13   504
  4.215265e-01   6.344517e-12   1.473998e-04   2.029884e-13   408
  4.224284e-01   1.886782e-11   4.515774e-04   1.293768e-12   168
  4.235571e-01   1.602074e-11   2.145032e-04   3.012241e-13   288
  4.245041e-01   1.355557e-11   2.238525e-04   1.201044e-13   288
  4.254743e-01   9.548733e-12   2.251410e-04   3.036845e-13   432
  4.268815e-01   1.086806e-11   2.129084e-04   5.038867e-13   216
  4.276334e-01   8.065614e-12   2.124592e-04   5.162610e-13   360
  4.289721e-01   1.414043e-11   2.073582e-04   4.925522e-13   312
  4.301803e-01   6.217007e-12   0.000000e+00   0.000000e+00   48
  4.308767e-01   1.295981e-11   2.223178e-04   1.444939e-12   432
  4.321240e-01   1.396773e-11   3.708284e-04   8.073912e-13   414
  4.328606e-01   1.161218e-11   1.956255e-08   5.379707e-13   312
  4.342347e-01   1.008790e-11   3.253813e-04   1.202504e-13   528
  4.351620e-01   1.707777e-11   1.707976e-04   3.703454e-13   264
  4.362761e-01   1.080639e-11   2.025191e-04   3.944556e-13   480
  4.377318e-01   8.048901e-12   0.000000e+00   2.532749e-13   288
  4.383604e-01   5.887134e-12   2.176005e-04   6.105048e-13   168
  4.395105e-01   7.851971e-12   3.444610e-04   2.755609e-13   504
  4.408036e-01   6.486396e-12   7.492773e-09   2.673284e-15   144
  4.416171e-01   1.457622e-11   2.212265e-04   1.972201e-13   464
  4.428396e-01   1.071994e-11   3.246624e-04   2.590557e-13   432
  4.434197e-01   7.601800e-12   5.619580e-09   1.951704e-13   192
  4.449189e-01   9.636017e-12   2.406833e-04   7.806624e-13   396
  4.458042e-01   1.057716e-11   2.162000e-04   1.603637e-12   288
  4.466990e-01   7.895538e-12   2.135686e-04   7.549650e-13   336
  4.481283e-01   9.597996e-12   1.352359e-04   7.708626e-13   432
  4.490354e-01   1.477213e-11   3.505126e-04   7.558186e-13   360
  4.500539e-01   7.946375e-12   2.073334e-04   1.984204e-13   384
  4.515004e-01   3.718724e-12   1.830116e-04   7.118145e-14   198
  4.521974e-01   7.181436e-12   2.080246e-04   2.260290e-13   552
  4.534970e-01   1.361368e-11   2.912202e-04   4.755730e-13   432
  4.545821e-01   7.771234e-12   0.000000e+00   3.469365e-13   168
  4.554927e-01   7.146264e-12   3.610065e-04   2.005047e-13   480
  4.566974e-01   6.662303e-12   0.000000e+00   5.740958e-13   120
  4.572396e-01   4.779861e-12   2.948545e-04   1.217054e-13   336
  4.585628e-01   1.022816e-11   2.080152e-04   1.503835e-12   672
  4.598711e-01   1.600373e-11   3.025866e-04   1.078686e-12   528
  4.604805e-01   1.394227e-11   9.082613e-09   2.238188e-12   168
  4.618883e-01   7.837024e-12   3.375333e-04   3.164812e-13   456
  4.627474e-01   7.736674e-12   2.061344e-04   7.549950e-13   168
  4.636392e-01   6.805483e-12   2.057643e-04   3.785235e-13   504
  4.651216e-01   4.686136e-12   2.647872e-04   3.190077e-13   336
  4.660180e-01   3.049596e-12   1.908802e-04   7.952844e-14   312
  4.670124e-01   8.983835e-12   1.865029e-04   4.958801e-13   504
  4.683210e-01   4.225008e-12   1.294009e-04   4.844233e-14   432
  4.689362e-01   4.345025e-12   1.999672e-04   1.059784e-13   312
  4.702151e-01   5.936715e-12   2.049761e-04   1.580284e-13   384
  4.715504e-01   4.399263e-12   1.741510e-04   2.832093e-13   126
  4.723748e-01   8.089406e-12   3.057676e-04   7.353764e-13   492
  4.734278e-01   6.657054e-12   1.958445e-04   3.364458e-13   528
  4.747438e-01   7.231335e-12   1.989360e-04   3.768948e-13   480
  4.755596e-01   9.644853e-12   2.748289e-04   9.011580e-13   432
  4.767402e-01   1.025224e-11   2.161166e-04   7.540938e-13   440
  4.781114e-01   8.090879e-12   1.074739e-04   5.772919e-13   312
  4.786259e-01   5.633043e-12   1.610586e-04   1.353539e-13   480
  4.796813e-01   5.009408e-12   3.153497e-04   1.960110e-13   408
  4.812233e-01   8.257000e-12   1.888588e-04   4.991070e-13   360
  4.818747e-01   5.733909e-12   1.822418e-04   4.658730e-13   408
  4.830820e-01   4.794689e-12   1.854542e-04   1.934515e-13   456
  4.844414e-01   2.388960e-12   1.772485e-04   1.631260e-13   264
  4.851959e-01   5.228390e-12   1.923591e-04   9.190336e-14   384
  4.862943e-01   8.557860e-12   3.238501e-04   9.545241e-13   672
  4.875640e-01   2.258364e-11   1.937042e-04   1.372861e-12   240
  4.882967e-01   7.307634e-12   1.965613e-04   4.040070e-13   264
  4.893308e-01   9.689305e-12   2.424259e-04   2.509515e-13   624
  4.908739e-01   4.101515e-12   0.000000e+00   2.609213e-13   150
  4.914232e-01   9.196971e-12   2.716574e-04   6.173534e-13   600
  4.925819e-01   5.920469e-12   1.874909e-04   4.432835e-13   672
  4.938939e-01   5.684464e-12   1.763484e-04   2.070159e-13   336
  4.946248e-01   6.754225e-12   1.918157e-04   4.400222e-13   408
  4.957926e-01   6.085638e-12   1.913639e-04   3.282550e-13   408
  4.970915e-01   6.829807e-12   9.676385e-05   2.798927e-13   360
  4.978921e-01   4.975065e-12   3.552857e-04   2.651321e-13   456
  4.988592e-01   4.979587e-12   1.932065e-04   2.822873e-13   384
  5.000902e-01   6.532108e-12   1.783541e-04   2.982316e-13   348
  5.007554e-01   8.594931e-12   2.198754e-04   2.987375e-13   576
  5.020050e-01   7.195264e-12   1.810385e-04   2.842952e-13   504
  5.032833e-01   8.663477e-12   2.553443e-04   2.060667e-13   432
  5.043991e-01   6.486264e-12   3.473946e-04   1.245418e-13   576
  5.051948e-01   6.520427e-12   0.000000e+00   2.451279e-13   264
  5.064571e-01   6.074526e-12   2.764393e-04   1.737205e-13   768
  5.075549e-01   8.493491e-12   3.721752e-04   4.454704e-13   240
  5.084277e-01   6.902060e-12   3.282233e-04   1.939731e-13   192
  5.096990e-01   4.527706e-12   2.416124e-04   1.924570e-13   504
  5.106418e-01   4.464088e-12   3.255818e-04   1.803741e-13   590
  5.115460e-01   5.574102e-12   3.647966e-04   1.906981e-13   384
  5.126798e-01   3.764694e-12   3.048625e-04   1.086217e-13   504
  5.140486e-01   6.200059e-12   2.933830e-04   3.936142e-13   648
  5.153764e-01   8.387776e-12   7.967896e-05   3.544305e-13   504
  5.159117e-01   1.147448e-11   1.817627e-04   2.472015e-13   312
  5.168569e-01   6.190640e-12   2.618753e-04   9.697657e-14   576
  5.181545e-01   6.709097e-12   1.822405e-04   1.683131e-13   240
  5.189109e-01   6.784123e-12   1.841453e-04   1.116951e-13   552
  5.199816e-01   4.538756e-12   1.729082e-04   1.265192e-13   600
  5.215067e-01   4.459845e-12   2.111937e-04   1.856750e-13   600
  5.224237e-01   5.159844e-12   3.382099e-04   2.297219e-13   312
  5.233368e-01   5.483538e-12   2.945474e-04   1.606152e-13   480
  5.244775e-01   4.826272e-12   1.837693e-04   1.179064e-13   576
  5.254818e-01   5.360644e-12   2.959085e-04   1.553928e-13   408
  5.263729e-01   4.528684e-12   3.451909e-04   1.628348e-13   216
  5.275243e-01   5.096170e-12   2.643774e-04   1.115748e-13   516
  5.287578e-01   7.737686e-12   2.522429e-04   1.669687e-13   744
  5.300304e-01   7.339597e-12   1.684760e-04   1.456477e-13   462
  5.307494e-01   1.379479e-11   1.712315e-04   1.262496e-12   432
  5.318647e-01   9.803814e-12   1.588547e-04   4.724745e-13   648
  5.331761e-01   6.296954e-12   2.324340e-04   2.727948e-13   528
  5.342295e-01   6.375056e-12   2.799086e-04   1.266124e-13   600
  5.352820e-01   4.326597e-12   3.528915e-04   1.180619e-13   240
  5.363014e-01   4.660132e-12   2.703115e-04   1.301036e-13   720
  5.374863e-01   3.635327e-12   2.138653e-04   1.648379e-13   720
  5.387997e-01   4.252208e-12   0.000000e+00   7.662137e-14   144
  5.394909e-01   4.899241e-12   2.757364e-04   1.779189e-13   720
  5.404742e-01   4.317587e-12   1.653370e-04   3.592700e-13   384
  5.417051e-01   5.499107e-12   1.832848e-04   8.495790e-14   672
  5.428730e-01   1.144544e-11   3.209115e-04   9.422013e-14   336
  5.434308e-01   7.837106e-12   0.000000e+00   1.231213e-13   288
  5.447967e-01   6.729795e-12   2.539800e-04   8.044761e-14   776
  5.460612e-01   7.615843e-12   2.173184e-04   1.083222e-13   720
  5.471231e-01   5.207361e-12   1.750659e-04   1.038588e-13   432
  5.479725e-01   5.103078e-12   2.495786e-04   9.193053e-14   504
  5.489174e-01   4.064435e-12   1.748652e-04   8.955497e-14   528
  5.502396e-01   5.938258e-12   2.382437e-04   1.319269e-13   438
  5.513273e-01   5.878385e-12   2.772938e-04   1.339202e-13   624
  5.521470e-01   3.791022e-12   3.396475e-04   8.481094e-14   312
  5.532738e-01   4.450977e-12   1.829935e-04   1.174164e-13   696
  5.544390e-01   4.268768e-12   1.655760e-04   1.549712e-13   552
  5.556509e-01   4.840160e-12   1.281006e-04   2.194228e-13   516
  5.564006e-01   7.132983e-12   2.558713e-04   1.652620e-13   528
  5.573133e-01   6.630653e-12   1.664001e-04   2.531139e-13   528
  5.586097e-01   9.166931e-12   2.194479e-04   1.566164e-13   864
  5.594897e-01   6.787147e-12   3.005985e-04   2.236125e-13   408
  5.603706e-01   2.923816e-12   2.978186e-04   1.056334e-13   192
  5.616191e-01   5.887072e-12   2.464592e-04   1.050758e-13   720
  5.626731e-01   4.157852e-12   2.272475e-04   1.648879e-13   696
  5.639255e-01   4.345917e-12   2.454294e-04   1.027059e-13   720
  5.650713e-01   4.294111e-12   3.326501e-04   9.898599e-14   432
  5.657395e-01   2.855597e-12   1.958109e-04   5.299591e-14   264
  5.669418e-01   4.439162e-12   2.704061e-04   8.802301e-14   672
  5.680171e-01   3.993097e-12   2.768544e-04   1.193881e-13   600
  5.692933e-01   4.176085e-12   1.620980e-04   1.174820e-13   270
  5.699366e-01   6.950220e-12   2.440026e-04   8.006830e-13   528
  5.709591e-01   9.227728e-12   1.670843e-04   2.263589e-13   840
  5.723613e-01   6.307837e-12   3.194952e-04   2.087161e-13   888
  5.736568e-01   7.086447e-12   2.380474e-04   1.241992e-13   744
  5.747517e-01   5.737400e-12   1.223216e-04   1.020178e-13   456
  5.752963e-01   3.745337e-12   1.671601e-04   1.836259e-13   360
  5.762282e-01   4.335761e-12   1.448348e-04   3.047084e-13   384
  5.776580e-01   3.271279e-12   2.323137e-04   6.692802e-14   816
  5.787308e-01   3.531794e-12   3.370546e-04   6.173445e-14   824
  5.800348e-01   3.101157e-12   1.566791e-04   1.988948e-13   360
  5.807331e-01   3.833223e-12   2.311994e-04   1.140566e-13   624
  5.816941e-01   4.903943e-12   1.562320e-04   2.860871e-13   360
  5.829744e-01   3.802656e-12   2.125215e-04   6.843894e-14   876
  5.841306e-01   5.123008e-12   2.524119e-04   9.109659e-14   696
  5.852967e-01   6.768515e-12   1.629911e-04   1.657798e-13   336
  5.859080e-01   1.009767e-11   1.628079e-04   1.341664e-13   504
  5.869176e-01   3.595216e-12   1.642187e-04   5.540613e-14   672
  5.884155e-01   3.488265e-12   3.269213e-04   5.202169e-14   720
  5.894543e-01   4.747902e-12   2.469541e-04   1.816377e-13   774
  5.906010e-01   4.022314e-12   1.413501e-04   2.358310e-13   384
  5.912015e-01   3.773121e-12   2.720183e-04   6.039250e-14   528
  5.921335e-01   3.638030e-12   2.592486e-04   1.607065e-13   744
  5.936327e-01   4.040459e-12   2.138251e-04   2.049430e-13   768
  5.946281e-01   4.376100e-12   2.400348e-04   2.077308e-13   552
  5.958700e-01   2.490803e-12   2.616108e-04   5.230874e-14   696
  5.967938e-01   7.670556e-12   3.179026e-04   2.725115e-13   408
  5.975272e-01   3.050164e-12   1.373364e-04   1.043565e-13   504
  5.986899e-01   7.037945e-12   2.467198e-04   1.577115e-13   888
  5.998339e-01   5.954804e-12   2.564132e-04   2.064673e-13   648
  6.010230e-01   5.542841e-12   2.542153e-04   1.092483e-13   648
  6.021418e-01   4.978121e-12   2.741064e-04   1.193330e-13   792
  6.033268e-01   3.288002e-12   4.010364e-04   6.506685e-14   600
  6.042000e-01   2.755902e-12   2.717856e-04   1.023492e-13   456
  6.051191e-01   3.806771e-12   1.324567e-04   1.204007e-13   648
  6.062996e-01   3.648944e-12   2.583099e-04   1.175602e-13   936
  6.075741e-01   5.339207e-12   1.586356e-04   2.157632e-13   384
  6.086836e-01   3.345373e-12   1.334798e-08   8.034991e-14   198
  6.095398e-01   4.437939e-12   4.024720e-04   1.877511e-13   1224
  6.104634e-01   2.931199e-12   2.931235e-04   1.188537e-13   420
  6.115558e-01   5.622857e-12   2.836822e-04   1.575989e-13   792
  6.126238e-01   5.361651e-12   2.345810e-04   1.156028e-13   680
  6.138428e-01   4.904516e-12   2.154033e-04   1.676616e-13   600
  6.148235e-01   4.213534e-12   3.123938e-04   8.981989e-14   840
  6.161330e-01   3.287974e-12   1.474979e-04   1.104729e-13   432
  6.166334e-01   3.655518e-12   1.382249e-04   1.211037e-13   720
  6.177213e-01   3.849909e-12   2.768404e-04   9.918066e-14   960
  6.190745e-01   4.293184e-12   2.467829e-04   1.219061e-13   528
  6.200634e-01   2.765847e-12   2.522592e-04   8.933257e-14   624
  6.212404e-01   3.939384e-12   1.982740e-04   8.941585e-14   816
  6.224086e-01   3.513176e-12   3.260658e-04   7.126716e-14   696
  6.236996e-01   4.264698e-12   2.202416e-08   1.719448e-13   240
  6.241851e-01   4.545253e-12   1.922888e-04   1.336803e-13   672
  6.252686e-01   4.480589e-12   3.436476e-04   1.662748e-13   864
  6.264840e-01   5.485937e-12   2.636938e-04   3.101164e-13   816
  6.275795e-01   4.411834e-12   1.509292e-04   1.849840e-13   648
  6.287594e-01   4.625879e-12   1.542771e-04   2.583019e-13   843
  6.297611e-01   5.048609e-12   2.775825e-04   2.054839e-13   780
  6.309548e-01   4.653075e-12   1.489456e-04   3.582260e-13   216
  6.316911e-01   4.768220e-12   3.591661e-04   2.588147e-13   1056
  6.328235e-01   4.442316e-12   2.938382e-04   1.864310e-13   228
  6.338720e-01   4.125716e-12   3.658358e-04   1.419637e-13   924
  6.349484e-01   2.903676e-12   1.357046e-04   1.462590e-13   696
  6.360882e-01   3.591975e-12   2.415153e-04   2.341829e-13   996
  6.372543e-01   3.214048e-12   1.425858e-04   1.591406e-13   576
  6.384675e-01   5.153603e-12   2.200718e-04   6.391243e-13   552
  6.393519e-01   4.046537e-12   2.627580e-04   2.195892e-13   516
  6.402494e-01   4.781249e-12   3.821047e-04   2.349574e-13   744
  6.412749e-01   3.666602e-12   1.874451e-04   1.894732e-13   576
  6.421669e-01   4.119613e-12   1.929285e-04   9.295415e-14   792
  6.434346e-01   3.863435e-12   2.205530e-04   2.252898e-13   792
  6.443636e-01   4.317798e-12   2.378641e-04   3.139271e-13   720
  6.456200e-01   5.632371e-12   2.711104e-04   4.475900e-13   656
  6.467974e-01   2.708328e-12   2.960385e-04   8.040097e-14   816
  6.480043e-01   4.606156e-12   1.596190e-04   3.011775e-13   492
  6.486903e-01   3.375347e-12   2.296231e-04   2.941102e-13   552
  6.499778e-01   3.641817e-12   3.992867e-04   1.203502e-13   780
  6.508139e-01   4.434941e-12   2.452771e-04   1.921190e-13   528
  6.517148e-01   3.704479e-12   2.863130e-04   1.340960e-13   600
  6.530425e-01   4.489159e-12   2.379487e-04   4.396146e-13   900
  6.539577e-01   4.342091e-12   1.317325e-04   3.647043e-13   696
  6.552168e-01   4.033703e-12   3.330907e-04   2.349689e-13   696
  6.564349e-01   3.763375e-12   1.351317e-04   2.850189e-13   552
  6.574592e-01   3.945051e-12   1.571457e-04   2.171638e-13   708
  6.585322e-01   2.778964e-12   2.594565e-04   7.040518e-14   876
  6.596487e-01   2.159549e-12   1.377663e-04   2.823924e-13   216
  6.603980e-01   3.362473e-12   3.768094e-04   1.352485e-13   1032
  6.615201e-01   3.645438e-12   4.195357e-04   1.908825e-13   600
  6.626848e-01   2.262639e-12   2.001869e-04   8.338414e-14   600
  6.635732e-01   2.944046e-12   3.535112e-04   1.234235e-13   528
  6.646233e-01   2.597560e-12   1.940622e-04   1.187971e-13   732
  6.657296e-01   3.153151e-12   1.432973e-04   3.709371e-13   336
  6.670031e-01   3.550693e-12   2.042271e-04   2.019426e-13   912
  6.679548e-01   3.942858e-12   2.049821e-04   2.725229e-13   624
  6.689946e-01   3.647902e-12   1.727341e-04   2.767553e-13   768
  6.702082e-01   3.552172e-12   3.116463e-04   1.504629e-13   792
  6.713995e-01   4.332234e-12   1.545014e-04   2.929388e-13   660
  6.722471e-01   2.465739e-12   2.276826e-04   1.772632e-13   504
  6.731238e-01   3.412192e-12   3.719898e-04   3.107830e-13   480
  6.744376e-01   2.545767e-12   3.440421e-04   7.898633e-14   912
  6.754664e-01   2.271460e-12   3.831443e-04   1.647438e-13   432
  6.764380e-01   3.488903e-12   2.275021e-04   2.603570e-13   564
  6.773006e-01   3.536596e-12   2.177508e-04   9.457681e-14   600
  6.785149e-01   2.843309e-12   3.035240e-04   8.012400e-14   876
  6.794272e-01   1.252010e-12   1.364735e-04   1.010575e-13   264
  6.806846e-01   6.241154e-12   2.648123e-04   6.331634e-13   560
  6.816953e-01   5.201779e-12   1.799457e-04   3.557530e-13   840
  6.829222e-01   2.911783e-12   2.774244e-04   1.484544e-13   1008
  6.840568e-01   3.633948e-12   1.241010e-04   1.773046e-13   456
  6.850930e-01   2.010695e-12   1.607553e-04   1.029842e-13   576
  6.860509e-01   3.549783e-12   2.470177e-04   1.871005e-13   612
  6.873140e-01   3.634717e-12   2.206269e-04   8.837984e-14   780
  6.883444e-01   2.924926e-12   2.528284e-04   9.012201e-14   648
  6.893992e-01   2.735415e-12   1.178213e-04   1.645379e-13   312
  6.900734e-01   2.331615e-12   2.993645e-04   1.168103e-13   528
  6.912414e-01   2.494330e-12   3.909551e-04   7.829522e-14   720
  6.923583e-01   3.382917e-12   3.921794e-04   1.641028e-13   576
  6.937124e-01   2.412074e-12   3.383053e-04   6.564392e-14   444
  6.945549e-01   3.704794e-12   3.317685e-04   2.120457e-13   996
  6.955874e-01   2.474601e-12   2.771265e-04   1.716512e-13   432
  6.965633e-01   5.434101e-12   3.033990e-04   2.823398e-13   504
  6.974062e-01   5.879182e-12   1.367883e-04   3.533642e-13   504
  6.986065e-01   3.539968e-12   2.692009e-04   1.498613e-13   876
  6.996926e-01   3.443178e-12   3.098246e-04   1.981007e-13   504
  7.008236e-01   3.223868e-12   1.975899e-04   1.688763e-13   696
  7.017583e-01   2.383907e-12   1.689187e-04   1.316757e-13   492
  7.030300e-01   2.839546e-12   2.418152e-04   2.101715e-13   432
  7.039719e-01   3.780306e-12   2.264335e-04   1.131119e-13   768
  7.050885e-01   3.168310e-12   2.820533e-04   1.630960e-13   648
  7.061547e-01   2.455364e-12   1.840095e-04   1.080641e-13   456
  7.073798e-01   2.794739e-12   2.530430e-04   9.114084e-14   552
  7.082306e-01   3.113684e-12   1.734358e-04   3.060079e-13   648
  7.094016e-01   5.149072e-12   2.826907e-04   2.454856e-13   840
  7.105454e-01   3.357508e-12   1.348092e-04   1.782439e-13   432
  7.116906e-01   3.916982e-12   1.651183e-04   1.770276e-13   600
  7.124870e-01   3.277317e-12   1.759227e-04   1.922705e-13   432
  7.138248e-01   3.180708e-12   1.751482e-04   1.145417e-13   560
  7.147308e-01   2.526281e-12   2.772412e-04   3.780110e-14   840
  7.158652e-01   2.600688e-12   1.642140e-04   2.169658e-13   504
  7.167662e-01   1.537276e-12   3.351509e-04   3.795935e-14   696
  7.180362e-01   3.143407e-12   1.830475e-04   2.223076e-13   384
  7.190254e-01   1.878112e-12   2.681431e-04   5.533613e-14   576
  7.202219e-01   1.849991e-12   1.654845e-04   1.213546e-13   360
  7.211864e-01   2.436201e-12   2.464465e-04   6.580142e-14   828
  7.222268e-01   2.706478e-12   2.195064e-04   1.164506e-13   372
  7.231800e-01   3.737794e-12   3.352284e-04   2.574149e-13   576
  7.244428e-01   2.972049e-12   1.403933e-04   1.505662e-13   636
  7.253425e-01   2.958871e-12   2.706420e-04   1.374166e-13   648
  7.265596e-01   2.837368e-12   2.200024e-04   1.153418e-13   576
  7.274333e-01   2.472378e-12   3.548870e-04   9.206015e-14   528
  7.285953e-01   1.943167e-12   1.517289e-04   9.952686e-14   360
  7.295571e-01   1.532852e-12   3.490332e-04   5.431134e-14   672
  7.308130e-01   2.399568e-12   1.787806e-04   7.713366e-14   804
  7.318582e-01   3.210453e-12   1.972163e-04   2.172930e-13   408
  7.330145e-01   2.467170e-12   1.219011e-04   2.440508e-13   384
  7.337931e-01   1.376969e-12   2.789567e-04   7.159508e-14   480
  7.348913e-01   2.826431e-12   1.802469e-04   1.799901e-13   432
  7.359446e-01   2.542568e-12   3.321566e-04   2.211072e-13   648
  7.371913e-01   3.322792e-12   2.061016e-04   2.330916e-13   624
  7.381033e-01   3.813247e-12   1.874668e-04   9.730528e-14   456
  7.393486e-01   3.256408e-12   2.560963e-04   1.628201e-13   588
  7.401831e-01   2.313148e-12   1.633884e-04   8.885253e-14   600
  7.414016e-01   1.367401e-12   2.548458e-04   4.818824e-14   708
  7.423640e-01   3.708828e-12   1.605479e-04   1.977019e-13   360
  7.434275e-01   1.828064e-12   1.845541e-04   9.629558e-14   552
  7.444470e-01   2.367264e-12   1.294691e-04   3.106760e-13   288
  7.454820e-01   1.219346e-12   2.434372e-04   3.912503e-14   528
  7.464545e-01   3.397060e-12   1.642340e-04   1.334587e-13   456
  7.475410e-01   1.563514e-12   2.912225e-04   6.915755e-14   608
  7.486338e-01   2.494678e-12   1.408967e-04   1.208231e-13   504
  7.498278e-01   3.992721e-12   3.024972e-04   3.357146e-13   540
  7.507642e-01   2.551879e-12   3.247222e-04   9.518957e-14   360
  7.517735e-01   3.274397e-12   1.470509e-04   1.402063e-13   540
  7.526661e-01   2.090244e-12   1.262606e-04   6.087232e-14   576
  7.539642e-01   2.384173e-12   2.927555e-04   1.137529e-13   588
  7.551985e-01   2.718714e-12   4.039143e-04   1.388655e-13   672
  7.562588e-01   2.258817e-12   3.087151e-04   1.110103e-13   552
  7.571135e-01   2.471885e-12   3.088712e-04   2.280905e-13   144
  7.582042e-01   3.779933e-12   2.624178e-04   1.167254e-13   600
  7.592383e-01   2.081128e-12   3.288668e-04   8.635423e-14   504
  7.603860e-01   1.804093e-12   3.378126e-04   6.976207e-14   336
  7.615932e-01   2.391003e-12   3.797028e-04   8.852816e-14   600
  7.626744e-01   2.643439e-12   2.450478e-04   1.009545e-13   636
  7.638413e-01   4.257623e-12   1.970206e-04   4.900699e-13   384
  7.646595e-01   3.341445e-12   2.748205e-04   2.427598e-13   504
  7.658387e-01   3.090906e-12   1.153383e-04   9.170990e-14   240
  7.667694e-01   2.965020e-12   2.709461e-04   2.277531e-13   744
  7.678860e-01   3.442012e-12   1.850150e-04   1.374110e-13   648
  7.688783e-01   5.375415e-12   1.228185e-04   6.100597e-13   120
  7.700414e-01   2.440999e-12   1.929319e-04   7.712099e-14   564
  7.709202e-01   2.990589e-12   3.030111e-04   1.454845e-13   432
  7.720932e-01   2.175842e-12   2.351965e-04   5.423267e-14   480
  7.729764e-01   3.001028e-12   1.731106e-04   2.205879e-13   456
  7.740189e-01   3.783453e-12   2.864725e-04   2.352193e-13   444
  7.752020e-01   2.766975e-12   4.383180e-04   1.060952e-13   528
  7.762412e-01   2.720390e-12   3.255297e-04   3.470323e-13   264
  7.772498e-01   2.320170e-12   3.336195e-04   1.393156e-13   444
  7.786065e-01   4.267144e-12   3.654311e-04   2.681543e-13   696
  7.797327e-01   3.174681e-12   1.954448e-04   2.530346e-13   384
  7.805563e-01   2.460315e-12   2.469609e-04   8.814359e-14   432
  7.818373e-01   2.850265e-12   1.706384e-04   9.684298e-14   488
  7.826690e-01   3.168848e-12   2.571733e-04   1.160908e-13   480
  7.838749e-01   4.255562e-12   2.868014e-04   1.979454e-13   480
  7.848089e-01   1.503012e-12   1.203331e-04   2.259752e-14   240
  7.858692e-01   4.140167e-12   2.810886e-04   2.130003e-13   600
  7.868694e-01   3.098854e-12   2.449399e-04   1.336763e-13   288
  7.879343e-01   3.011142e-12   2.356143e-04   7.297965e-14   480
  7.890129e-01   2.719176e-12   4.191157e-04   3.741046e-13   504
  7.900748e-01   2.831228e-12   1.798267e-04   1.408494e-13   216
  7.914291e-01   2.911001e-12   2.944050e-04   2.803470e-13   504
  7.924838e-01   3.808448e-12   2.367912e-04   2.560371e-13   456
  7.936384e-01   3.126228e-12   1.358038e-04   1.307073e-13   384
  7.944031e-01   4.671608e-12   2.756326e-04   1.383808e-13   480
  7.954897e-01   2.580005e-12   2.420363e-04   3.821311e-14   504
  7.964966e-01   3.244863e-12   1.535327e-04   6.914187e-14   312
  7.975815e-01   2.989097e-12   2.474127e-04   2.497360e-13   492
  7.985417e-01   5.608305e-12   2.318919e-04   3.451897e-13   312
  7.997779e-01   2.819403e-12   3.766899e-04   2.359050e-13   576
  8.008661e-01   4.373270e-12   3.477153e-04   9.214720e-14   336
  8.017699e-01   2.122454e-12   2.677247e-04   5.962026e-14   240
  8.030228e-01   3.334346e-12   3.549351e-04   1.601349e-13   468
  8.041047e-01   3.298476e-12   2.222407e-04   2.997257e-13   192
  8.052370e-01   3.798487e-12   2.229031e-04   5.317701e-13   324
  8.060669e-01   2.602974e-12   1.617794e-04   1.611638e-13   600
  8.071978e-01   4.691772e-12   2.624704e-04   1.429471e-13   456
  8.080377e-01   2.261598e-12   1.180592e-04   7.207147e-14   336
  8.094297e-01   3.954501e-12   3.535027e-04   1.453430e-13   612
  8.104424e-01   6.667196e-12   2.966749e-04   5.519024e-13   144
  8.114002e-01   3.554024e-12   3.462957e-04   1.082041e-13   552
  8.127025e-01   1.606416e-12   1.363755e-04   1.874769e-13   264
  8.134384e-01   3.583461e-12   3.157441e-04   9.239067e-14   336
  8.145992e-01   2.509445e-12   2.086329e-04   1.653052e-13   384
  8.156059e-01   4.918950e-12   1.174397e-04   5.907791e-14   216
  8.167203e-01   1.842896e-12   2.489964e-04   8.267379e-14   344
  8.177364e-01   2.219421e-12   3.715143e-04   5.346319e-14   408
  8.189746e-01   2.293677e-12   2.854845e-04   1.168368e-13   264
  8.200718e-01   3.289558e-12   3.979796e-04   1.464284e-13   612
  8.211681e-01   2.976623e-12   2.048307e-04   2.395425e-13   408
  8.222956e-01   4.335558e-12   2.051251e-04   2.420886e-13   444
  8.231239e-01   3.813251e-12   1.147249e-04   1.149468e-13   120
  8.242338e-01   4.243072e-12   3.169640e-04   1.087208e-13   336
  8.250576e-01   2.127590e-12   1.101437e-04   9.776932e-14   288
  8.261708e-01   3.127138e-12   3.427692e-04   4.277712e-14   552
  8.277012e-01   3.221480e-12   1.835347e-08   2.108165e-13   72
  8.284882e-01   2.849426e-12   3.404572e-04   7.414527e-14   504
  8.294074e-01   2.236505e-12   1.095558e-04   7.777898e-14   216
  8.305983e-01   2.432822e-12   1.956043e-04   3.241085e-14   312
  8.316675e-01   1.385639e-12   2.227263e-04   9.468950e-14   336
  8.326865e-01   1.741716e-12   3.087236e-04   4.623046e-14   204
  8.337014e-01   3.674688e-12   3.587838e-04   3.935782e-13   504
  8.347777e-01   3.729106e-12   3.416652e-04   2.018972e-13   396
  8.358127e-01   3.577483e-12   3.133249e-04   2.526098e-13   312
  8.370674e-01   2.390118e-12   1.914750e-04   1.499932e-13   216
  8.379516e-01   1.296858e-12   1.039172e-04   9.455588e-14   168
  8.390260e-01   2.754909e-12   2.623966e-04   1.450952e-13   588
  8.402521e-01   4.615246e-12   3.561727e-04   1.390613e-13   240
  8.412047e-01   1.937111e-12   3.145601e-04   7.945087e-14   264
  8.423219e-01   1.986323e-12   3.890183e-04   2.845367e-14   288
  8.433131e-01   2.684584e-12   1.942596e-04   5.645602e-14   288
  8.445693e-01   1.517547e-12   1.824406e-04   3.440405e-14   288
  8.454153e-01   3.563608e-12   2.113423e-04   4.713331e-13   192
  8.464795e-01   2.602062e-12   2.248894e-04   1.070517e-13   264
  8.474933e-01   3.416812e-12   3.699119e-04   6.701489e-14   372
  8.485844e-01   4.268828e-12   3.995208e-04   4.429109e-13   360
  8.499161e-01   4.061567e-12   1.690810e-04   5.256776e-13   144
  8.506044e-01   1.850176e-12   2.348461e-04   4.873747e-14   296
  8.516909e-01   2.647936e-12   2.530345e-04   1.573519e-13   288
  8.529347e-01   2.055561e-12   3.781537e-04   5.685386e-14   480
  8.540076e-01   2.959820e-12   3.142096e-04   2.286268e-13   192
  8.550509e-01   3.073473e-12   3.370327e-04   1.442920e-13   192
  8.559992e-01   1.937384e-12   2.147949e-04   7.458729e-14   288
  8.573180e-01   1.573020e-12   1.869760e-04   1.449875e-13   108
  8.579823e-01   2.580311e-12   1.797545e-04   1.701505e-13   240
  8.591554e-01   2.530238e-12   3.353363e-04   2.231276e-14   384
  8.603605e-01   3.480639e-12   4.090723e-04   2.258521e-13   108
  8.614261e-01   5.770105e-12   2.398466e-04   7.271212e-13   348
  8.625466e-01   3.198273e-12   2.503134e-04   9.459063e-14   312
  8.635474e-01   6.957729e-12   2.432319e-04   9.927381e-13   96
  8.644677e-01   2.670316e-12   3.238194e-04   8.588256e-14   384
  8.654984e-01   1.094004e-12   2.227222e-04   9.104233e-14   144
  8.665066e-01   1.972553e-12   3.422225e-04   3.147781e-14   408
  8.677598e-01   3.853266e-12   1.526554e-04   5.752296e-14   144
  8.689437e-01   1.675980e-12   2.934816e-04   1.237409e-13   192
  8.696459e-01   2.308204e-12   3.303190e-04   1.865933e-13   144
  8.707904e-01   1.044587e-12   2.685615e-04   6.026677e-14   144
  8.718702e-01   2.750019e-12   3.282257e-04   1.296070e-13   336
  8.731927e-01   2.720715e-12   2.428454e-04   6.046476e-14   240
  8.740312e-01   1.951269e-12   1.102739e-04   3.652376e-14   96
  8.752007e-01   4.932388e-12   3.233803e-04   2.765830e-13   372
  8.763838e-01   4.375531e-12   3.846540e-04   1.994586e-13   132
  8.774230e-01   1.569152e-12   2.380193e-04   2.008580e-14   264
  8.783527e-01   1.655021e-12   1.827880e-04   1.343378e-13   168
  8.793449e-01   3.459714e-12   2.922429e-04   3.398624e-13   216
  8.802213e-01   2.352189e-12   1.787978e-04   1.708991e-13   216
  8.814979e-01   2.187008e-12   3.280196e-04   4.508742e-14   96
  8.826561e-01   1.270948e-12   2.140028e-04   6.880289e-14   120
  8.837183e-01   1.250972e-12   2.720578e-04   9.546390e-14   216
  8.845934e-01   1.720937e-12   1.188902e-04   6.554520e-14   200
  8.857519e-01   3.764183e-12   3.077557e-04   3.267586e-13   288
  8.872378e-01   1.860884e-12   8.097649e-05   7.387771e-14   144
  8.878635e-01   1.868144e-12   2.519939e-04   3.359176e-13   168
  8.891412e-01   6.115238e-12   2.835956e-04   2.131220e-12   159
  8.901386e-01   1.830692e-12   2.975600e-04   3.858571e-13   174
  8.911039e-01   2.316776e-12   2.698170e-04   1.114804e-13   144
  8.923678e-01   1.583012e-12   1.557998e-04   1.550430e-13   222
  8.932131e-01   1.748246e-12   1.572158e-04   5.122352e-14   168
  8.946732e-01   4.911950e-12   3.448346e-04   1.136533e-13   30
  8.952763e-01   2.843535e-13   3.044637e-04   4.414949e-14   72
  8.964123e-01   1.924867e-12   2.717302e-04   1.725958e-13   258
  8.976612e-01   2.136983e-12   1.701916e-04   1.916771e-13   264
  8.982857e-01   2.241164e-12   0.000000e+00   1.593535e-13   72
  8.995871e-01   3.055372e-12   3.373270e-04   6.099279e-13   174
  9.007654e-01   1.914697e-12   3.591909e-04   1.173608e-13   168
  9.017127e-01   1.383380e-12   1.123916e-08   0.000000e+00   48
  9.027297e-01   1.433148e-12   2.028435e-04   6.829856e-14   150
  9.039088e-01   9.966846e-13   3.731453e-04   6.594340e-14   168
  9.050911e-01   1.526195e-12   2.273028e-04   2.089683e-14   144
  9.061784e-01   1.938785e-12   2.123525e-04   5.396812e-13   102
  9.069882e-01   3.304281e-12   3.143182e-04   6.999220e-13   96
  9.082731e-01   1.804698e-12   3.119397e-04   1.260707e-13   120
  9.092246e-01   5.973878e-13   3.345635e-04   4.101079e-15   168
  9.102538e-01   1.532274e-12   2.470487e-04   1.129871e-13   126
  9.111308e-01   1.431920e-12   1.863241e-04   1.758265e-13   168
  9.123389e-01   1.250110e-13   2.987709e-04   1.262949e-14   72
  9.133947e-01   1.205164e-12   3.741278e-04   1.090142e-14   168
  9.143196e-01   3.676832e-12   1.025668e-04   1.425484e-12   78
  9.155870e-01   8.586424e-13   1.684070e-04   1.864449e-13   60
  9.166075e-01   1.000163e-12   2.731835e-04   1.186752e-13   96
  9.176659e-01   1.236899e-12   3.314854e-04   6.245091e-14   168
  9.186605e-01   2.625254e-12   2.097511e-04   2.994015e-13   86
  9.197042e-01   4.580252e-13   1.874678e-04   4.590271e-14   120
  9.212002e-01   7.541063e-13   1.336894e-04   1.991484e-14   168
  9.220069e-01   2.762062e-12   0.000000e+00   0.000000e+00   48
  9.230934e-01   1.457427e-12   2.435676e-04   1.197527e-13   120
  9.237177e-01   1.549347e-12   1.776924e-04   2.918438e-13   126
  9.252418e-01   5.096462e-13   3.125113e-04   3.880498e-14   96
  9.262310e-01   2.857382e-12   9.011285e-05   1.804493e-13   96
  9.270111e-01   6.181191e-13   0.000000e+00   6.041939e-15   72
  9.286731e-01   2.655618e-12   1.123916e-08   0.000000e+00   24
  9.297104e-01   1.940441e-12   1.854501e-04   1.074458e-13   120
  9.305196e-01   5.836286e-13   2.705147e-04   7.309915e-14   126
  9.314194e-01   9.166242e-13   2.255107e-04   1.377459e-13   96
  9.324708e-01   1.349691e-12   3.897482e-04   1.887126e-13   72
  9.336415e-01   7.323384e-13   1.685792e-04   1.510516e-14   144
  9.346046e-01   2.304008e-12   9.723254e-05   3.244273e-13   72
  9.355666e-01   9.022127e-13   1.942081e-04   3.032361e-13   54
  9.364132e-01   1.599417e-12   1.711436e-04   2.932969e-13   108
  9.381728e-01   1.072532e-12   1.677650e-04   1.793488e-14   72
  9.387206e-01   1.785020e-12   9.680617e-05   4.339237e-14   72
  9.400202e-01   1.025052e-12   1.946680e-08   4.158642e-21   24
  9.412498e-01   3.174473e-13   2.047976e-04   4.091839e-14   48
  9.419964e-01   1.909369e-12   1.560029e-04   5.366311e-14   102
  9.431203e-01   1.025538e-12   3.528137e-04   9.599883e-14   168
  9.445889e-01   5.157770e-13   1.924163e-04   3.117480e-14   72
  9.451330e-01   5.887913e-13   0.000000e+00   0.000000e+00   48
  9.462744e-01   7.888899e-13   3.309678e-04   3.345117e-14   120
  9.477807e-01   1.427646e-12   2.033864e-04   3.472735e-13   96
  9.492033e-01   2.301877e-13   2.202416e-08   3.872076e-14   30
  9.508942e-01   1.793678e-12   9.555995e-05   9.075093e-14   72
  9.516372e-01   4.731700e-12   1.123916e-08   0.000000e+00   24
  9.525916e-01   4.724276e-13   1.416435e-04   4.396582e-14   56
  9.536606e-01   1.358547e-12   2.021324e-04   2.245361e-13   96
  9.549399e-01   1.170735e-12   2.232036e-04   2.745391e-14   144
  9.559263e-01   1.757717e-13   1.267263e-04   1.289760e-14   54
  9.573592e-01   8.266239e-13   1.898493e-04   1.018000e-13   108
  9.588012e-01   2.015993e-12   1.005243e-04   6.157016e-14   48
  9.601739e-01   3.523751e-13   3.785063e-04   3.537677e-14   72
  9.634680e-01   1.975854e-12   2.500803e-04   1.362116e-13   78
  9.643808e-01   2.320385e-13   1.884669e-04   1.412733e-14   72
  9.654462e-01   3.190667e-13   1.882329e-04   1.350227e-14   72
  9.665603e-01   8.252482e-13   4.542266e-04   5.520713e-14   96
  9.674408e-01   3.623447e-13   1.878449e-04   5.466890e-14   72
  9.685029e-01   1.051802e-12   0.000000e+00   0.000000e+00   24
  9.695638e-01   1.180111e-12   3.748416e-04   2.035083e-13   72
  9.719599e-01   6.198393e-13   2.380359e-04   1.966891e-14   30
  9.724755e-01   2.681451e-13   0.000000e+00   0.000000e+00   24
  9.752466e-01   6.628951e-13   1.976584e-04   1.857562e-14   48
  9.761159e-01   7.170459e-13   4.253608e-04   5.213391e-14   120
  9.772870e-01   2.443294e-13   1.859776e-04   2.501688e-14   72
  9.784697e-01   6.451414e-13   1.857528e-04   3.753332e-14   36
  9.792826e-01   5.694339e-13   3.671339e-04   9.476678e-14   78
  9.815513e-01   8.735870e-13   1.963888e-04   1.832169e-13   48
  9.844928e-01   9.974161e-13   1.589457e-08   0.000000e+00   24
  9.865884e-01   3.482801e-13   1.367612e-04   2.837591e-14   56
  9.876436e-01   3.505944e-13   2.104496e-04   1.070774e-13   102
  9.889860e-01   2.930982e-13   1.498555e-08   2.996880e-14   72
  9.897653e-01   1.481282e-12   0.000000e+00   5.881208e-21   24
  9.911277e-01   3.072500e-13   1.944913e-04   4.139144e-14   48
  9.936528e-01   1.104420e-12   0.000000e+00   0.000000e+00   24
  9.967520e-01   2.107023e-13   0.000000e+00   0.000000e+00   6
  9.977185e-01   9.064565e-13   0.000000e+00   0.000000e+00   24
  9.983623e-01   4.556363e-13   1.820511e-04   6.103770e-14   72
  9.995384e-01   3.872070e-13   3.396336e-04   5.107431e-14   84
  1.000805e+00   3.436425e-13   0.000000e+00   0.000000e+00   24
  1.001190e+00   6.707934e-13   1.589457e-08   0.000000e+00   24
  1.003114e+00   4.042392e-13   1.123916e-08   0.000000e+00   24
  1.005800e+00   5.968788e-12   0.000000e+00   4.704966e-20   6
  1.009244e+00   2.831909e-13   1.910001e-04   2.994738e-14   48
  1.010072e+00   1.045851e-12   3.598129e-04   6.635927e-14   72
  1.011152e+00   3.126462e-13   1.906396e-04   1.043271e-14   48
  1.012867e+00   1.479938e-12   0.000000e+00   0.000000e+00   24
  1.015148e+00   1.078780e-12   1.123916e-08   0.000000e+00   6
  1.020262e+00   8.319119e-35   0.000000e+00   7.564227e-36   8
  1.020640e+00   4.733633e-13   1.123916e-08   1.039660e-21   48
  1.021546e+00   8.107987e-13   1.848806e-04   1.155441e-13   60
  1.022904e+00   2.666113e-13   0.000000e+00   3.675755e-22   24
  1.024787e+00   5.388206e-12   0.000000e+00   4.704966e-20   6
  1.031723e+00   1.722009e-13   0.000000e+00   0.000000e+00   24
  1.032283e+00   7.602377e-13   1.867372e-04   7.704155e-14   48
  1.033217e+00   1.171483e-12   0.000000e+00   0.000000e+00   24
  1.034708e+00   1.020411e-12   1.123916e-08   0.000000e+00   6
  1.043181e+00   4.107416e-13   1.742080e-04   4.222845e-14   36
  1.043797e+00   9.301018e-13   0.000000e+00   1.470302e-21   24
  1.044904e+00   4.829212e-12   0.000000e+00   3.326913e-20   6
  1.054545e+00   3.656315e-13   1.583190e-04   4.927007e-14   32
  1.055367e+00   1.173914e-12   1.123916e-08   8.317284e-21   6
  1.065728e+00   7.738853e-14   0.000000e+00   3.675755e-22   12
  1.066089e+00   1.367387e-12   0.000000e+00   0.000000e+00   6
  1.077063e+00   2.390587e-13   1.589457e-08   2.079321e-21   6
