# power spectrum of chi
# redshift z=3.000000
# k              Pk             sigma(k)       sigma(Pk)      count
  1.963495e-02   1.144814e-09   0.000000e+00   0.000000e+00   6
  2.776802e-02   8.195683e-08   0.000000e+00   0.000000e+00   12
  3.400874e-02   2.294688e-08   3.725290e-10   0.000000e+00   8
  3.926991e-02   6.817946e-10   0.000000e+00   0.000000e+00   6
  4.390509e-02   7.605288e-09   0.000000e+00   0.000000e+00   24
  4.809562e-02   7.454217e-09   7.024475e-10   0.000000e+00   24
  5.553604e-02   7.523847e-09   0.000000e+00   0.000000e+00   12
  5.890486e-02   1.172683e-08   7.947286e-10   5.959698e-10   30
  6.209118e-02   4.628435e-09   0.000000e+00   0.000000e+00   24
  6.512178e-02   6.297701e-09   1.216675e-09   9.184697e-18   24
  6.801748e-02   1.246073e-08   7.450581e-10   0.000000e+00   8
  7.079483e-02   7.392375e-09   9.934107e-10   0.000000e+00   24
  7.346727e-02   7.850334e-09   0.000000e+00   4.059101e-19   48
  7.853982e-02   5.370910e-10   0.000000e+00   0.000000e+00   6
  8.095699e-02   6.673920e-09   1.404895e-09   3.504695e-10   48
  8.330406e-02   3.698679e-09   0.000000e+00   1.338204e-10   36
  8.558678e-02   8.337099e-09   9.934107e-10   0.000000e+00   24
  8.781018e-02   2.926313e-09   0.000000e+00   0.000000e+00   24
  8.997866e-02   3.959532e-09   0.000000e+00   3.977091e-18   48
  9.209610e-02   6.485674e-09   1.404895e-09   2.870218e-19   24
  9.619124e-02   3.688401e-09   1.404895e-09   0.000000e+00   24
  9.817477e-02   2.870685e-09   0.000000e+00   8.012095e-11   30
  1.001190e-01   2.067659e-09   0.000000e+00   1.156952e-12   72
  1.020262e-01   1.857184e-09   1.490116e-09   2.925759e-10   32
  1.057375e-01   2.495631e-09   0.000000e+00   1.150211e-10   72
  1.075451e-01   7.787762e-10   0.000000e+00   0.000000e+00   48
  1.110721e-01   1.292022e-09   0.000000e+00   0.000000e+00   12
  1.127942e-01   1.177149e-09   0.000000e+00   1.664744e-11   48
  1.144905e-01   1.022571e-09   0.000000e+00   6.494937e-11   48
  1.161620e-01   6.660182e-10   1.404895e-09   7.030569e-19   48
  1.178097e-01   5.818757e-10   1.589457e-09   2.318305e-11   30
  1.194348e-01   5.674596e-11   1.404895e-09   0.000000e+00   24
  1.210380e-01   2.615445e-10   2.961779e-09   7.926453e-12   72
  1.241824e-01   9.331686e-11   0.000000e+00   3.587772e-20   24
  1.257251e-01   2.484208e-10   0.000000e+00   4.481736e-11   96
  1.272490e-01   1.104975e-10   0.000000e+00   1.014775e-19   48
  1.287550e-01   2.947633e-10   2.433349e-09   2.296174e-18   24
  1.302436e-01   3.852142e-11   2.433349e-09   2.242358e-21   24
  1.317153e-01   1.388983e-10   0.000000e+00   1.837756e-11   72
  1.331707e-01   1.955090e-11   0.000000e+00   0.000000e+00   48
  1.360350e-01   7.095126e-10   1.490116e-09   0.000000e+00   8
  1.374447e-01   6.393412e-11   1.766064e-09   5.701778e-12   54
  1.388401e-01   2.930892e-10   0.000000e+00   3.332946e-11   84
  1.402216e-01   2.863459e-11   0.000000e+00   5.384876e-12   48
  1.415897e-01   2.839627e-12   1.986821e-09   8.969431e-21   24
  1.429446e-01   2.461863e-11   1.873193e-09   2.510940e-12   72
  1.442869e-01   9.766405e-11   0.000000e+00   5.623561e-12   96
  1.469345e-01   1.428871e-10   0.000000e+00   0.000000e+00   48
  1.482407e-01   3.823244e-10   0.000000e+00   1.679759e-11   48
  1.495354e-01   3.470031e-13   1.986821e-09   0.000000e+00   24
  1.508189e-01   1.991507e-10   0.000000e+00   5.948470e-12   72
  1.533539e-01   3.122833e-10   1.873193e-09   5.889185e-12   72
  1.546058e-01   5.601123e-11   0.000000e+00   9.324045e-14   96
  1.570796e-01   8.624486e-13   0.000000e+00   0.000000e+00   6
  1.583021e-01   1.469073e-10   0.000000e+00   2.272699e-12   96
  1.595151e-01   3.307889e-10   1.986821e-09   3.055893e-11   96
  1.607190e-01   1.336318e-10   0.000000e+00   0.000000e+00   24
  1.619140e-01   4.379793e-10   2.809790e-09   2.801318e-11   48
  1.631002e-01   5.028841e-11   0.000000e+00   9.723210e-14   96
  1.642778e-01   6.066307e-10   0.000000e+00   0.000000e+00   48
  1.666081e-01   1.115351e-11   0.000000e+00   6.467929e-15   36
  1.677611e-01   3.898580e-11   3.441276e-09   1.448452e-12   48
  1.689063e-01   1.059396e-10   3.893359e-09   1.557148e-12   120
  1.700437e-01   1.543190e-10   0.000000e+00   2.015759e-13   56
  1.711736e-01   2.227637e-10   1.986821e-09   2.485682e-19   24
  1.722960e-01   3.250768e-10   0.000000e+00   6.542451e-13   96
  1.734112e-01   1.115119e-10   0.000000e+00   0.000000e+00   48
  1.756204e-01   1.573882e-12   0.000000e+00   0.000000e+00   24
  1.767146e-01   1.506619e-10   0.000000e+00   6.494257e-13   102
  1.778021e-01   1.612762e-11   0.000000e+00   7.222081e-15   48
  1.788829e-01   1.431424e-10   0.000000e+00   8.034911e-13   72
  1.799573e-01   2.149686e-11   0.000000e+00   0.000000e+00   48
  1.810253e-01   9.955394e-12   0.000000e+00   2.160907e-12   48
  1.820871e-01   1.334653e-10   4.495664e-09   1.504291e-11   120
  1.841922e-01   4.171108e-10   2.809790e-09   0.000000e+00   24
  1.852358e-01   3.007682e-11   2.649095e-09   1.759269e-13   144
  1.862735e-01   1.032201e-10   3.178914e-09   4.912109e-12   120
  1.873055e-01   5.964786e-13   2.809790e-09   1.981983e-22   48
  1.893526e-01   1.997513e-11   2.809790e-09   0.000000e+00   48
  1.903679e-01   4.627885e-11   2.809790e-09   9.974771e-13   96
  1.930487e-01   6.129138e-11   4.711199e-04   7.756784e-13   72
  1.943761e-01   2.194507e-11   3.532127e-09   4.594761e-12   108
  1.953653e-01   2.874617e-11   0.000000e+00   1.945270e-13   72
  1.963495e-01   1.404711e-11   0.000000e+00   9.646810e-14   30
  1.973288e-01   1.737531e-11   0.000000e+00   2.830492e-13   168
  1.983033e-01   8.637896e-12   0.000000e+00   2.207862e-12   48
  2.002380e-01   9.764523e-13   0.000000e+00   1.084322e-13   72
  2.011984e-01   6.173718e-12   0.000000e+00   1.380218e-13   96
  2.021542e-01   2.501798e-12   5.298191e-09   1.046475e-13   72
  2.031055e-01   4.256330e-12   0.000000e+00   1.855829e-13   72
  2.047049e-01   9.621625e-12   4.350048e-04   5.392432e-12   104
  2.059331e-01   2.653112e-11   3.746387e-09   5.701368e-12   144
  2.087224e-01   1.453667e-11   6.282881e-09   1.040161e-13   96
  2.096439e-01   2.741293e-11   0.000000e+00   1.233199e-12   96
  2.111095e-01   4.668174e-12   4.475232e-04   5.647469e-13   120
  2.123845e-01   1.623200e-11   0.000000e+00   2.574007e-12   120
  2.132902e-01   1.325126e-11   0.000000e+00   4.005940e-13   72
  2.150901e-01   1.530343e-12   0.000000e+00   1.585586e-21   48
  2.159845e-01   2.825225e-11   4.235416e-09   8.523042e-13   78
  2.171286e-01   1.124550e-11   4.007142e-04   5.426777e-13   168
  2.195255e-01   1.408017e-11   3.746387e-09   1.877294e-13   144
  2.204018e-01   2.448841e-12   3.746387e-09   4.922633e-14   144
  2.229436e-01   2.020792e-11   2.307791e-04   7.657899e-14   156
  2.238729e-01   3.312240e-11   4.866699e-09   3.128132e-12   48
  2.247323e-01   1.598114e-11   3.178914e-09   2.983175e-14   120
  2.255884e-01   1.236172e-11   0.000000e+00   1.419709e-13   48
  2.271022e-01   3.223614e-11   3.532495e-04   1.693237e-12   216
  2.289809e-01   7.149081e-11   0.000000e+00   2.940075e-12   48
  2.298212e-01   6.188529e-12   2.809790e-09   1.538320e-13   96
  2.310160e-01   2.858841e-11   4.128272e-04   6.836307e-13   168
  2.323239e-01   3.818744e-12   2.809790e-09   0.000000e+00   48
  2.331522e-01   4.793297e-12   0.000000e+00   8.085225e-14   96
  2.339775e-01   4.948294e-11   0.000000e+00   0.000000e+00   48
  2.356194e-01   2.176553e-11   3.178914e-09   1.483458e-14   30
  2.364362e-01   1.300486e-11   2.809790e-09   1.030029e-12   96
  2.374123e-01   9.577640e-12   3.244455e-04   1.683685e-13   240
  2.386674e-01   6.937977e-11   3.500299e-04   7.182739e-12   32
  2.396752e-01   4.906600e-11   0.000000e+00   4.014618e-13   168
  2.404781e-01   5.979302e-12   0.000000e+00   1.375507e-13   120
  2.420760e-01   6.044276e-12   5.923557e-09   1.542758e-13   72
  2.428710e-01   2.492916e-11   3.746387e-09   1.392077e-13   144
  2.436634e-01   3.921474e-12   0.000000e+00   5.124290e-13   96
  2.444532e-01   2.425802e-11   0.000000e+00   1.782684e-13   96
  2.460253e-01   2.513290e-12   4.588368e-09   5.026268e-13   72
  2.468075e-01   3.625873e-12   3.973643e-09   5.871382e-13   96
  2.483647e-01   2.704415e-12   0.000000e+00   6.342346e-21   24
  2.491396e-01   7.539607e-12   0.000000e+00   1.298237e-13   192
  2.500522e-01   3.513930e-11   2.970416e-04   1.392204e-12   132
  2.514501e-01   2.980710e-11   0.000000e+00   1.101417e-12   96
  2.522156e-01   3.769355e-12   0.000000e+00   3.403107e-13   96
  2.529787e-01   3.172075e-11   3.178914e-09   1.059175e-12   120
  2.544981e-01   3.887763e-12   0.000000e+00   0.000000e+00   48
  2.557435e-01   5.913958e-12   3.599905e-04   5.815301e-14   222
  2.567603e-01   8.818186e-13   0.000000e+00   1.478751e-13   120
  2.575100e-01   1.494246e-11   4.866699e-09   0.000000e+00   24
  2.586015e-01   2.492100e-12   3.715625e-04   9.120362e-14   312
  2.609797e-01   2.905875e-11   3.483547e-04   9.638789e-13   72
  2.619630e-01   1.356983e-12   2.809790e-09   1.617373e-13   96
  2.629726e-01   9.075971e-12   3.547511e-04   5.275676e-13   192
  2.641613e-01   1.229140e-11   4.495664e-09   2.140013e-13   120
  2.648900e-01   1.103676e-12   0.000000e+00   1.396873e-13   144
  2.663415e-01   3.781006e-12   0.000000e+00   1.121179e-21   48
  2.673732e-01   3.336186e-12   3.567146e-04   1.502397e-13   336
  2.685040e-01   9.197668e-13   0.000000e+00   8.294361e-16   48
  2.699360e-01   3.289788e-12   0.000000e+00   2.624618e-13   192
  2.706492e-01   1.329766e-11   0.000000e+00   4.394106e-20   48
  2.726764e-01   5.567194e-12   2.476067e-04   5.983085e-13   56
  2.736844e-01   4.267740e-12   3.180112e-04   9.088448e-14   336
  2.748894e-01   2.356184e-12   3.532127e-09   4.081045e-14   54
  2.759390e-01   3.472777e-12   3.492904e-04   3.046327e-13   240
  2.781181e-01   2.131524e-12   3.344484e-04   1.706658e-13   228
  2.790651e-01   4.848291e-12   3.746387e-09   7.524129e-14   72
  2.799844e-01   2.784818e-12   3.244231e-04   4.217517e-13   144
  2.811298e-01   2.410409e-12   0.000000e+00   1.454114e-13   96
  2.818146e-01   2.598526e-12   4.495664e-09   1.285148e-13   240
  2.831793e-01   3.647044e-13   3.973643e-09   1.401474e-22   24
  2.840530e-01   3.322337e-12   3.064151e-04   2.789790e-13   336
  2.852142e-01   6.499161e-12   0.000000e+00   3.556407e-13   72
  2.862741e-01   2.976110e-12   3.332831e-04   4.171091e-14   168
  2.872346e-01   1.625949e-12   0.000000e+00   2.724708e-14   72
  2.885737e-01   2.403327e-12   0.000000e+00   2.315001e-13   96
  2.896108e-01   2.885611e-12   3.307829e-04   6.794274e-14   216
  2.905708e-01   1.609178e-12   3.973643e-09   4.677156e-14   96
  2.918946e-01   2.642865e-12   0.000000e+00   9.074333e-14   192
  2.925542e-01   1.963705e-12   3.746387e-09   3.185927e-14   144
  2.938691e-01   3.555282e-12   0.000000e+00   8.969431e-21   48
  2.947794e-01   2.956799e-12   3.189136e-04   2.996510e-13   246
  2.960164e-01   4.181141e-12   2.940434e-04   3.512403e-13   168
  2.971308e-01   2.835661e-12   5.506041e-09   2.236671e-13   120
  2.977788e-01   2.535315e-12   0.000000e+00   9.663001e-14   240
  2.990707e-01   1.676454e-12   3.973643e-09   0.000000e+00   24
  3.001001e-01   2.808360e-12   3.147475e-04   1.712920e-13   360
  3.013820e-01   1.461491e-12   3.134082e-04   2.743280e-14   120
  3.022763e-01   3.242028e-12   0.000000e+00   5.566558e-13   144
  3.029133e-01   1.733032e-12   0.000000e+00   7.604485e-15   96
  3.048165e-01   1.439233e-12   0.000000e+00   1.247665e-13   144
  3.054482e-01   1.383323e-12   0.000000e+00   1.048967e-13   132
  3.063360e-01   2.735145e-12   3.093292e-04   3.102292e-13   176
  3.076248e-01   3.875391e-12   3.123602e-04   1.114580e-13   312
  3.092116e-01   1.963197e-12   0.000000e+00   2.189347e-13   96
  3.098343e-01   4.439030e-12   0.000000e+00   5.018173e-14   144
  3.107899e-01   2.575281e-12   3.092271e-04   1.398509e-13   312
  3.123131e-01   4.348487e-13   0.000000e+00   0.000000e+00   48
  3.129297e-01   6.040992e-13   3.973643e-09   1.646339e-14   192
  3.141593e-01   7.616145e-14   0.000000e+00   6.267581e-22   6
  3.149762e-01   1.849076e-12   2.884066e-04   1.399396e-13   288
  3.162994e-01   1.914566e-12   3.047203e-04   1.678591e-13   192
  3.172124e-01   1.400651e-12   9.345130e-09   2.472498e-13   216
  3.178195e-01   7.741906e-12   0.000000e+00   7.738402e-14   72
  3.193321e-01   2.877158e-12   3.018264e-04   3.410247e-14   192
  3.203366e-01   3.867606e-12   2.241224e-04   2.201222e-13   288
  3.214381e-01   6.589915e-13   0.000000e+00   0.000000e+00   24
  3.222890e-01   2.373234e-12   2.952626e-04   2.055203e-13   456
  3.238280e-01   2.173027e-12   5.619580e-09   1.672659e-14   48
  3.247789e-01   1.910547e-12   2.908218e-04   1.301894e-13   240
  3.258718e-01   1.615346e-12   2.939082e-04   1.869374e-13   216
  3.267908e-01   1.797756e-12   0.000000e+00   2.300538e-13   72
  3.273801e-01   1.433739e-12   1.015467e-08   5.521344e-14   168
  3.290441e-01   3.635150e-12   2.184577e-04   1.298564e-13   288
  3.299773e-01   2.023869e-12   2.890570e-04   6.216745e-14   168
  3.314762e-01   3.138654e-12   0.000000e+00   8.763115e-14   192
  3.320572e-01   1.818916e-12   3.746387e-09   9.338746e-14   144
  3.332162e-01   2.764081e-12   0.000000e+00   1.687698e-14   36
  3.341991e-01   2.580150e-12   2.639705e-04   3.784122e-14   342
  3.351389e-01   2.963872e-12   2.710657e-04   1.930931e-13   144
  3.363470e-01   1.756594e-12   2.842800e-04   6.728480e-14   384
  3.378125e-01   1.564337e-12   7.786718e-09   3.836794e-14   120
  3.385379e-01   1.736290e-12   2.534951e-04   6.894127e-14   264
  3.395201e-01   1.935170e-12   1.256576e-08   9.595031e-14   192
  3.404451e-01   3.666325e-12   2.731894e-04   3.967595e-13   152
  3.412191e-01   2.070355e-12   7.492773e-09   4.948915e-14   144
  3.428472e-01   3.528527e-12   1.768108e-04   1.191799e-13   216
  3.436008e-01   1.541878e-12   2.362665e-04   2.829718e-14   312
  3.449274e-01   6.189242e-13   2.738281e-04   2.358084e-14   240
  3.457090e-01   1.695151e-12   3.973643e-09   1.412722e-13   96
  3.471927e-01   5.823445e-12   2.617995e-04   1.737164e-13   144
  3.481071e-01   2.172290e-12   2.573258e-04   9.205558e-14   456
  3.495904e-01   1.853850e-12   0.000000e+00   3.998000e-15   120
  3.501414e-01   1.105239e-12   0.000000e+00   2.615843e-14   144
  3.512407e-01   2.258206e-12   0.000000e+00   0.000000e+00   24
  3.519456e-01   1.541677e-12   2.473498e-04   1.412545e-14   336
  3.531645e-01   1.259010e-12   2.727931e-04   2.367180e-14   198
  3.543067e-01   1.531191e-12   2.652756e-04   8.790977e-14   432
  3.556041e-01   4.822937e-13   0.000000e+00   4.814134e-14   48
  3.562810e-01   1.365951e-12   2.341925e-04   5.581984e-14   384
  3.574963e-01   1.337374e-12   2.696052e-04   2.578550e-14   144
  3.585975e-01   6.808350e-13   2.676825e-04   4.097675e-14   264
  3.599147e-01   3.404251e-13   0.000000e+00   0.000000e+00   48
  3.607984e-01   2.319711e-12   2.545223e-04   1.286689e-13   276
  3.616510e-01   1.711769e-12   2.307176e-04   6.081273e-14   192
  3.627906e-01   1.073349e-12   2.592759e-04   2.469247e-14   552
  3.641741e-01   7.980849e-13   8.991328e-09   3.815416e-14   120
  3.649965e-01   1.079403e-12   2.624511e-04   7.126867e-14   216
  3.657587e-01   9.641801e-13   4.495664e-09   4.102576e-14   120
  3.671201e-01   1.032186e-12   2.584500e-04   6.287944e-14   408
  3.683844e-01   1.065893e-12   5.619580e-09   0.000000e+00   24
  3.691684e-01   1.491249e-12   2.610810e-04   5.835977e-14   384
  3.702633e-01   9.348132e-13   2.550855e-04   7.930723e-14   240
  3.712141e-01   7.265540e-13   2.569535e-04   6.347589e-14   168
  3.725471e-01   6.436213e-13   6.357829e-09   4.542037e-14   120
  3.734064e-01   5.698508e-13   2.678605e-04   3.726880e-14   350
  3.748037e-01   1.511415e-12   4.409502e-04   4.520229e-14   384
  3.756388e-01   1.055082e-12   0.000000e+00   1.339273e-13   144
  3.771752e-01   8.011863e-13   1.059638e-08   1.880754e-14   288
  3.779773e-01   9.200597e-13   2.524053e-04   2.134181e-14   336
  3.790686e-01   1.597028e-12   2.297941e-04   1.291558e-13   168
  3.797219e-01   8.877252e-13   4.541306e-09   5.589728e-14   336
  3.810732e-01   7.793322e-13   2.385126e-04   5.338550e-14   288
  3.818848e-01   1.041668e-12   2.247398e-04   4.029909e-14   264
  3.832590e-01   9.943945e-13   0.000000e+00   3.081273e-14   240
  3.837616e-01   8.009806e-13   7.947286e-09   5.241555e-15   96
  3.855656e-01   1.489144e-12   3.056310e-04   2.166398e-14   360
  3.864075e-01   2.079443e-12   2.253025e-04   1.233605e-13   168
  3.874713e-01   1.235804e-12   2.456032e-04   2.658672e-14   456
  3.887523e-01   2.164033e-12   7.064254e-09   2.445201e-13   108
  3.894728e-01   1.362002e-12   2.464311e-04   2.564934e-14   264
  3.903716e-01   9.093415e-13   2.198567e-04   4.328448e-14   264
  3.916025e-01   8.125355e-13   2.074668e-04   4.740545e-14   312
  3.931351e-01   1.216113e-12   1.541705e-04   3.566262e-14   270
  3.937775e-01   1.489842e-12   1.957388e-04   8.998077e-14   240
  3.949323e-01   1.965860e-12   2.421536e-04   4.606143e-14   384
  3.956334e-01   8.788640e-13   0.000000e+00   5.319719e-15   192
  3.969952e-01   2.159318e-12   1.942960e-04   1.767350e-14   240
  3.977852e-01   1.431604e-12   2.397927e-04   2.754388e-14   336
  3.992708e-01   1.655653e-12   2.413972e-04   3.658893e-14   480
  4.004761e-01   4.522486e-12   0.000000e+00   2.401788e-13   72
  4.011493e-01   1.644832e-12   2.353842e-04   2.878732e-14   240
  4.020650e-01   1.619118e-12   2.212289e-04   7.573041e-14   312
  4.031147e-01   7.941925e-13   2.390954e-04   2.882090e-14   240
  4.047009e-01   1.411753e-12   1.816506e-04   4.012652e-14   408
  4.053288e-01   1.631328e-12   1.663482e-04   8.012306e-15   336
  4.065560e-01   1.272310e-12   2.112212e-04   2.737987e-14   264
  4.071591e-01   1.327963e-12   0.000000e+00   2.906478e-14   144
  4.088370e-01   1.949713e-12   2.927651e-04   2.399969e-14   464
  4.097211e-01   2.718927e-12   2.328083e-04   3.128433e-14   168
  4.105939e-01   1.439507e-12   2.120376e-04   2.530705e-14   336
  4.121713e-01   1.383354e-12   2.227870e-04   3.114310e-14   414
  4.130606e-01   2.834173e-12   2.319080e-04   1.814190e-14   216
  4.141998e-01   8.994354e-14   5.619580e-09   1.302599e-14   96
  4.146649e-01   1.228226e-12   1.685874e-08   5.469531e-14   384
  4.162944e-01   1.730141e-12   2.314600e-04   4.810890e-14   492
  4.171676e-01   1.342599e-12   2.263480e-04   2.153688e-13   240
  4.181546e-01   7.081804e-13   2.298225e-04   2.796557e-14   312
  4.195176e-01   1.447867e-12   2.297469e-04   7.801895e-14   192
  4.203810e-01   1.772968e-12   2.226525e-04   3.421412e-14   504
  4.215265e-01   8.296210e-13   1.473998e-04   1.916555e-14   408
  4.224284e-01   2.369468e-12   4.515774e-04   1.233180e-14   168
  4.235571e-01   4.171120e-13   2.145032e-04   1.515545e-14   288
  4.245041e-01   5.520367e-13   2.238525e-04   1.470561e-14   288
  4.254743e-01   1.336921e-12   2.251410e-04   1.542320e-14   432
  4.268815e-01   6.742192e-13   2.129084e-04   9.699895e-15   216
  4.276334e-01   1.260270e-12   2.124592e-04   1.697627e-14   360
  4.289721e-01   7.100005e-13   2.073582e-04   1.489054e-14   312
  4.301803e-01   2.087625e-13   0.000000e+00   0.000000e+00   48
  4.308767e-01   1.184097e-12   2.223178e-04   1.168209e-14   432
  4.321240e-01   1.049151e-12   3.708284e-04   1.143183e-13   414
  4.328606e-01   4.277299e-13   1.956255e-08   1.711076e-14   312
  4.342347e-01   9.649016e-13   3.253813e-04   6.177452e-14   528
  4.351620e-01   7.688083e-13   1.707976e-04   9.309576e-14   264
  4.362761e-01   6.321605e-13   2.025191e-04   2.969629e-14   480
  4.377318e-01   9.790766e-13   0.000000e+00   1.752740e-14   288
  4.383604e-01   3.686425e-13   2.176005e-04   1.412249e-14   168
  4.395105e-01   6.974763e-13   3.444610e-04   4.062107e-14   504
  4.408036e-01   1.104879e-12   7.492773e-09   1.116551e-13   144
  4.416171e-01   7.046530e-13   2.212265e-04   1.701526e-14   464
  4.428396e-01   8.217265e-13   3.246624e-04   7.835985e-14   432
  4.434197e-01   4.296236e-13   5.619580e-09   1.661624e-14   192
  4.449189e-01   1.171059e-12   2.406833e-04   1.706805e-13   396
  4.458042e-01   1.158669e-12   2.162000e-04   1.533100e-13   288
  4.466990e-01   1.040922e-12   2.135686e-04   6.169596e-14   336
  4.481283e-01   6.091263e-13   1.352359e-04   2.525602e-14   432
  4.490354e-01   8.320186e-13   3.505126e-04   2.437261e-14   360
  4.500539e-01   4.872562e-13   2.073334e-04   3.632584e-15   384
  4.515004e-01   1.381496e-12   1.830116e-04   6.149022e-14   198
  4.521974e-01   6.572709e-13   2.080246e-04   1.804740e-14   552
  4.534970e-01   5.275993e-13   2.912202e-04   1.278169e-14   432
  4.545821e-01   3.841742e-13   0.000000e+00   1.291073e-14   168
  4.554927e-01   9.885829e-13   3.610065e-04   1.824607e-14   480
  4.566974e-01   6.808959e-13   0.000000e+00   3.650377e-15   120
  4.572396e-01   6.445201e-13   2.948545e-04   3.197471e-14   336
  4.585628e-01   6.798452e-13   2.080152e-04   3.305459e-14   672
  4.598711e-01   8.844146e-13   3.025866e-04   4.457345e-14   528
  4.604805e-01   1.134277e-12   9.082613e-09   1.658623e-14   168
  4.618883e-01   1.030192e-12   3.375333e-04   4.719602e-14   456
  4.627474e-01   6.915036e-13   2.061344e-04   3.270148e-14   168
  4.636392e-01   7.231218e-13   2.057643e-04   7.921390e-14   504
  4.651216e-01   2.125449e-12   2.647872e-04   6.953186e-14   336
  4.660180e-01   9.814325e-13   1.908802e-04   5.972104e-14   312
  4.670124e-01   6.401699e-13   1.865029e-04   2.791152e-14   504
  4.683210e-01   6.670039e-13   1.294009e-04   1.721652e-14   432
  4.689362e-01   1.031942e-12   1.999672e-04   7.956017e-15   312
  4.702151e-01   6.281667e-13   2.049761e-04   1.320330e-14   384
  4.715504e-01   7.622421e-13   1.741510e-04   1.224129e-14   126
  4.723748e-01   1.508287e-12   3.057676e-04   1.906228e-13   492
  4.734278e-01   1.162729e-12   1.958445e-04   6.464032e-14   528
  4.747438e-01   1.083096e-12   1.989360e-04   8.118365e-14   480
  4.755596e-01   5.724445e-13   2.748289e-04   2.309280e-14   432
  4.767402e-01   6.296819e-13   2.161166e-04   1.811870e-14   440
  4.781114e-01   4.084623e-13   1.074739e-04   6.392779e-15   312
  4.786259e-01   8.959009e-13   1.610586e-04   1.315586e-14   480
  4.796813e-01   1.085896e-12   3.153497e-04   3.602071e-14   408
  4.812233e-01   5.056551e-13   1.888588e-04   4.314945e-14   360
  4.818747e-01   6.776891e-13   1.822418e-04   2.223694e-14   408
  4.830820e-01   7.871585e-13   1.854542e-04   3.674934e-14   456
  4.844414e-01   7.295995e-13   1.772485e-04   6.467092e-15   264
  4.851959e-01   4.174949e-13   1.923591e-04   4.077580e-14   384
  4.862943e-01   8.659008e-13   3.238501e-04   1.412508e-14   672
  4.875640e-01   1.549435e-12   1.937042e-04   1.999878e-13   240
  4.882967e-01   4.050652e-13   1.965613e-04   1.761551e-14   264
  4.893308e-01   5.445825e-13   2.424259e-04   4.981742e-14   624
  4.908739e-01   4.306910e-13   0.000000e+00   2.704035e-14   150
  4.914232e-01   5.552350e-13   2.716574e-04   8.283681e-15   600
  4.925819e-01   5.789341e-13   1.874909e-04   8.155556e-15   672
  4.938939e-01   7.211973e-13   1.763484e-04   4.423537e-14   336
  4.946248e-01   4.424821e-13   1.918157e-04   3.782245e-14   408
  4.957926e-01   4.736958e-13   1.913639e-04   9.298461e-15   408
  4.970915e-01   4.286281e-13   9.676385e-05   2.102553e-14   360
  4.978921e-01   4.338154e-13   3.552857e-04   2.064366e-14   456
  4.988592e-01   6.928727e-13   1.932065e-04   3.824296e-14   384
  5.000902e-01   6.902705e-13   1.783541e-04   1.355161e-13   348
  5.007554e-01   6.510813e-13   2.198754e-04   8.503019e-14   576
  5.020050e-01   4.619183e-13   1.810385e-04   3.143997e-14   504
  5.032833e-01   6.128059e-13   2.553443e-04   2.334226e-14   432
  5.043991e-01   6.591883e-13   3.473946e-04   2.939539e-14   576
  5.051948e-01   1.578135e-13   0.000000e+00   8.695416e-15   264
  5.064571e-01   5.779540e-13   2.764393e-04   3.219475e-14   768
  5.075549e-01   5.231425e-13   3.721752e-04   1.183953e-15   240
  5.084277e-01   6.491164e-13   3.282233e-04   9.392914e-15   192
  5.096990e-01   3.543745e-13   2.416124e-04   1.734935e-14   504
  5.106418e-01   5.752103e-13   3.255818e-04   1.252825e-14   590
  5.115460e-01   3.030974e-13   3.647966e-04   8.729719e-15   384
  5.126798e-01   4.172679e-13   3.048625e-04   8.309584e-15   504
  5.140486e-01   5.842131e-13   2.933830e-04   2.707080e-14   648
  5.153764e-01   4.430874e-13   7.967896e-05   2.373569e-14   504
  5.159117e-01   4.060455e-13   1.817627e-04   2.144593e-14   312
  5.168569e-01   2.266806e-13   2.618753e-04   6.389179e-15   576
  5.181545e-01   1.068502e-12   1.822405e-04   6.870615e-14   240
  5.189109e-01   5.576371e-13   1.841453e-04   6.194773e-15   552
  5.199816e-01   5.843855e-13   1.729082e-04   2.304455e-14   600
  5.215067e-01   5.488921e-13   2.111937e-04   1.898246e-14   600
  5.224237e-01   4.935013e-13   3.382099e-04   1.173279e-14   312
  5.233368e-01   6.298235e-13   2.945474e-04   1.556773e-14   480
  5.244775e-01   5.937416e-13   1.837693e-04   9.138781e-15   576
  5.254818e-01   6.558453e-13   2.959085e-04   3.153165e-14   408
  5.263729e-01   4.517324e-13   3.451909e-04   1.226781e-14   216
  5.275243e-01   6.857100e-13   2.643774e-04   2.620969e-14   516
  5.287578e-01   5.328781e-13   2.522429e-04   2.623901e-14   744
  5.300304e-01   5.244111e-13   1.684760e-04   1.652652e-14   462
  5.307494e-01   5.438844e-13   1.712315e-04   2.033915e-14   432
  5.318647e-01   6.762632e-13   1.588547e-04   1.826863e-14   648
  5.331761e-01   4.585308e-13   2.324340e-04   9.600361e-15   528
  5.342295e-01   8.378217e-13   2.799086e-04   9.213165e-15   600
  5.352820e-01   7.041389e-13   3.528915e-04   9.707246e-15   240
  5.363014e-01   4.797883e-13   2.703115e-04   9.154570e-15   720
  5.374863e-01   6.614161e-13   2.138653e-04   2.233522e-14   720
  5.387997e-01   4.358353e-13   0.000000e+00   1.672773e-14   144
  5.394909e-01   6.187433e-13   2.757364e-04   1.423508e-14   720
  5.404742e-01   5.310184e-13   1.653370e-04   1.113071e-14   384
  5.417051e-01   4.814807e-13   1.832848e-04   1.445679e-14   672
  5.428730e-01   4.865411e-13   3.209115e-04   2.558384e-14   336
  5.434308e-01   4.159767e-13   0.000000e+00   4.119998e-15   288
  5.447967e-01   4.094091e-13   2.539800e-04   1.314417e-14   776
  5.460612e-01   5.867718e-13   2.173184e-04   2.150263e-14   720
  5.471231e-01   6.761824e-13   1.750659e-04   2.539564e-14   432
  5.479725e-01   3.331076e-13   2.495786e-04   1.049959e-14   504
  5.489174e-01   7.072993e-13   1.748652e-04   1.800784e-14   528
  5.502396e-01   6.510321e-13   2.382437e-04   3.244474e-15   438
  5.513273e-01   4.764066e-13   2.772938e-04   1.374425e-14   624
  5.521470e-01   6.677910e-13   3.396475e-04   3.105954e-14   312
  5.532738e-01   2.979657e-13   1.829935e-04   8.852770e-15   696
  5.544390e-01   3.246199e-13   1.655760e-04   1.467309e-14   552
  5.556509e-01   5.813221e-13   1.281006e-04   1.374316e-14   516
  5.564006e-01   4.586337e-13   2.558713e-04   8.825746e-15   528
  5.573133e-01   2.322205e-13   1.664001e-04   9.237423e-15   528
  5.586097e-01   1.887088e-13   2.194479e-04   5.254891e-15   864
  5.594897e-01   1.867237e-13   3.005985e-04   5.992022e-15   408
  5.603706e-01   1.807098e-13   2.978186e-04   3.081906e-15   192
  5.616191e-01   4.691649e-13   2.464592e-04   6.631473e-15   720
  5.626731e-01   2.816865e-13   2.272475e-04   7.801498e-15   696
  5.639255e-01   3.132844e-13   2.454294e-04   8.214275e-15   720
  5.650713e-01   4.017146e-13   3.326501e-04   1.111419e-14   432
  5.657395e-01   5.207006e-13   1.958109e-04   8.000719e-14   264
  5.669418e-01   4.689241e-13   2.704061e-04   7.230196e-15   672
  5.680171e-01   3.303788e-13   2.768544e-04   1.118884e-14   600
  5.692933e-01   8.402487e-13   1.620980e-04   1.199906e-14   270
  5.699366e-01   7.331043e-13   2.440026e-04   2.980117e-15   528
  5.709591e-01   4.164966e-13   1.670843e-04   1.093786e-14   840
  5.723613e-01   2.455345e-13   3.194952e-04   1.540338e-14   888
  5.736568e-01   2.157132e-13   2.380474e-04   1.394976e-14   744
  5.747517e-01   2.668245e-13   1.223216e-04   9.472615e-15   456
  5.752963e-01   2.480676e-13   1.671601e-04   2.137676e-14   360
  5.762282e-01   4.305352e-13   1.448348e-04   9.361285e-15   384
  5.776580e-01   3.969007e-13   2.323137e-04   1.367372e-14   816
  5.787308e-01   4.806857e-13   3.370546e-04   1.328741e-14   824
  5.800348e-01   2.766100e-13   1.566791e-04   2.506562e-14   360
  5.807331e-01   2.869697e-13   2.311994e-04   1.024027e-14   624
  5.816941e-01   4.114010e-13   1.562320e-04   2.038649e-14   360
  5.829744e-01   9.627326e-13   2.125215e-04   1.671746e-14   876
  5.841306e-01   1.145314e-12   2.524119e-04   1.873061e-14   696
  5.852967e-01   4.918619e-13   1.629911e-04   8.820834e-15   336
  5.859080e-01   4.461804e-13   1.628079e-04   1.420256e-14   504
  5.869176e-01   2.160608e-13   1.642187e-04   1.003766e-14   672
  5.884155e-01   4.233876e-13   3.269213e-04   9.375601e-15   720
  5.894543e-01   4.392676e-13   2.469541e-04   1.132497e-14   774
  5.906010e-01   6.399743e-13   1.413501e-04   2.904995e-14   384
  5.912015e-01   4.277823e-13   2.720183e-04   7.628346e-15   528
  5.921335e-01   3.963340e-13   2.592486e-04   1.522240e-14   744
  5.936327e-01   3.961592e-13   2.138251e-04   9.800299e-15   768
  5.946281e-01   4.933604e-13   2.400348e-04   1.173517e-14   552
  5.958700e-01   5.526778e-13   2.616108e-04   1.382106e-14   696
  5.967938e-01   1.286067e-12   3.179026e-04   2.829709e-14   408
  5.975272e-01   1.500596e-12   1.373364e-04   7.154417e-15   504
  5.986899e-01   1.127177e-12   2.467198e-04   1.528541e-14   888
  5.998339e-01   6.049714e-13   2.564132e-04   2.514235e-14   648
  6.010230e-01   4.544574e-13   2.542153e-04   1.437275e-14   648
  6.021418e-01   5.096614e-13   2.741064e-04   1.348898e-14   792
  6.033268e-01   3.960416e-13   4.010364e-04   9.949382e-15   600
  6.042000e-01   1.089557e-12   2.717856e-04   1.965964e-14   456
  6.051191e-01   5.101739e-13   1.324567e-04   3.019444e-14   648
  6.062996e-01   3.555210e-13   2.583099e-04   1.022661e-14   936
  6.075741e-01   6.691559e-13   1.586356e-04   2.101391e-14   384
  6.086836e-01   2.262817e-13   1.334798e-08   8.830419e-15   198
  6.095398e-01   6.712158e-13   4.024720e-04   1.083403e-14   1224
  6.104634e-01   1.136085e-12   2.931235e-04   5.994220e-14   420
  6.115558e-01   1.642095e-12   2.836822e-04   4.342615e-14   792
  6.126238e-01   9.117213e-13   2.345810e-04   3.697893e-14   680
  6.138428e-01   5.998023e-13   2.154033e-04   1.438328e-14   600
  6.148235e-01   6.393718e-13   3.123938e-04   1.529817e-14   840
  6.161330e-01   8.637924e-13   1.474979e-04   6.447605e-14   432
  6.166334e-01   3.356209e-13   1.382249e-04   2.416587e-14   720
  6.177213e-01   7.454393e-13   2.768404e-04   1.959702e-14   960
  6.190745e-01   4.697073e-13   2.467829e-04   2.595785e-14   528
  6.200634e-01   5.085569e-13   2.522592e-04   2.052111e-14   624
  6.212404e-01   6.874999e-13   1.982740e-04   2.233912e-14   816
  6.224086e-01   6.557508e-13   3.260658e-04   1.118752e-14   696
  6.236996e-01   6.053368e-13   2.202416e-08   2.383253e-14   240
  6.241851e-01   6.455091e-13   1.922888e-04   1.279065e-14   672
  6.252686e-01   9.953191e-13   3.436476e-04   4.243154e-15   864
  6.264840e-01   8.185518e-13   2.636938e-04   2.306746e-14   816
  6.275795e-01   5.236007e-13   1.509292e-04   1.042244e-14   648
  6.287594e-01   7.038730e-13   1.542771e-04   3.847066e-14   843
  6.297611e-01   4.058138e-13   2.775825e-04   1.571945e-14   780
  6.309548e-01   5.876444e-13   1.489456e-04   1.174146e-14   216
  6.316911e-01   6.789625e-13   3.591661e-04   1.315267e-14   1056
  6.328235e-01   3.120079e-13   2.938382e-04   1.172943e-14   228
  6.338720e-01   5.618248e-13   3.658358e-04   1.060543e-14   924
  6.349484e-01   4.391778e-13   1.357046e-04   1.103026e-14   696
  6.360882e-01   5.181060e-13   2.415153e-04   1.316341e-14   996
  6.372543e-01   7.434995e-13   1.425858e-04   9.950454e-14   576
  6.384675e-01   9.238028e-13   2.200718e-04   9.882969e-14   552
  6.393519e-01   1.123044e-12   2.627580e-04   5.825239e-14   516
  6.402494e-01   8.249901e-13   3.821047e-04   7.297348e-14   744
  6.412749e-01   6.521173e-13   1.874451e-04   5.419894e-14   576
  6.421669e-01   7.391218e-13   1.929285e-04   5.412152e-14   792
  6.434346e-01   5.534475e-13   2.205530e-04   2.097484e-14   792
  6.443636e-01   5.592399e-13   2.378641e-04   1.816445e-14   720
  6.456200e-01   4.598304e-13   2.711104e-04   8.395968e-15   656
  6.467974e-01   4.475105e-13   2.960385e-04   4.047441e-14   816
  6.480043e-01   6.476432e-13   1.596190e-04   1.675035e-14   492
  6.486903e-01   5.782056e-13   2.296231e-04   1.538644e-14   552
  6.499778e-01   5.847701e-13   3.992867e-04   2.558028e-14   780
  6.508139e-01   3.920868e-13   2.452771e-04   9.324081e-15   528
  6.517148e-01   7.367970e-13   2.863130e-04   3.388342e-14   600
  6.530425e-01   5.436533e-13   2.379487e-04   2.272051e-14   900
  6.539577e-01   4.900645e-13   1.317325e-04   2.398582e-14   696
  6.552168e-01   4.406043e-13   3.330907e-04   2.405873e-14   696
  6.564349e-01   4.954946e-13   1.351317e-04   5.114847e-14   552
  6.574592e-01   7.737523e-13   1.571457e-04   2.090407e-14   708
  6.585322e-01   6.743545e-13   2.594565e-04   1.283386e-14   876
  6.596487e-01   8.961281e-13   1.377663e-04   1.699616e-13   216
  6.603980e-01   7.401280e-13   3.768094e-04   3.580745e-14   1032
  6.615201e-01   3.534708e-13   4.195357e-04   1.508261e-14   600
  6.626848e-01   3.800461e-13   2.001869e-04   2.757988e-14   600
  6.635732e-01   5.764000e-13   3.535112e-04   1.302585e-14   528
  6.646233e-01   6.336840e-13   1.940622e-04   3.406718e-14   732
  6.657296e-01   6.945568e-13   1.432973e-04   2.773324e-14   336
  6.670031e-01   9.787663e-13   2.042271e-04   1.101594e-13   912
  6.679548e-01   7.817036e-13   2.049821e-04   8.026336e-14   624
  6.689946e-01   5.011189e-13   1.727341e-04   3.279091e-14   768
  6.702082e-01   5.215372e-13   3.116463e-04   2.770286e-14   792
  6.713995e-01   7.753641e-13   1.545014e-04   3.052750e-14   660
  6.722471e-01   3.592913e-13   2.276826e-04   7.129984e-15   504
  6.731238e-01   7.350227e-13   3.719898e-04   2.592143e-14   480
  6.744376e-01   5.665112e-13   3.440421e-04   2.003058e-14   912
  6.754664e-01   8.551246e-13   3.831443e-04   5.194621e-14   432
  6.764380e-01   4.563352e-13   2.275021e-04   1.207609e-14   564
  6.773006e-01   5.234008e-13   2.177508e-04   2.113836e-14   600
  6.785149e-01   4.392354e-13   3.035240e-04   8.983281e-15   876
  6.794272e-01   3.797424e-13   1.364735e-04   2.842950e-14   264
  6.806846e-01   3.014968e-13   2.648123e-04   9.398445e-15   560
  6.816953e-01   4.692721e-13   1.799457e-04   5.563177e-14   840
  6.829222e-01   4.535819e-13   2.774244e-04   1.847663e-14   1008
  6.840568e-01   6.784385e-13   1.241010e-04   6.245185e-14   456
  6.850930e-01   4.737078e-13   1.607553e-04   2.085297e-14   576
  6.860509e-01   5.697677e-13   2.470177e-04   1.661645e-14   612
  6.873140e-01   5.932922e-13   2.206269e-04   3.976929e-14   780
  6.883444e-01   7.146202e-13   2.528284e-04   2.959476e-14   648
  6.893992e-01   2.214366e-13   1.178213e-04   1.172626e-14   312
  6.900734e-01   5.318672e-13   2.993645e-04   1.846379e-14   528
  6.912414e-01   4.905093e-13   3.909551e-04   2.149802e-14   720
  6.923583e-01   5.290264e-13   3.921794e-04   3.084291e-14   576
  6.937124e-01   3.733190e-13   3.383053e-04   2.498097e-14   444
  6.945549e-01   5.786624e-13   3.317685e-04   4.642438e-14   996
  6.955874e-01   9.626402e-13   2.771265e-04   8.950150e-14   432
  6.965633e-01   3.504815e-13   3.033990e-04   2.243979e-14   504
  6.974062e-01   4.574871e-13   1.367883e-04   4.088251e-14   504
  6.986065e-01   5.541805e-13   2.692009e-04   3.212383e-14   876
  6.996926e-01   2.941452e-13   3.098246e-04   1.137153e-14   504
  7.008236e-01   4.224828e-13   1.975899e-04   2.152952e-14   696
  7.017583e-01   3.037375e-13   1.689187e-04   2.056814e-14   492
  7.030300e-01   5.657651e-13   2.418152e-04   2.943005e-14   432
  7.039719e-01   4.715169e-13   2.264335e-04   2.544752e-14   768
  7.050885e-01   4.625587e-13   2.820533e-04   2.088797e-14   648
  7.061547e-01   5.325891e-13   1.840095e-04   3.644604e-14   456
  7.073798e-01   3.946708e-13   2.530430e-04   2.404351e-14   552
  7.082306e-01   3.628584e-13   1.734358e-04   2.281409e-14   648
  7.094016e-01   4.191286e-13   2.826907e-04   1.986154e-14   840
  7.105454e-01   4.988377e-13   1.348092e-04   3.672458e-14   432
  7.116906e-01   4.827044e-13   1.651183e-04   2.753221e-14   600
  7.124870e-01   7.006350e-13   1.759227e-04   4.224885e-14   432
  7.138248e-01   3.967166e-13   1.751482e-04   2.756466e-14   560
  7.147308e-01   3.003291e-13   2.772412e-04   9.461213e-15   840
  7.158652e-01   2.190362e-13   1.642140e-04   1.285857e-14   504
  7.167662e-01   6.227441e-13   3.351509e-04   2.665662e-14   696
  7.180362e-01   2.127309e-13   1.830475e-04   6.775304e-15   384
  7.190254e-01   4.879024e-13   2.681431e-04   2.966820e-14   576
  7.202219e-01   5.213287e-13   1.654845e-04   2.823663e-14   360
  7.211864e-01   4.812888e-13   2.464465e-04   1.868976e-14   828
  7.222268e-01   1.046349e-12   2.195064e-04   1.263324e-13   372
  7.231800e-01   7.518532e-13   3.352284e-04   6.688272e-14   576
  7.244428e-01   5.119284e-13   1.403933e-04   1.904858e-14   636
  7.253425e-01   5.576892e-13   2.706420e-04   1.790851e-14   648
  7.265596e-01   6.927277e-13   2.200024e-04   2.305503e-14   576
  7.274333e-01   3.321525e-13   3.548870e-04   3.166812e-14   528
  7.285953e-01   5.634821e-13   1.517289e-04   1.965315e-14   360
  7.295571e-01   4.547894e-13   3.490332e-04   1.811790e-14   672
  7.308130e-01   5.122927e-13   1.787806e-04   4.430837e-14   804
  7.318582e-01   4.799982e-13   1.972163e-04   3.253016e-14   408
  7.330145e-01   5.689530e-13   1.219011e-04   2.834449e-14   384
  7.337931e-01   4.829369e-13   2.789567e-04   4.378926e-14   480
  7.348913e-01   3.761111e-13   1.802469e-04   1.085953e-14   432
  7.359446e-01   8.889344e-13   3.321566e-04   8.003178e-15   648
  7.371913e-01   8.433696e-13   2.061016e-04   5.101837e-14   624
  7.381033e-01   7.775780e-13   1.874668e-04   2.474377e-14   456
  7.393486e-01   5.672263e-13   2.560963e-04   1.588692e-14   588
  7.401831e-01   7.435966e-13   1.633884e-04   2.698804e-14   600
  7.414016e-01   5.376112e-13   2.548458e-04   1.992100e-14   708
  7.423640e-01   7.581497e-13   1.605479e-04   4.159882e-14   360
  7.434275e-01   4.673818e-13   1.845541e-04   1.741047e-14   552
  7.444470e-01   5.974231e-13   1.294691e-04   3.182921e-14   288
  7.454820e-01   4.043797e-13   2.434372e-04   1.659188e-14   528
  7.464545e-01   7.069196e-13   1.642340e-04   6.070855e-14   456
  7.475410e-01   6.255638e-13   2.912225e-04   2.192907e-14   608
  7.486338e-01   6.498710e-13   1.408967e-04   2.334766e-14   504
  7.498278e-01   1.038419e-12   3.024972e-04   1.268321e-13   540
  7.507642e-01   1.715118e-12   3.247222e-04   1.398842e-13   360
  7.517735e-01   8.823583e-13   1.470509e-04   4.057756e-14   540
  7.526661e-01   9.239954e-13   1.262606e-04   1.597183e-14   576
  7.539642e-01   1.126879e-12   2.927555e-04   5.506218e-14   588
  7.551985e-01   4.585030e-13   4.039143e-04   1.124691e-14   672
  7.562588e-01   6.713942e-13   3.087151e-04   2.299978e-14   552
  7.571135e-01   5.290461e-13   3.088712e-04   4.808051e-14   144
  7.582042e-01   5.217986e-13   2.624178e-04   1.574151e-14   600
  7.592383e-01   3.634027e-13   3.288668e-04   1.183427e-14   504
  7.603860e-01   5.757843e-13   3.378126e-04   1.591244e-14   336
  7.615932e-01   6.807585e-13   3.797028e-04   2.650709e-14   600
  7.626744e-01   4.585284e-13   2.450478e-04   2.224618e-14   636
  7.638413e-01   9.584487e-13   1.970206e-04   2.533334e-14   384
  7.646595e-01   9.027314e-13   2.748205e-04   4.498838e-14   504
  7.658387e-01   1.153548e-12   1.153383e-04   9.635480e-14   240
  7.667694e-01   8.590809e-13   2.709461e-04   3.648116e-14   744
  7.678860e-01   8.040387e-13   1.850150e-04   3.662978e-14   648
  7.688783e-01   1.284367e-12   1.228185e-04   4.600720e-14   120
  7.700414e-01   7.469977e-13   1.929319e-04   1.534003e-14   564
  7.709202e-01   1.004825e-12   3.030111e-04   4.433542e-14   432
  7.720932e-01   4.321433e-13   2.351965e-04   2.120142e-14   480
  7.729764e-01   4.471135e-13   1.731106e-04   2.140753e-14   456
  7.740189e-01   4.820252e-13   2.864725e-04   1.584093e-14   444
  7.752020e-01   4.762730e-13   4.383180e-04   1.235195e-14   528
  7.762412e-01   7.412993e-13   3.255297e-04   5.543725e-14   264
  7.772498e-01   9.731670e-13   3.336195e-04   1.920158e-13   444
  7.786065e-01   1.263762e-12   3.654311e-04   1.744599e-13   696
  7.797327e-01   1.426723e-12   1.954448e-04   5.391110e-14   384
  7.805563e-01   7.577639e-13   2.469609e-04   2.398236e-14   432
  7.818373e-01   1.361663e-12   1.706384e-04   7.354601e-14   488
  7.826690e-01   1.249591e-12   2.571733e-04   8.323804e-15   480
  7.838749e-01   6.816169e-13   2.868014e-04   1.771587e-14   480
  7.848089e-01   5.443029e-13   1.203331e-04   2.319262e-14   240
  7.858692e-01   8.136791e-13   2.810886e-04   2.863942e-14   600
  7.868694e-01   3.653856e-13   2.449399e-04   1.763824e-14   288
  7.879343e-01   5.864936e-13   2.356143e-04   3.433162e-14   480
  7.890129e-01   5.159285e-13   4.191157e-04   4.568512e-14   504
  7.900748e-01   1.918620e-13   1.798267e-04   1.822864e-14   216
  7.914291e-01   7.676528e-13   2.944050e-04   1.484285e-14   504
  7.924838e-01   8.310058e-13   2.367912e-04   1.311901e-13   456
  7.936384e-01   7.579391e-13   1.358038e-04   9.520109e-14   384
  7.944031e-01   1.644615e-12   2.756326e-04   4.136382e-14   480
  7.954897e-01   1.203779e-12   2.420363e-04   2.800371e-14   504
  7.964966e-01   9.209643e-13   1.535327e-04   5.222060e-14   312
  7.975815e-01   1.283939e-12   2.474127e-04   4.818609e-14   492
  7.985417e-01   1.159554e-12   2.318919e-04   5.363510e-14   312
  7.997779e-01   7.234073e-13   3.766899e-04   4.320546e-14   576
  8.008661e-01   5.095607e-13   3.477153e-04   3.990667e-14   336
  8.017699e-01   3.364958e-13   2.677247e-04   1.081404e-14   240
  8.030228e-01   6.550398e-13   3.549351e-04   1.885951e-14   468
  8.041047e-01   8.909911e-13   2.222407e-04   6.353967e-14   192
  8.052370e-01   1.361943e-12   2.229031e-04   3.990986e-13   324
  8.060669e-01   1.694957e-12   1.617794e-04   1.669060e-13   600
  8.071978e-01   9.610032e-13   2.624704e-04   6.083783e-14   456
  8.080377e-01   1.300396e-12   1.180592e-04   6.916428e-14   336
  8.094297e-01   1.677186e-12   3.535027e-04   3.972742e-14   612
  8.104424e-01   1.973338e-12   2.966749e-04   2.491279e-14   144
  8.114002e-01   8.708843e-13   3.462957e-04   8.274023e-14   552
  8.127025e-01   4.792550e-13   1.363755e-04   5.171219e-14   264
  8.134384e-01   9.441612e-13   3.157441e-04   2.194543e-14   336
  8.145992e-01   5.524173e-13   2.086329e-04   1.899329e-14   384
  8.156059e-01   5.622835e-13   1.174397e-04   2.820574e-14   216
  8.167203e-01   4.279020e-13   2.489964e-04   5.685420e-14   344
  8.177364e-01   1.023134e-12   3.715143e-04   1.931768e-14   408
  8.189746e-01   1.699122e-12   2.854845e-04   2.233633e-13   264
  8.200718e-01   9.250929e-13   3.979796e-04   9.570658e-14   612
  8.211681e-01   1.306608e-12   2.048307e-04   2.954778e-14   408
  8.222956e-01   1.317601e-12   2.051251e-04   1.668005e-13   444
  8.231239e-01   5.572479e-12   1.147249e-04   4.697972e-13   120
  8.242338e-01   1.498801e-12   3.169640e-04   2.972604e-14   336
  8.250576e-01   2.440175e-13   1.101437e-04   1.192065e-14   288
  8.261708e-01   5.991411e-13   3.427692e-04   3.493783e-14   552
  8.277012e-01   9.446598e-13   1.835347e-08   7.008181e-14   72
  8.284882e-01   8.219727e-13   3.404572e-04   2.610796e-14   504
  8.294074e-01   3.068835e-13   1.095558e-04   2.129554e-14   216
  8.305983e-01   6.756355e-13   1.956043e-04   2.555782e-14   312
  8.316675e-01   9.039295e-13   2.227263e-04   2.128397e-14   336
  8.326865e-01   2.464346e-12   3.087236e-04   3.728679e-13   204
  8.337014e-01   1.989058e-12   3.587838e-04   7.955827e-14   504
  8.347777e-01   9.561612e-13   3.416652e-04   9.721705e-14   396
  8.358127e-01   9.478008e-13   3.133249e-04   6.748868e-15   312
  8.370674e-01   2.533414e-12   1.914750e-04   1.259690e-13   216
  8.379516e-01   8.367236e-13   1.039172e-04   6.020410e-14   168
  8.390260e-01   9.347529e-13   2.623966e-04   2.671677e-14   588
  8.402521e-01   2.265694e-13   3.561727e-04   3.904636e-14   240
  8.412047e-01   6.338883e-13   3.145601e-04   4.458036e-14   264
  8.423219e-01   2.367001e-13   3.890183e-04   9.000404e-15   288
  8.433131e-01   5.661834e-13   1.942596e-04   2.849913e-14   288
  8.445693e-01   2.751809e-13   1.824406e-04   3.385820e-14   288
  8.454153e-01   7.527831e-13   2.113423e-04   3.477819e-15   192
  8.464795e-01   3.712084e-13   2.248894e-04   2.818688e-14   264
  8.474933e-01   6.768717e-12   3.699119e-04   3.839190e-13   372
  8.485844e-01   1.723774e-12   3.995208e-04   2.866419e-13   360
  8.499161e-01   2.166403e-12   1.690810e-04   1.278089e-13   144
  8.506044e-01   1.426295e-12   2.348461e-04   3.656703e-14   296
  8.516909e-01   1.110855e-12   2.530345e-04   1.366276e-13   288
  8.529347e-01   8.571500e-13   3.781537e-04   2.591831e-14   480
  8.540076e-01   5.298119e-13   3.142096e-04   5.593099e-14   192
  8.550509e-01   6.398977e-13   3.370327e-04   1.361026e-14   192
  8.559992e-01   1.817949e-13   2.147949e-04   1.633714e-14   288
  8.573180e-01   7.067933e-13   1.869760e-04   1.934368e-14   108
  8.579823e-01   3.894322e-13   1.797545e-04   2.030986e-14   240
  8.591554e-01   2.000744e-13   3.353363e-04   1.135453e-14   384
  8.603605e-01   8.485451e-12   4.090723e-04   1.449390e-13   108
  8.614261e-01   8.242155e-12   2.398466e-04   3.397177e-13   348
  8.625466e-01   1.551322e-12   2.503134e-04   2.231058e-13   312
  8.635474e-01   4.217507e-13   2.432319e-04   3.123558e-14   96
  8.644677e-01   1.375113e-12   3.238194e-04   8.537119e-14   384
  8.654984e-01   5.781933e-13   2.227222e-04   1.091413e-14   144
  8.665066e-01   1.179080e-12   3.422225e-04   2.298955e-14   408
  8.677598e-01   5.029608e-13   1.526554e-04   7.712963e-14   144
  8.689437e-01   6.775709e-13   2.934816e-04   2.968861e-14   192
  8.696459e-01   3.788465e-13   3.303190e-04   1.289254e-14   144
  8.707904e-01   3.509051e-13   2.685615e-04   1.638872e-14   144
  8.718702e-01   2.568708e-13   3.282257e-04   3.009777e-14   336
  8.731927e-01   1.551635e-13   2.428454e-04   8.183449e-15   240
  8.740312e-01   3.176458e-13   1.102739e-04   5.136168e-14   96
  8.752007e-01   8.999601e-12   3.233803e-04   1.758372e-13   372
  8.763838e-01   7.180942e-13   3.846540e-04   5.373649e-14   132
  8.774230e-01   2.233078e-13   2.380193e-04   1.066935e-14   264
  8.783527e-01   2.055291e-12   1.827880e-04   7.002211e-14   168
  8.793449e-01   6.721444e-13   2.922429e-04   3.743132e-14   216
  8.802213e-01   1.179465e-12   1.787978e-04   1.672191e-14   216
  8.814979e-01   1.828498e-13   3.280196e-04   2.454186e-14   96
  8.826561e-01   8.573579e-13   2.140028e-04   2.161772e-14   120
  8.837183e-01   3.215373e-13   2.720578e-04   8.427821e-15   216
  8.845934e-01   2.321110e-13   1.188902e-04   6.542777e-15   200
  8.857519e-01   1.580960e-13   3.077557e-04   8.468435e-15   288
  8.872378e-01   1.871763e-13   8.097649e-05   1.359979e-14   144
  8.878635e-01   4.742515e-13   2.519939e-04   6.546987e-14   168
  8.891412e-01   8.916194e-12   2.835956e-04   1.533153e-12   159
  8.901386e-01   2.641756e-13   2.975600e-04   2.857073e-14   174
  8.911039e-01   1.134787e-13   2.698170e-04   9.367098e-15   144
  8.923678e-01   1.006807e-12   1.557998e-04   9.590757e-14   222
  8.932131e-01   1.530736e-13   1.572158e-04   1.287889e-14   168
  8.946732e-01   4.016402e-12   3.448346e-04   1.220563e-12   30
  8.952763e-01   1.713837e-13   3.044637e-04   2.223212e-14   72
  8.964123e-01   5.434973e-13   2.717302e-04   1.213669e-13   258
  8.976612e-01   1.125071e-13   1.701916e-04   7.807854e-15   264
  8.982857e-01   4.225303e-13   0.000000e+00   8.255526e-14   72
  8.995871e-01   4.433204e-13   3.373270e-04   1.065332e-13   174
  9.007654e-01   3.981116e-13   3.591909e-04   1.742446e-14   168
  9.017127e-01   4.068034e-15   1.123916e-08   0.000000e+00   48
  9.027297e-01   5.591712e-13   2.028435e-04   7.959346e-14   150
  9.039088e-01   1.797213e-13   3.731453e-04   1.428260e-14   168
  9.050911e-01   8.703534e-14   2.273028e-04   7.762931e-15   144
  9.061784e-01   5.699438e-13   2.123525e-04   8.550601e-14   102
  9.069882e-01   4.196679e-13   3.143182e-04   3.472284e-14   96
  9.082731e-01   3.433657e-13   3.119397e-04   2.784836e-14   120
  9.092246e-01   2.663078e-13   3.345635e-04   1.292374e-14   168
  9.102538e-01   4.155784e-13   2.470487e-04   2.550474e-14   126
  9.111308e-01   1.330401e-13   1.863241e-04   1.804282e-15   168
  9.123389e-01   2.218866e-13   2.987709e-04   2.678274e-14   72
  9.133947e-01   3.294427e-13   3.741278e-04   3.971065e-16   168
  9.143196e-01   1.013274e-13   1.025668e-04   1.352974e-14   78
  9.155870e-01   2.601169e-13   1.684070e-04   2.831951e-14   60
  9.166075e-01   2.937812e-13   2.731835e-04   8.245372e-15   96
  9.176659e-01   1.999037e-13   3.314854e-04   1.724256e-14   168
  9.186605e-01   3.801409e-13   2.097511e-04   5.716888e-15   86
  9.197042e-01   1.309781e-13   1.874678e-04   1.144908e-14   120
  9.212002e-01   1.890158e-13   1.336894e-04   1.533152e-14   168
  9.220069e-01   2.188261e-14   0.000000e+00   3.503684e-23   48
  9.230934e-01   5.019148e-13   2.435676e-04   2.801608e-14   120
  9.237177e-01   4.201660e-13   1.776924e-04   2.334826e-14   126
  9.252418e-01   5.458232e-14   3.125113e-04   7.850006e-15   96
  9.262310e-01   5.255174e-13   9.011285e-05   5.371359e-14   96
  9.270111e-01   2.699284e-13   0.000000e+00   1.992003e-14   72
  9.286731e-01   5.186090e-13   1.123916e-08   2.242358e-21   24
  9.297104e-01   4.713339e-13   1.854501e-04   2.724656e-14   120
  9.305196e-01   5.863561e-13   2.705147e-04   4.564211e-14   126
  9.314194e-01   1.118003e-13   2.255107e-04   8.638758e-15   96
  9.324708e-01   2.422754e-13   3.897482e-04   3.362478e-14   72
  9.336415e-01   2.236606e-13   1.685792e-04   6.511380e-15   144
  9.346046e-01   5.516614e-14   9.723254e-05   8.229584e-16   72
  9.355666e-01   2.003557e-13   1.942081e-04   8.183011e-15   54
  9.364132e-01   8.721415e-13   1.711436e-04   8.699591e-14   108
  9.381728e-01   4.432938e-13   1.677650e-04   5.681787e-14   72
  9.387206e-01   1.257264e-13   9.680617e-05   4.631360e-15   72
  9.400202e-01   1.168494e-12   1.946680e-08   4.484716e-21   24
  9.412498e-01   1.497951e-12   2.047976e-04   2.452470e-13   48
  9.419964e-01   2.302875e-13   1.560029e-04   4.299580e-15   102
  9.431203e-01   2.887663e-13   3.528137e-04   4.109216e-14   168
  9.445889e-01   2.264111e-13   1.924163e-04   2.338475e-14   72
  9.451330e-01   7.159893e-16   0.000000e+00   5.474506e-25   48
  9.462744e-01   3.031423e-13   3.309678e-04   3.718768e-14   120
  9.477807e-01   5.371163e-13   2.033864e-04   1.294985e-13   96
  9.492033e-01   7.357272e-13   2.202416e-08   7.468980e-14   30
  9.508942e-01   2.315884e-13   9.555995e-05   9.473307e-17   72
  9.516372e-01   2.943927e-13   1.123916e-08   8.759210e-24   24
  9.525916e-01   7.546602e-13   1.416435e-04   3.807097e-14   56
  9.536606e-01   3.973289e-13   2.021324e-04   2.833683e-14   96
  9.549399e-01   2.714866e-13   2.232036e-04   3.217125e-14   144
  9.559263e-01   3.139973e-13   1.267263e-04   1.235695e-13   54
  9.573592e-01   7.108650e-13   1.898493e-04   1.237550e-13   108
  9.588012e-01   1.182226e-13   1.005243e-04   1.093720e-15   48
  9.601739e-01   4.640253e-13   3.785063e-04   7.640917e-14   72
  9.634680e-01   7.043072e-13   2.500803e-04   4.459525e-14   78
  9.643808e-01   9.612116e-13   1.884669e-04   1.783991e-13   72
  9.654462e-01   3.846969e-13   1.882329e-04   6.679464e-14   72
  9.665603e-01   2.265373e-13   4.542266e-04   3.498290e-15   96
  9.674408e-01   2.024437e-13   1.878449e-04   2.928929e-14   72
  9.685029e-01   1.878548e-13   0.000000e+00   0.000000e+00   24
  9.695638e-01   7.934803e-14   3.748416e-04   4.759858e-16   72
  9.719599e-01   3.834137e-13   2.380359e-04   1.003546e-13   30
  9.724755e-01   2.925851e-12   0.000000e+00   1.793886e-20   24
  9.752466e-01   2.571585e-13   1.976584e-04   2.398541e-15   48
  9.761159e-01   2.430453e-13   4.253608e-04   4.542612e-15   120
  9.772870e-01   1.563965e-13   1.859776e-04   2.749003e-14   72
  9.784697e-01   4.767959e-13   1.857528e-04   1.022724e-13   36
  9.792826e-01   4.004562e-13   3.671339e-04   7.300759e-14   78
  9.815513e-01   1.563209e-13   1.963888e-04   2.777905e-14   48
  9.844928e-01   2.723929e-13   1.589457e-08   0.000000e+00   24
  9.865884e-01   5.795785e-13   1.367612e-04   9.851800e-14   56
  9.876436e-01   4.700134e-13   2.104496e-04   3.614748e-14   102
  9.889860e-01   1.800872e-13   1.498555e-08   1.290242e-14   72
  9.897653e-01   1.734479e-13   0.000000e+00   0.000000e+00   24
  9.911277e-01   2.871015e-13   1.944913e-04   1.435858e-14   48
  9.936528e-01   2.824760e-14   0.000000e+00   0.000000e+00   24
  9.967520e-01   5.098004e-12   0.000000e+00   0.000000e+00   6
  9.977185e-01   1.421081e-13   0.000000e+00   0.000000e+00   24
  9.983623e-01   1.064603e-13   1.820511e-04   1.749055e-14   72
  9.995384e-01   2.410239e-13   3.396336e-04   6.562509e-14   84
  1.000805e+00   2.214486e-13   0.000000e+00   0.000000e+00   24
  1.001190e+00   3.457497e-13   1.589457e-08   0.000000e+00   24
  1.003114e+00   2.774583e-13   1.123916e-08   9.709694e-22   24
  1.005800e+00   7.815591e-13   0.000000e+00   6.342346e-21   6
  1.009244e+00   3.201683e-13   1.910001e-04   2.091915e-14   48
  1.010072e+00   2.538187e-13   3.598129e-04   5.384967e-15   72
  1.011152e+00   2.649971e-13   1.906396e-04   4.058015e-14   48
  1.012867e+00   4.128418e-13   0.000000e+00   1.121179e-21   24
  1.015148e+00   4.293715e-13   1.123916e-08   0.000000e+00   6
  1.020262e+00   1.240608e-12   0.000000e+00   0.000000e+00   8
  1.020640e+00   2.427779e-14   1.123916e-08   0.000000e+00   48
  1.021546e+00   3.065562e-13   1.848806e-04   7.945241e-14   60
  1.022904e+00   7.763772e-14   0.000000e+00   0.000000e+00   24
  1.024787e+00   1.928495e-13   0.000000e+00   3.096848e-24   6
  1.031723e+00   2.660550e-13   0.000000e+00   0.000000e+00   24
  1.032283e+00   5.246190e-13   1.867372e-04   1.396082e-13   48
  1.033217e+00   2.381770e-13   0.000000e+00   0.000000e+00   24
  1.034708e+00   1.158367e-12   1.123916e-08   1.268469e-20   6
  1.043181e+00   1.808498e-12   1.742080e-04   7.729925e-13   36
  1.043797e+00   3.577478e-14   0.000000e+00   0.000000e+00   24
  1.044904e+00   3.166078e-12   0.000000e+00   6.214204e-20   6
  1.054545e+00   3.447578e-13   1.583190e-04   3.332248e-14   32
  1.055367e+00   5.939419e-13   1.123916e-08   0.000000e+00   6
  1.065728e+00   4.108327e-13   0.000000e+00   0.000000e+00   12
  1.066089e+00   5.391667e-12   0.000000e+00   0.000000e+00   6
  1.077063e+00   9.822483e-13   1.589457e-08   0.000000e+00   6
