# power spectrum of chi
# redshift z=30.000000
# k              Pk             sigma(k)       sigma(Pk)      count
  1.963495e-02   4.250973e-13   0.000000e+00   2.242358e-21   6
  2.776802e-02   5.301359e-13   0.000000e+00   2.242358e-21   12
  3.400874e-02   3.918953e-13   3.725290e-10   0.000000e+00   8
  3.926991e-02   2.155875e-13   0.000000e+00   0.000000e+00   6
  4.390509e-02   8.852511e-14   0.000000e+00   0.000000e+00   24
  4.809562e-02   2.300294e-14   7.024475e-10   7.007368e-23   24
  5.553604e-02   1.615685e-15   0.000000e+00   0.000000e+00   12
  5.890486e-02   7.855513e-15   7.947286e-10   1.668373e-18   30
  6.209118e-02   1.249910e-14   0.000000e+00   0.000000e+00   24
  6.512178e-02   1.322220e-14   1.216675e-09   0.000000e+00   24
  6.801748e-02   1.053800e-14   7.450581e-10   0.000000e+00   8
  7.079483e-02   7.034111e-15   9.934107e-10   3.034279e-23   24
  7.346727e-02   3.562259e-15   0.000000e+00   0.000000e+00   48
  7.853982e-02   1.422978e-16   0.000000e+00   0.000000e+00   6
  8.095699e-02   8.425819e-17   1.404895e-09   1.063765e-18   48
  8.330406e-02   6.433227e-16   0.000000e+00   1.011089e-17   36
  8.558678e-02   1.473894e-15   9.934107e-10   6.193697e-24   24
  8.781018e-02   1.804990e-15   0.000000e+00   0.000000e+00   24
  8.997866e-02   2.040730e-15   0.000000e+00   3.096848e-24   48
  9.209610e-02   2.222374e-15   1.404895e-09   0.000000e+00   24
  9.619124e-02   1.253660e-15   1.404895e-09   0.000000e+00   24
  9.817477e-02   8.709292e-16   0.000000e+00   7.083602e-18   30
  1.001190e-01   4.974228e-16   0.000000e+00   8.608435e-18   72
  1.020262e-01   2.356617e-16   1.490116e-09   7.236879e-18   32
  1.057375e-01   6.072223e-18   0.000000e+00   2.535248e-19   72
  1.075451e-01   8.199871e-17   0.000000e+00   0.000000e+00   48
  1.110721e-01   3.432950e-16   0.000000e+00   0.000000e+00   12
  1.127942e-01   4.948748e-16   0.000000e+00   5.340919e-18   48
  1.144905e-01   6.040621e-16   0.000000e+00   5.540706e-18   48
  1.161620e-01   6.573446e-16   1.404895e-09   0.000000e+00   48
  1.178097e-01   5.164277e-16   1.589457e-09   4.377068e-18   30
  1.194348e-01   3.673380e-16   1.404895e-09   0.000000e+00   24
  1.210380e-01   3.592200e-16   2.961779e-09   7.468701e-18   72
  1.241824e-01   1.250297e-16   0.000000e+00   3.871061e-25   24
  1.257251e-01   8.267230e-17   0.000000e+00   1.727315e-18   96
  1.272490e-01   3.551174e-17   0.000000e+00   0.000000e+00   48
  1.287550e-01   3.408198e-18   2.433349e-09   8.553916e-27   24
  1.302436e-01   1.909644e-18   2.433349e-09   2.138479e-27   24
  1.317153e-01   1.867524e-17   0.000000e+00   4.475152e-19   72
  1.331707e-01   4.242931e-17   0.000000e+00   9.677651e-26   48
  1.360350e-01   1.079197e-16   1.490116e-09   0.000000e+00   8
  1.374447e-01   1.440912e-16   1.766064e-09   1.209463e-18   54
  1.388401e-01   1.734991e-16   0.000000e+00   3.593076e-18   84
  1.402216e-01   1.784431e-16   0.000000e+00   5.730489e-18   48
  1.415897e-01   1.865998e-16   1.986821e-09   0.000000e+00   24
  1.429446e-01   1.701705e-16   1.873193e-09   1.681032e-18   72
  1.442869e-01   1.550063e-16   0.000000e+00   6.682892e-19   96
  1.469345e-01   1.078874e-16   0.000000e+00   2.737253e-25   48
  1.482407e-01   7.871605e-17   0.000000e+00   3.609117e-19   48
  1.495354e-01   5.466405e-17   1.986821e-09   0.000000e+00   24
  1.508189e-01   2.881301e-17   0.000000e+00   4.709402e-19   72
  1.533539e-01   3.259709e-18   1.873193e-09   2.677851e-20   72
  1.546058e-01   1.170320e-19   0.000000e+00   2.649686e-21   96
  1.570796e-01   6.658630e-17   0.000000e+00   5.474506e-25   6
  1.583021e-01   4.178126e-17   0.000000e+00   3.163314e-18   96
  1.595151e-01   5.237974e-17   1.986821e-09   2.946929e-18   96
  1.607190e-01   5.869374e-17   0.000000e+00   0.000000e+00   24
  1.619140e-01   6.933782e-17   2.809790e-09   2.484403e-18   48
  1.631002e-01   7.335344e-17   0.000000e+00   3.973633e-19   96
  1.642778e-01   7.819830e-17   0.000000e+00   1.368627e-25   48
  1.666081e-01   6.415388e-17   0.000000e+00   2.196386e-18   36
  1.677611e-01   6.403399e-17   3.441276e-09   2.203389e-18   48
  1.689063e-01   5.808378e-17   3.893359e-09   9.804176e-19   120
  1.700437e-01   5.681129e-17   0.000000e+00   2.981254e-19   56
  1.711736e-01   5.258949e-17   1.986821e-09   1.368627e-25   24
  1.722960e-01   3.145339e-17   0.000000e+00   3.982459e-19   96
  1.734112e-01   2.264356e-17   0.000000e+00   6.843133e-26   48
  1.756204e-01   9.528805e-18   0.000000e+00   0.000000e+00   24
  1.767146e-01   5.049182e-18   0.000000e+00   1.822918e-19   102
  1.778021e-01   1.729994e-18   0.000000e+00   2.132747e-20   48
  1.788829e-01   4.436696e-19   0.000000e+00   6.402349e-21   72
  1.799573e-01   2.549001e-19   0.000000e+00   0.000000e+00   48
  1.810253e-01   7.325859e-18   0.000000e+00   5.721435e-19   48
  1.820871e-01   1.186001e-17   4.495664e-09   5.034798e-19   120
  1.841922e-01   1.313308e-17   2.809790e-09   3.421566e-26   24
  1.852358e-01   2.147718e-17   2.649095e-09   4.863626e-19   144
  1.862735e-01   2.514421e-17   3.178914e-09   4.142394e-19   120
  1.873055e-01   3.071839e-17   2.809790e-09   0.000000e+00   48
  1.893526e-01   3.159825e-17   2.809790e-09   6.843133e-26   48
  1.903679e-01   3.087401e-17   2.809790e-09   3.229478e-19   96
  1.930487e-01   2.575683e-17   4.711199e-04   3.823558e-19   72
  1.943761e-01   2.303676e-17   3.532127e-09   3.888885e-19   108
  1.953653e-01   2.102001e-17   0.000000e+00   5.392662e-19   72
  1.963495e-01   1.688006e-17   0.000000e+00   6.312202e-19   30
  1.973288e-01   1.360051e-17   0.000000e+00   2.682153e-19   168
  1.983033e-01   1.445469e-17   0.000000e+00   4.956129e-19   48
  2.002380e-01   4.655076e-18   0.000000e+00   9.168376e-20   72
  2.011984e-01   1.919105e-18   0.000000e+00   6.166238e-20   96
  2.021542e-01   1.049311e-18   5.298191e-09   1.447970e-20   72
  2.031055e-01   2.058424e-19   0.000000e+00   7.942660e-21   72
  2.047049e-01   2.044473e-18   4.350048e-04   2.046884e-19   104
  2.059331e-01   3.830017e-18   3.746387e-09   2.833694e-19   144
  2.087224e-01   1.131340e-17   6.282881e-09   6.097063e-19   96
  2.096439e-01   8.796373e-18   0.000000e+00   1.305368e-19   96
  2.111095e-01   1.251063e-17   4.475232e-04   2.332940e-19   120
  2.123845e-01   1.546679e-17   0.000000e+00   4.285795e-20   120
  2.132902e-01   1.649717e-17   0.000000e+00   1.024868e-19   72
  2.150901e-01   1.242101e-17   0.000000e+00   0.000000e+00   48
  2.159845e-01   1.567209e-17   4.235416e-09   1.064601e-19   78
  2.171286e-01   1.642326e-17   4.007142e-04   2.205911e-19   168
  2.195255e-01   8.278214e-18   3.746387e-09   2.951901e-19   144
  2.204018e-01   8.013968e-18   3.746387e-09   2.710440e-19   144
  2.229436e-01   3.220241e-18   2.307791e-04   1.181568e-19   156
  2.238729e-01   2.469951e-18   4.866699e-09   1.066838e-19   48
  2.247323e-01   1.470499e-18   3.178914e-09   4.492080e-20   120
  2.255884e-01   1.276446e-18   0.000000e+00   1.845420e-19   48
  2.271022e-01   1.393330e-19   3.532495e-04   1.116655e-20   216
  2.289809e-01   1.162481e-19   0.000000e+00   5.388872e-21   48
  2.298212e-01   6.079890e-19   2.809790e-09   5.198728e-20   96
  2.310160e-01   2.076387e-18   4.128272e-04   4.780023e-20   168
  2.323239e-01   1.345564e-18   2.809790e-09   0.000000e+00   48
  2.331522e-01   3.313012e-18   0.000000e+00   1.186727e-19   96
  2.339775e-01   5.750730e-18   0.000000e+00   0.000000e+00   48
  2.356194e-01   4.345075e-18   3.178914e-09   7.786477e-20   30
  2.364362e-01   4.124132e-18   2.809790e-09   2.041907e-19   96
  2.374123e-01   6.784451e-18   3.244455e-04   1.190874e-19   240
  2.386674e-01   5.741927e-18   3.500299e-04   1.597752e-19   32
  2.396752e-01   7.299892e-18   0.000000e+00   8.393074e-20   168
  2.404781e-01   6.479538e-18   0.000000e+00   1.863844e-20   120
  2.420760e-01   8.068801e-18   5.923557e-09   4.942877e-19   72
  2.428710e-01   7.170182e-18   3.746387e-09   2.845379e-19   144
  2.436634e-01   9.285774e-18   0.000000e+00   3.587607e-19   96
  2.444532e-01   3.799256e-18   0.000000e+00   5.114114e-20   96
  2.460253e-01   4.798441e-18   4.588368e-09   2.860842e-19   72
  2.468075e-01   2.499835e-18   3.973643e-09   1.301367e-19   96
  2.483647e-01   1.207338e-18   0.000000e+00   0.000000e+00   24
  2.491396e-01   7.940632e-19   0.000000e+00   4.109835e-20   192
  2.500522e-01   2.592751e-19   2.970416e-04   2.146123e-20   132
  2.514501e-01   1.883801e-19   0.000000e+00   7.045285e-21   96
  2.522156e-01   1.875515e-19   0.000000e+00   1.272131e-21   96
  2.529787e-01   1.663321e-19   3.178914e-09   8.865777e-21   120
  2.544981e-01   3.460528e-20   0.000000e+00   0.000000e+00   48
  2.557435e-01   2.238727e-18   3.599905e-04   7.867928e-20   222
  2.567603e-01   2.063759e-18   0.000000e+00   1.468055e-19   120
  2.575100e-01   1.271142e-18   4.866699e-09   4.276958e-27   24
  2.586015e-01   2.880365e-18   3.715625e-04   8.280072e-20   312
  2.609797e-01   3.476975e-18   3.483547e-04   8.398044e-20   72
  2.619630e-01   3.644681e-18   2.809790e-09   8.904027e-20   96
  2.629726e-01   4.030592e-18   3.547511e-04   3.784815e-20   192
  2.641613e-01   3.117343e-18   4.495664e-09   7.697202e-20   120
  2.648900e-01   4.408493e-18   0.000000e+00   6.822963e-20   144
  2.663415e-01   1.149476e-18   0.000000e+00   0.000000e+00   48
  2.673732e-01   3.225855e-18   3.567146e-04   5.887458e-20   336
  2.685040e-01   2.850645e-18   0.000000e+00   2.316392e-19   48
  2.699360e-01   2.196153e-18   0.000000e+00   7.895928e-20   192
  2.706492e-01   2.415576e-18   0.000000e+00   0.000000e+00   48
  2.726764e-01   5.694909e-19   2.476067e-04   6.920067e-20   56
  2.736844e-01   4.386177e-19   3.180112e-04   1.780467e-20   336
  2.748894e-01   1.762934e-19   3.532127e-09   4.508733e-20   54
  2.759390e-01   4.545622e-19   3.492904e-04   4.037709e-20   240
  2.781181e-01   2.854009e-19   3.344484e-04   2.168902e-20   228
  2.790651e-01   1.875865e-19   3.746387e-09   1.160817e-20   72
  2.799844e-01   4.214102e-19   3.244231e-04   2.626872e-20   144
  2.811298e-01   6.534693e-19   0.000000e+00   1.068768e-20   96
  2.818146e-01   6.826694e-19   4.495664e-09   2.015754e-20   240
  2.831793e-01   2.421369e-18   3.973643e-09   6.048532e-27   24
  2.840530e-01   1.389121e-18   3.064151e-04   2.307805e-20   336
  2.852142e-01   1.105811e-18   0.000000e+00   2.430552e-21   72
  2.862741e-01   2.539727e-18   3.332831e-04   7.226508e-20   168
  2.872346e-01   2.143265e-18   0.000000e+00   1.144782e-19   72
  2.885737e-01   3.161565e-18   0.000000e+00   1.086097e-19   96
  2.896108e-01   1.572971e-18   3.307829e-04   1.306501e-20   216
  2.905708e-01   1.296294e-18   3.973643e-09   3.550889e-20   96
  2.918946e-01   2.104138e-18   0.000000e+00   9.773007e-20   192
  2.925542e-01   1.961735e-18   3.746387e-09   9.586811e-20   144
  2.938691e-01   1.374554e-18   0.000000e+00   0.000000e+00   48
  2.947794e-01   1.759388e-18   3.189136e-04   8.887267e-20   246
  2.960164e-01   8.013833e-19   2.940434e-04   8.096394e-20   168
  2.971308e-01   6.770059e-19   5.506041e-09   2.149297e-20   120
  2.977788e-01   2.733288e-19   0.000000e+00   1.799927e-20   240
  2.990707e-01   7.954817e-20   3.973643e-09   0.000000e+00   24
  3.001001e-01   1.189405e-19   3.147475e-04   5.969077e-21   360
  3.013820e-01   2.168356e-19   3.134082e-04   1.295437e-20   120
  3.022763e-01   8.977679e-20   0.000000e+00   7.877611e-21   144
  3.029133e-01   1.417887e-19   0.000000e+00   9.528800e-21   96
  3.048165e-01   4.475496e-19   0.000000e+00   3.271794e-20   144
  3.054482e-01   3.444153e-19   0.000000e+00   1.414296e-20   132
  3.063360e-01   3.922520e-19   3.093292e-04   1.859208e-20   176
  3.076248e-01   8.099075e-19   3.123602e-04   1.934419e-20   312
  3.092116e-01   7.784390e-19   0.000000e+00   2.691775e-20   96
  3.098343e-01   8.879485e-19   0.000000e+00   1.594578e-20   144
  3.107899e-01   1.076607e-18   3.092271e-04   1.468131e-20   312
  3.123131e-01   6.919481e-19   0.000000e+00   0.000000e+00   48
  3.129297e-01   1.015978e-18   3.973643e-09   3.381195e-20   192
  3.141593e-01   1.171173e-18   0.000000e+00   0.000000e+00   6
  3.149762e-01   1.180536e-18   2.884066e-04   3.946090e-20   288
  3.162994e-01   1.266087e-18   3.047203e-04   4.572822e-20   192
  3.172124e-01   8.432167e-19   9.345130e-09   5.804720e-20   216
  3.178195e-01   4.692412e-19   0.000000e+00   1.931132e-20   72
  3.193321e-01   3.791731e-19   3.018264e-04   1.530495e-20   192
  3.203366e-01   5.052233e-19   2.241224e-04   1.140467e-20   288
  3.214381e-01   8.229836e-20   0.000000e+00   0.000000e+00   24
  3.222890e-01   2.133356e-19   2.952626e-04   1.307273e-20   456
  3.238280e-01   1.296588e-19   5.619580e-09   1.874586e-20   48
  3.247789e-01   9.216345e-20   2.908218e-04   6.243690e-21   240
  3.258718e-01   4.713557e-20   2.939082e-04   1.040303e-21   216
  3.267908e-01   1.240492e-19   0.000000e+00   6.608337e-21   72
  3.273801e-01   1.089939e-19   1.015467e-08   9.588796e-21   168
  3.290441e-01   4.129450e-20   2.184577e-04   1.590633e-21   288
  3.299773e-01   2.350805e-19   2.890570e-04   2.579985e-20   168
  3.314762e-01   1.819432e-19   0.000000e+00   6.117269e-21   192
  3.320572e-01   3.091938e-19   3.746387e-09   2.050111e-20   144
  3.332162e-01   7.432118e-19   0.000000e+00   1.428158e-19   36
  3.341991e-01   5.607816e-19   2.639705e-04   1.599357e-20   342
  3.351389e-01   6.461820e-19   2.710657e-04   1.200931e-20   144
  3.363470e-01   6.175774e-19   2.842800e-04   1.303465e-20   384
  3.378125e-01   8.296092e-19   7.786718e-09   4.778790e-20   120
  3.385379e-01   8.592334e-19   2.534951e-04   2.775777e-20   264
  3.395201e-01   8.417848e-19   1.256576e-08   4.890394e-20   192
  3.404451e-01   5.719323e-19   2.731894e-04   2.714108e-20   152
  3.412191e-01   6.798123e-19   7.492773e-09   6.702952e-20   144
  3.428472e-01   4.116839e-19   1.768108e-04   2.470880e-20   216
  3.436008e-01   4.132952e-19   2.362665e-04   1.602808e-20   312
  3.449274e-01   1.804441e-19   2.738281e-04   7.632171e-21   240
  3.457090e-01   9.181398e-20   3.973643e-09   1.047235e-21   96
  3.471927e-01   2.126160e-19   2.617995e-04   1.783614e-20   144
  3.481071e-01   1.053864e-19   2.573258e-04   5.966388e-21   456
  3.495904e-01   1.326533e-19   0.000000e+00   3.618838e-21   120
  3.501414e-01   2.747124e-20   0.000000e+00   1.978137e-21   144
  3.512407e-01   1.697965e-19   0.000000e+00   0.000000e+00   24
  3.519456e-01   1.696515e-19   2.473498e-04   1.328109e-20   336
  3.531645e-01   1.615303e-19   2.727931e-04   1.691848e-20   198
  3.543067e-01   4.559528e-20   2.652756e-04   1.956403e-21   432
  3.556041e-01   2.162023e-19   0.000000e+00   2.363464e-20   48
  3.562810e-01   2.408755e-19   2.341925e-04   1.290892e-20   384
  3.574963e-01   3.632822e-19   2.696052e-04   4.745584e-20   144
  3.585975e-01   4.748886e-19   2.676825e-04   4.071388e-20   264
  3.599147e-01   3.640025e-19   0.000000e+00   7.560665e-28   48
  3.607984e-01   4.205722e-19   2.545223e-04   2.582290e-20   276
  3.616510e-01   5.137060e-19   2.307176e-04   4.297190e-20   192
  3.627906e-01   3.561885e-19   2.592759e-04   1.472799e-20   552
  3.641741e-01   4.613473e-19   8.991328e-09   1.638187e-20   120
  3.649965e-01   1.956206e-19   2.624511e-04   9.026497e-21   216
  3.657587e-01   2.841149e-19   4.495664e-09   1.169770e-20   120
  3.671201e-01   2.546244e-19   2.584500e-04   8.408864e-21   408
  3.683844e-01   4.194950e-19   5.619580e-09   1.069240e-27   24
  3.691684e-01   1.630387e-19   2.610810e-04   9.726760e-21   384
  3.702633e-01   1.692970e-19   2.550855e-04   1.357810e-20   240
  3.712141e-01   1.545063e-19   2.569535e-04   1.021354e-20   168
  3.725471e-01   4.615336e-20   6.357829e-09   2.281443e-21   120
  3.734064e-01   7.911742e-20   2.678605e-04   1.182060e-20   350
  3.748037e-01   1.686361e-19   4.409502e-04   1.788282e-20   384
  3.756388e-01   8.295114e-20   0.000000e+00   5.070549e-21   144
  3.771752e-01   9.262108e-20   1.059638e-08   7.375530e-21   288
  3.779773e-01   1.280013e-19   2.524053e-04   5.956408e-21   336
  3.790686e-01   1.916999e-20   2.297941e-04   1.843919e-21   168
  3.797219e-01   1.520244e-19   4.541306e-09   9.203881e-21   336
  3.810732e-01   9.742369e-20   2.385126e-04   5.727496e-21   288
  3.818848e-01   3.772594e-19   2.247398e-04   2.095029e-20   264
  3.832590e-01   2.467286e-19   0.000000e+00   2.815580e-20   240
  3.837616e-01   1.982377e-19   7.947286e-09   1.500373e-20   96
  3.855656e-01   3.377933e-19   3.056310e-04   2.675612e-20   360
  3.864075e-01   3.753064e-19   2.253025e-04   4.181392e-20   168
  3.874713e-01   1.885071e-19   2.456032e-04   7.436217e-21   456
  3.887523e-01   2.990762e-19   7.064254e-09   3.737243e-20   108
  3.894728e-01   1.945664e-19   2.464311e-04   1.666768e-20   264
  3.903716e-01   1.488282e-19   2.198567e-04   5.999876e-21   264
  3.916025e-01   1.851695e-19   2.074668e-04   7.269193e-21   312
  3.931351e-01   2.454098e-19   1.541705e-04   1.165185e-20   270
  3.937775e-01   1.182986e-19   1.957388e-04   7.725973e-21   240
  3.949323e-01   8.953039e-20   2.421536e-04   3.507399e-21   384
  3.956334e-01   3.135159e-20   0.000000e+00   1.138691e-21   192
  3.969952e-01   6.568980e-20   1.942960e-04   4.047358e-21   240
  3.977852e-01   6.450725e-20   2.397927e-04   5.482731e-21   336
  3.992708e-01   3.713683e-20   2.413972e-04   1.025361e-21   480
  4.004761e-01   4.451255e-20   0.000000e+00   2.796751e-21   72
  4.011493e-01   2.466098e-20   2.353842e-04   1.147200e-21   240
  4.020650e-01   4.161685e-20   2.212289e-04   1.593266e-21   312
  4.031147e-01   4.458530e-20   2.390954e-04   3.007406e-21   240
  4.047009e-01   1.143679e-19   1.816506e-04   6.958444e-21   408
  4.053288e-01   9.452821e-20   1.663482e-04   5.688878e-21   336
  4.065560e-01   1.167598e-19   2.112212e-04   5.248114e-21   264
  4.071591e-01   7.994091e-20   0.000000e+00   8.027473e-21   144
  4.088370e-01   1.108665e-19   2.927651e-04   5.119070e-21   464
  4.097211e-01   9.730018e-20   2.328083e-04   7.216170e-21   168
  4.105939e-01   7.554286e-20   2.120376e-04   3.486582e-21   336
  4.121713e-01   1.388116e-19   2.227870e-04   9.792783e-21   414
  4.130606e-01   4.469170e-19   2.319080e-04   5.286825e-20   216
  4.141998e-01   2.343655e-19   5.619580e-09   4.240837e-20   96
  4.146649e-01   1.314035e-19   1.685874e-08   7.954331e-21   384
  4.162944e-01   7.796113e-20   2.314600e-04   3.738420e-21   492
  4.171676e-01   9.999063e-20   2.263480e-04   9.004484e-21   240
  4.181546e-01   1.060076e-19   2.298225e-04   8.366580e-21   312
  4.195176e-01   9.891291e-20   2.297469e-04   5.172174e-21   192
  4.203810e-01   7.149520e-20   2.226525e-04   3.908223e-21   504
  4.215265e-01   4.823396e-20   1.473998e-04   3.102342e-21   408
  4.224284e-01   4.616752e-20   4.515774e-04   4.219128e-21   168
  4.235571e-01   1.061159e-19   2.145032e-04   8.522568e-21   288
  4.245041e-01   1.046202e-19   2.238525e-04   7.500103e-21   288
  4.254743e-01   2.898925e-20   2.251410e-04   1.056072e-21   432
  4.268815e-01   2.418634e-20   2.129084e-04   9.472420e-22   216
  4.276334e-01   3.712836e-20   2.124592e-04   2.295275e-21   360
  4.289721e-01   4.593757e-20   2.073582e-04   2.377161e-21   312
  4.301803e-01   1.338825e-19   0.000000e+00   0.000000e+00   48
  4.308767e-01   1.009143e-19   2.223178e-04   6.570833e-21   432
  4.321240e-01   7.511289e-20   3.708284e-04   3.895274e-21   414
  4.328606e-01   7.067965e-20   1.956255e-08   3.939952e-21   312
  4.342347e-01   1.332249e-19   3.253813e-04   5.551033e-21   528
  4.351620e-01   1.181481e-19   1.707976e-04   6.306384e-21   264
  4.362761e-01   7.551151e-20   2.025191e-04   5.561919e-21   480
  4.377318e-01   1.219467e-19   0.000000e+00   5.087266e-21   288
  4.383604e-01   3.291211e-20   2.176005e-04   3.189761e-21   168
  4.395105e-01   9.147153e-20   3.444610e-04   3.793615e-21   504
  4.408036e-01   1.089323e-19   7.492773e-09   1.046813e-20   144
  4.416171e-01   5.366367e-20   2.212265e-04   2.432933e-21   464
  4.428396e-01   6.707503e-20   3.246624e-04   4.491602e-21   432
  4.434197e-01   8.384439e-20   5.619580e-09   4.705507e-21   192
  4.449189e-01   7.103436e-20   2.406833e-04   4.751081e-21   396
  4.458042e-01   5.597759e-20   2.162000e-04   4.700145e-21   288
  4.466990e-01   5.391963e-20   2.135686e-04   2.827299e-21   336
  4.481283e-01   7.949792e-20   1.352359e-04   4.678359e-21   432
  4.490354e-01   4.581301e-20   3.505126e-04   2.166969e-21   360
  4.500539e-01   2.942438e-20   2.073334e-04   9.465728e-22   384
  4.515004e-01   2.470433e-20   1.830116e-04   8.510035e-22   198
  4.521974e-01   4.799659e-20   2.080246e-04   1.653556e-21   552
  4.534970e-01   2.544275e-20   2.912202e-04   1.226568e-21   432
  4.545821e-01   4.132341e-20   0.000000e+00   2.601701e-21   168
  4.554927e-01   9.234771e-20   3.610065e-04   7.819076e-21   480
  4.566974e-01   5.471614e-20   0.000000e+00   4.100923e-21   120
  4.572396e-01   9.665297e-20   2.948545e-04   1.123464e-20   336
  4.585628e-01   7.042156e-20   2.080152e-04   4.951396e-21   672
  4.598711e-01   5.734067e-20   3.025866e-04   2.105380e-21   528
  4.604805e-01   5.977554e-20   9.082613e-09   3.401227e-21   168
  4.618883e-01   5.384361e-20   3.375333e-04   2.144758e-21   456
  4.627474e-01   2.363253e-20   2.061344e-04   1.221584e-22   168
  4.636392e-01   7.058719e-20   2.057643e-04   2.988581e-21   504
  4.651216e-01   4.379604e-20   2.647872e-04   2.459784e-21   336
  4.660180e-01   6.798018e-20   1.908802e-04   6.850507e-21   312
  4.670124e-01   6.482881e-20   1.865029e-04   4.214938e-21   504
  4.683210e-01   6.205657e-20   1.294009e-04   6.751200e-21   432
  4.689362e-01   1.210341e-19   1.999672e-04   1.264764e-20   312
  4.702151e-01   7.280038e-20   2.049761e-04   6.400218e-21   384
  4.715504e-01   2.091204e-20   1.741510e-04   1.067415e-21   126
  4.723748e-01   6.032387e-20   3.057676e-04   3.794004e-21   492
  4.734278e-01   4.351383e-20   1.958445e-04   2.491653e-21   528
  4.747438e-01   4.292671e-20   1.989360e-04   3.332876e-21   480
  4.755596e-01   6.102766e-20   2.748289e-04   2.732314e-21   432
  4.767402e-01   3.629735e-20   2.161166e-04   1.797191e-21   440
  4.781114e-01   2.551421e-20   1.074739e-04   7.336431e-22   312
  4.786259e-01   4.189340e-20   1.610586e-04   2.710790e-21   480
  4.796813e-01   3.461188e-20   3.153497e-04   1.864838e-21   408
  4.812233e-01   8.190740e-20   1.888588e-04   5.136293e-21   360
  4.818747e-01   6.270330e-20   1.822418e-04   5.617502e-21   408
  4.830820e-01   5.105984e-20   1.854542e-04   5.333226e-21   456
  4.844414e-01   3.885163e-20   1.772485e-04   3.791276e-21   264
  4.851959e-01   6.321127e-20   1.923591e-04   2.939773e-21   384
  4.862943e-01   3.656770e-20   3.238501e-04   1.147596e-21   672
  4.875640e-01   7.783684e-20   1.937042e-04   3.342490e-21   240
  4.882967e-01   1.941794e-20   1.965613e-04   5.911203e-22   264
  4.893308e-01   3.558423e-20   2.424259e-04   1.643506e-21   624
  4.908739e-01   4.453164e-20   0.000000e+00   5.897331e-21   150
  4.914232e-01   6.406053e-20   2.716574e-04   4.827880e-21   600
  4.925819e-01   2.879591e-20   1.874909e-04   1.270158e-21   672
  4.938939e-01   4.543042e-20   1.763484e-04   5.036745e-21   336
  4.946248e-01   1.151938e-19   1.918157e-04   1.049009e-20   408
  4.957926e-01   4.293399e-20   1.913639e-04   2.178992e-21   408
  4.970915e-01   3.217744e-20   9.676385e-05   1.025103e-21   360
  4.978921e-01   2.926844e-20   3.552857e-04   1.476539e-21   456
  4.988592e-01   3.433486e-20   1.932065e-04   1.465391e-21   384
  5.000902e-01   2.469080e-20   1.783541e-04   2.032885e-21   348
  5.007554e-01   3.362555e-20   2.198754e-04   2.791660e-21   576
  5.020050e-01   2.983507e-20   1.810385e-04   1.414282e-21   504
  5.032833e-01   3.794826e-20   2.553443e-04   2.302076e-21   432
  5.043991e-01   3.724778e-20   3.473946e-04   2.303547e-21   576
  5.051948e-01   1.704420e-20   0.000000e+00   7.105040e-22   264
  5.064571e-01   3.388493e-20   2.764393e-04   1.972669e-21   768
  5.075549e-01   1.759152e-20   3.721752e-04   9.589603e-22   240
  5.084277e-01   1.054499e-20   3.282233e-04   1.921092e-22   192
  5.096990e-01   3.691042e-20   2.416124e-04   2.013760e-21   504
  5.106418e-01   6.223968e-20   3.255818e-04   6.741100e-21   590
  5.115460e-01   1.361814e-19   3.647966e-04   1.555103e-20   384
  5.126798e-01   3.483666e-20   3.048625e-04   2.825751e-21   504
  5.140486e-01   5.442133e-20   2.933830e-04   9.263700e-22   648
  5.153764e-01   3.320068e-20   7.967896e-05   2.414447e-21   504
  5.159117e-01   2.878465e-20   1.817627e-04   2.014235e-21   312
  5.168569e-01   5.120527e-20   2.618753e-04   2.793443e-21   576
  5.181545e-01   6.413616e-20   1.822405e-04   6.700381e-21   240
  5.189109e-01   2.109437e-20   1.841453e-04   1.345004e-21   552
  5.199816e-01   7.281015e-20   1.729082e-04   5.389668e-21   600
  5.215067e-01   2.269298e-20   2.111937e-04   1.055523e-21   600
  5.224237e-01   2.390018e-20   3.382099e-04   9.860214e-22   312
  5.233368e-01   2.411577e-20   2.945474e-04   9.870872e-22   480
  5.244775e-01   2.811556e-20   1.837693e-04   1.531763e-21   576
  5.254818e-01   1.554261e-20   2.959085e-04   7.662654e-22   408
  5.263729e-01   3.922059e-21   3.451909e-04   2.182139e-22   216
  5.275243e-01   5.332308e-20   2.643774e-04   3.462286e-21   516
  5.287578e-01   3.272244e-20   2.522429e-04   1.336350e-21   744
  5.300304e-01   2.115826e-20   1.684760e-04   1.520436e-21   462
  5.307494e-01   3.959317e-20   1.712315e-04   2.392327e-21   432
  5.318647e-01   2.980967e-20   1.588547e-04   1.450902e-21   648
  5.331761e-01   1.181059e-20   2.324340e-04   6.096321e-22   528
  5.342295e-01   1.427326e-20   2.799086e-04   7.461983e-22   600
  5.352820e-01   2.026373e-20   3.528915e-04   4.465719e-22   240
  5.363014e-01   4.148136e-20   2.703115e-04   1.559385e-21   720
  5.374863e-01   2.361709e-20   2.138653e-04   1.605631e-21   720
  5.387997e-01   4.826446e-21   0.000000e+00   2.660719e-22   144
  5.394909e-01   9.068934e-20   2.757364e-04   7.151408e-21   720
  5.404742e-01   4.536936e-20   1.653370e-04   4.576513e-21   384
  5.417051e-01   3.815052e-20   1.832848e-04   2.465425e-21   672
  5.428730e-01   3.749098e-20   3.209115e-04   2.726784e-21   336
  5.434308e-01   3.766640e-20   0.000000e+00   2.605333e-21   288
  5.447967e-01   3.259372e-20   2.539800e-04   1.502495e-21   776
  5.460612e-01   2.877917e-20   2.173184e-04   1.100564e-21   720
  5.471231e-01   2.241650e-20   1.750659e-04   1.242851e-21   432
  5.479725e-01   1.218995e-20   2.495786e-04   9.268996e-22   504
  5.489174e-01   1.921716e-20   1.748652e-04   5.931507e-22   528
  5.502396e-01   6.470896e-20   2.382437e-04   6.596066e-21   438
  5.513273e-01   3.456578e-20   2.772938e-04   1.588887e-21   624
  5.521470e-01   3.077175e-20   3.396475e-04   2.826293e-21   312
  5.532738e-01   4.068910e-20   1.829935e-04   3.040709e-21   696
  5.544390e-01   4.125265e-20   1.655760e-04   3.840362e-21   552
  5.556509e-01   3.036313e-20   1.281006e-04   1.791444e-21   516
  5.564006e-01   4.142950e-20   2.558713e-04   3.823198e-21   528
  5.573133e-01   1.313009e-20   1.664001e-04   4.886809e-22   528
  5.586097e-01   2.826258e-20   2.194479e-04   5.993916e-22   864
  5.594897e-01   2.351099e-20   3.005985e-04   6.737917e-22   408
  5.603706e-01   6.512503e-20   2.978186e-04   1.982591e-21   192
  5.616191e-01   5.342778e-20   2.464592e-04   2.567701e-21   720
  5.626731e-01   4.272928e-20   2.272475e-04   2.556025e-21   696
  5.639255e-01   5.444288e-20   2.454294e-04   4.492611e-21   720
  5.650713e-01   6.206546e-20   3.326501e-04   5.137025e-21   432
  5.657395e-01   2.349158e-20   1.958109e-04   1.605924e-21   264
  5.669418e-01   4.946329e-20   2.704061e-04   3.573484e-21   672
  5.680171e-01   2.947249e-20   2.768544e-04   1.565766e-21   600
  5.692933e-01   1.588952e-20   1.620980e-04   1.278324e-21   270
  5.699366e-01   2.753803e-20   2.440026e-04   1.599903e-21   528
  5.709591e-01   4.805232e-20   1.670843e-04   2.807528e-21   840
  5.723613e-01   3.360815e-20   3.194952e-04   1.245980e-21   888
  5.736568e-01   1.747176e-20   2.380474e-04   1.066790e-21   744
  5.747517e-01   2.058729e-20   1.223216e-04   1.046984e-21   456
  5.752963e-01   1.053551e-20   1.671601e-04   2.339174e-22   360
  5.762282e-01   1.448615e-20   1.448348e-04   5.082249e-22   384
  5.776580e-01   1.167944e-20   2.323137e-04   7.185315e-22   816
  5.787308e-01   2.002531e-20   3.370546e-04   8.826541e-22   824
  5.800348e-01   2.623713e-20   1.566791e-04   1.149385e-21   360
  5.807331e-01   1.656410e-20   2.311994e-04   8.036644e-22   624
  5.816941e-01   1.462089e-20   1.562320e-04   1.036298e-21   360
  5.829744e-01   3.384366e-20   2.125215e-04   1.669302e-21   876
  5.841306e-01   4.606405e-20   2.524119e-04   2.103777e-21   696
  5.852967e-01   2.700011e-20   1.629911e-04   1.774240e-21   336
  5.859080e-01   4.595669e-20   1.628079e-04   2.560784e-21   504
  5.869176e-01   1.584332e-20   1.642187e-04   8.543933e-22   672
  5.884155e-01   1.352329e-20   3.269213e-04   9.949470e-22   720
  5.894543e-01   6.630769e-20   2.469541e-04   2.789190e-21   774
  5.906010e-01   5.357120e-20   1.413501e-04   2.444209e-21   384
  5.912015e-01   2.466475e-20   2.720183e-04   1.731805e-21   528
  5.921335e-01   4.428647e-20   2.592486e-04   2.331912e-21   744
  5.936327e-01   2.932813e-20   2.138251e-04   2.178519e-21   768
  5.946281e-01   2.602429e-20   2.400348e-04   1.613727e-21   552
  5.958700e-01   1.654366e-20   2.616108e-04   5.768031e-22   696
  5.967938e-01   4.350681e-20   3.179026e-04   2.434718e-21   408
  5.975272e-01   3.140393e-20   1.373364e-04   1.946797e-21   504
  5.986899e-01   1.621711e-20   2.467198e-04   6.881878e-22   888
  5.998339e-01   2.021902e-20   2.564132e-04   8.212704e-22   648
  6.010230e-01   1.244942e-20   2.542153e-04   3.711726e-22   648
  6.021418e-01   2.713693e-20   2.741064e-04   1.774007e-21   792
  6.033268e-01   1.758786e-20   4.010364e-04   1.264845e-21   600
  6.042000e-01   2.083645e-20   2.717856e-04   1.318883e-21   456
  6.051191e-01   3.707676e-20   1.324567e-04   1.926663e-21   648
  6.062996e-01   2.408075e-20   2.583099e-04   1.301137e-21   936
  6.075741e-01   2.818230e-20   1.586356e-04   1.771426e-21   384
  6.086836e-01   2.736675e-20   1.334798e-08   2.680928e-21   198
  6.095398e-01   2.199986e-20   4.024720e-04   1.310962e-21   1224
  6.104634e-01   3.269475e-20   2.931235e-04   1.393942e-21   420
  6.115558e-01   4.815846e-20   2.836822e-04   2.728890e-21   792
  6.126238e-01   2.869614e-20   2.345810e-04   1.114121e-21   680
  6.138428e-01   2.529283e-20   2.154033e-04   1.574865e-21   600
  6.148235e-01   2.042370e-20   3.123938e-04   9.117332e-22   840
  6.161330e-01   3.149229e-20   1.474979e-04   1.323428e-21   432
  6.166334e-01   4.645536e-20   1.382249e-04   4.003471e-21   720
  6.177213e-01   2.604158e-20   2.768404e-04   1.673557e-21   960
  6.190745e-01   3.738521e-20   2.467829e-04   2.950544e-21   528
  6.200634e-01   2.231807e-20   2.522592e-04   1.093702e-21   624
  6.212404e-01   3.588654e-20   1.982740e-04   1.942190e-21   816
  6.224086e-01   1.547538e-20   3.260658e-04   6.275521e-22   696
  6.236996e-01   2.941473e-20   2.202416e-08   5.179047e-21   240
  6.241851e-01   3.571088e-20   1.922888e-04   1.647043e-21   672
  6.252686e-01   1.085062e-20   3.436476e-04   4.011367e-22   864
  6.264840e-01   1.604806e-20   2.636938e-04   7.164871e-22   816
  6.275795e-01   1.121086e-20   1.509292e-04   4.001826e-22   648
  6.287594e-01   5.321302e-20   1.542771e-04   8.546901e-21   843
  6.297611e-01   2.652787e-20   2.775825e-04   3.950772e-21   780
  6.309548e-01   5.879935e-20   1.489456e-04   5.924970e-21   216
  6.316911e-01   2.874825e-20   3.591661e-04   1.617106e-21   1056
  6.328235e-01   3.049412e-20   2.938382e-04   1.963588e-21   228
  6.338720e-01   3.776025e-20   3.658358e-04   4.074532e-21   924
  6.349484e-01   1.591872e-20   1.357046e-04   5.587712e-22   696
  6.360882e-01   5.150095e-20   2.415153e-04   5.764058e-21   996
  6.372543e-01   2.012865e-20   1.425858e-04   2.077316e-21   576
  6.384675e-01   2.379697e-20   2.200718e-04   1.653046e-21   552
  6.393519e-01   5.853122e-20   2.627580e-04   4.328398e-21   516
  6.402494e-01   2.378989e-20   3.821047e-04   7.435953e-22   744
  6.412749e-01   6.346107e-20   1.874451e-04   5.394547e-21   576
  6.421669e-01   2.848294e-20   1.929285e-04   8.308686e-22   792
  6.434346e-01   2.258530e-20   2.205530e-04   6.002172e-22   792
  6.443636e-01   2.897994e-20   2.378641e-04   1.021981e-21   720
  6.456200e-01   1.950425e-20   2.711104e-04   1.245865e-21   656
  6.467974e-01   1.972320e-20   2.960385e-04   9.205070e-22   816
  6.480043e-01   2.158534e-20   1.596190e-04   1.643537e-21   492
  6.486903e-01   2.671062e-20   2.296231e-04   1.086053e-21   552
  6.499778e-01   2.538232e-20   3.992867e-04   1.636900e-21   780
  6.508139e-01   1.713784e-20   2.452771e-04   9.211388e-22   528
  6.517148e-01   6.171154e-21   2.863130e-04   1.381095e-22   600
  6.530425e-01   1.035182e-20   2.379487e-04   5.955774e-22   900
  6.539577e-01   1.557245e-20   1.317325e-04   5.742626e-22   696
  6.552168e-01   1.132230e-20   3.330907e-04   9.250728e-22   696
  6.564349e-01   8.713771e-21   1.351317e-04   4.833053e-22   552
  6.574592e-01   1.480673e-20   1.571457e-04   1.005542e-21   708
  6.585322e-01   2.455051e-20   2.594565e-04   1.467142e-21   876
  6.596487e-01   2.092380e-20   1.377663e-04   3.771993e-21   216
  6.603980e-01   1.795064e-20   3.768094e-04   1.160073e-21   1032
  6.615201e-01   1.695950e-20   4.195357e-04   6.852630e-22   600
  6.626848e-01   1.789136e-20   2.001869e-04   1.264965e-21   600
  6.635732e-01   7.381117e-21   3.535112e-04   3.524218e-22   528
  6.646233e-01   1.526059e-20   1.940622e-04   7.102657e-22   732
  6.657296e-01   2.702477e-20   1.432973e-04   1.724982e-21   336
  6.670031e-01   3.835807e-20   2.042271e-04   2.972871e-21   912
  6.679548e-01   2.889219e-20   2.049821e-04   1.529288e-21   624
  6.689946e-01   1.337036e-20   1.727341e-04   4.354952e-22   768
  6.702082e-01   1.016598e-20   3.116463e-04   3.899966e-22   792
  6.713995e-01   2.371769e-20   1.545014e-04   2.447820e-21   660
  6.722471e-01   1.489839e-20   2.276826e-04   9.167896e-22   504
  6.731238e-01   7.857169e-21   3.719898e-04   4.498908e-22   480
  6.744376e-01   6.298345e-21   3.440421e-04   2.523813e-22   912
  6.754664e-01   1.336412e-20   3.831443e-04   3.403015e-22   432
  6.764380e-01   2.117209e-20   2.275021e-04   1.260695e-21   564
  6.773006e-01   6.354046e-21   2.177508e-04   3.394348e-22   600
  6.785149e-01   1.883425e-20   3.035240e-04   1.640581e-21   876
  6.794272e-01   1.352569e-20   1.364735e-04   1.216568e-21   264
  6.806846e-01   1.269677e-20   2.648123e-04   8.408607e-22   560
  6.816953e-01   5.610340e-21   1.799457e-04   1.526283e-22   840
  6.829222e-01   1.153218e-20   2.774244e-04   6.094222e-22   1008
  6.840568e-01   1.529226e-20   1.241010e-04   1.604270e-21   456
  6.850930e-01   5.293622e-21   1.607553e-04   4.253753e-22   576
  6.860509e-01   2.337001e-20   2.470177e-04   4.505228e-21   612
  6.873140e-01   2.587900e-20   2.206269e-04   2.094808e-21   780
  6.883444e-01   1.463474e-20   2.528284e-04   1.048922e-21   648
  6.893992e-01   9.300921e-21   1.178213e-04   1.270467e-21   312
  6.900734e-01   1.314232e-20   2.993645e-04   8.961604e-22   528
  6.912414e-01   1.377513e-20   3.909551e-04   7.362540e-22   720
  6.923583e-01   8.989716e-21   3.921794e-04   4.767047e-22   576
  6.937124e-01   2.242652e-20   3.383053e-04   2.612778e-21   444
  6.945549e-01   3.291497e-20   3.317685e-04   3.861145e-21   996
  6.955874e-01   1.330293e-20   2.771265e-04   8.637808e-22   432
  6.965633e-01   3.098476e-20   3.033990e-04   2.782019e-21   504
  6.974062e-01   1.075506e-20   1.367883e-04   6.475426e-22   504
  6.986065e-01   1.663629e-20   2.692009e-04   1.027074e-21   876
  6.996926e-01   1.675991e-20   3.098246e-04   1.478490e-21   504
  7.008236e-01   9.839962e-21   1.975899e-04   5.131198e-22   696
  7.017583e-01   1.901219e-20   1.689187e-04   4.009381e-21   492
  7.030300e-01   2.252840e-20   2.418152e-04   3.023148e-21   432
  7.039719e-01   8.740944e-21   2.264335e-04   3.682810e-22   768
  7.050885e-01   1.126626e-20   2.820533e-04   7.130644e-22   648
  7.061547e-01   8.236246e-21   1.840095e-04   4.215072e-22   456
  7.073798e-01   6.985846e-21   2.530430e-04   3.116462e-22   552
  7.082306e-01   1.152356e-20   1.734358e-04   6.639370e-22   648
  7.094016e-01   1.212837e-20   2.826907e-04   4.806513e-22   840
  7.105454e-01   1.027608e-20   1.348092e-04   7.714892e-22   432
  7.116906e-01   5.980658e-21   1.651183e-04   3.823424e-22   600
  7.124870e-01   1.725613e-20   1.759227e-04   1.564686e-21   432
  7.138248e-01   2.556329e-20   1.751482e-04   2.239401e-21   560
  7.147308e-01   1.023342e-20   2.772412e-04   5.497141e-22   840
  7.158652e-01   1.499537e-20   1.642140e-04   8.794364e-22   504
  7.167662e-01   5.289508e-21   3.351509e-04   2.731089e-22   696
  7.180362e-01   1.200997e-20   1.830475e-04   7.967015e-22   384
  7.190254e-01   1.989856e-20   2.681431e-04   7.402967e-22   576
  7.202219e-01   2.181124e-20   1.654845e-04   1.457726e-21   360
  7.211864e-01   3.256239e-20   2.464465e-04   4.535098e-21   828
  7.222268e-01   4.865751e-20   2.195064e-04   4.070800e-21   372
  7.231800e-01   1.244001e-20   3.352284e-04   1.142360e-21   576
  7.244428e-01   1.057541e-20   1.403933e-04   2.946104e-22   636
  7.253425e-01   6.907815e-21   2.706420e-04   3.422854e-22   648
  7.265596e-01   1.182707e-20   2.200024e-04   7.093193e-22   576
  7.274333e-01   9.205796e-21   3.548870e-04   4.847968e-22   528
  7.285953e-01   1.161134e-20   1.517289e-04   3.792794e-22   360
  7.295571e-01   5.370433e-21   3.490332e-04   3.160750e-22   672
  7.308130e-01   1.595819e-20   1.787806e-04   2.249438e-21   804
  7.318582e-01   9.584461e-21   1.972163e-04   7.701244e-22   408
  7.330145e-01   7.432783e-21   1.219011e-04   5.737579e-22   384
  7.337931e-01   1.012571e-20   2.789567e-04   6.241526e-22   480
  7.348913e-01   1.281387e-20   1.802469e-04   7.922478e-22   432
  7.359446e-01   1.134456e-20   3.321566e-04   5.145695e-22   648
  7.371913e-01   1.104898e-20   2.061016e-04   7.048703e-22   624
  7.381033e-01   1.056839e-20   1.874668e-04   6.845184e-22   456
  7.393486e-01   1.321588e-20   2.560963e-04   9.702070e-22   588
  7.401831e-01   1.217813e-20   1.633884e-04   5.863992e-22   600
  7.414016e-01   9.797434e-21   2.548458e-04   3.438209e-22   708
  7.423640e-01   7.014992e-21   1.605479e-04   2.353362e-22   360
  7.434275e-01   7.796741e-21   1.845541e-04   2.585285e-22   552
  7.444470e-01   3.709636e-21   1.294691e-04   2.619713e-22   288
  7.454820e-01   6.984735e-21   2.434372e-04   2.960165e-22   528
  7.464545e-01   1.165631e-20   1.642340e-04   6.629288e-22   456
  7.475410e-01   9.705645e-21   2.912225e-04   5.516755e-22   608
  7.486338e-01   1.529236e-20   1.408967e-04   8.467854e-22   504
  7.498278e-01   2.034829e-20   3.024972e-04   1.494554e-21   540
  7.507642e-01   2.224918e-20   3.247222e-04   1.501688e-21   360
  7.517735e-01   1.566930e-20   1.470509e-04   1.076545e-21   540
  7.526661e-01   1.138778e-20   1.262606e-04   5.548672e-22   576
  7.539642e-01   1.173933e-20   2.927555e-04   7.770675e-22   588
  7.551985e-01   9.582637e-21   4.039143e-04   3.643511e-22   672
  7.562588e-01   8.134028e-21   3.087151e-04   3.544254e-22   552
  7.571135e-01   8.044148e-21   3.088712e-04   1.236652e-21   144
  7.582042e-01   7.214632e-21   2.624178e-04   2.583342e-22   600
  7.592383e-01   8.581841e-21   3.288668e-04   4.267944e-22   504
  7.603860e-01   1.363123e-20   3.378126e-04   1.024752e-21   336
  7.615932e-01   8.166237e-21   3.797028e-04   5.288213e-22   600
  7.626744e-01   1.271938e-20   2.450478e-04   6.003432e-22   636
  7.638413e-01   8.068084e-21   1.970206e-04   2.263701e-22   384
  7.646595e-01   5.737177e-21   2.748205e-04   4.714366e-22   504
  7.658387e-01   2.055975e-20   1.153383e-04   1.161752e-21   240
  7.667694e-01   9.498231e-21   2.709461e-04   3.558913e-22   744
  7.678860e-01   1.050541e-20   1.850150e-04   4.788445e-22   648
  7.688783e-01   1.067719e-20   1.228185e-04   7.603007e-22   120
  7.700414e-01   5.946334e-21   1.929319e-04   4.809649e-22   564
  7.709202e-01   5.432954e-21   3.030111e-04   1.837999e-22   432
  7.720932e-01   4.773590e-21   2.351965e-04   2.753968e-22   480
  7.729764e-01   1.117469e-20   1.731106e-04   3.105968e-22   456
  7.740189e-01   1.266057e-20   2.864725e-04   7.453345e-22   444
  7.752020e-01   6.176023e-21   4.383180e-04   2.418520e-22   528
  7.762412e-01   1.649940e-20   3.255297e-04   6.459759e-22   264
  7.772498e-01   2.868277e-20   3.336195e-04   2.650989e-21   444
  7.786065e-01   6.726333e-21   3.654311e-04   2.549518e-22   696
  7.797327e-01   3.744705e-20   1.954448e-04   3.396789e-21   384
  7.805563e-01   7.332137e-21   2.469609e-04   1.766809e-22   432
  7.818373e-01   7.046507e-21   1.706384e-04   6.057296e-22   488
  7.826690e-01   3.018035e-21   2.571733e-04   1.576213e-22   480
  7.838749e-01   6.163700e-21   2.868014e-04   2.595035e-22   480
  7.848089e-01   7.404292e-21   1.203331e-04   7.475626e-22   240
  7.858692e-01   1.158170e-20   2.810886e-04   5.236023e-22   600
  7.868694e-01   6.637105e-21   2.449399e-04   3.541415e-22   288
  7.879343e-01   8.209646e-21   2.356143e-04   3.523010e-22   480
  7.890129e-01   7.808663e-21   4.191157e-04   3.084226e-22   504
  7.900748e-01   6.795979e-21   1.798267e-04   3.047168e-22   216
  7.914291e-01   7.360203e-21   2.944050e-04   4.163741e-22   504
  7.924838e-01   1.046115e-20   2.367912e-04   6.947190e-22   456
  7.936384e-01   1.653937e-20   1.358038e-04   1.235806e-21   384
  7.944031e-01   9.420221e-21   2.756326e-04   4.259478e-22   480
  7.954897e-01   9.236544e-21   2.420363e-04   5.044229e-22   504
  7.964966e-01   7.735294e-21   1.535327e-04   5.439429e-22   312
  7.975815e-01   2.742522e-20   2.474127e-04   3.766955e-21   492
  7.985417e-01   5.131259e-21   2.318919e-04   2.769754e-22   312
  7.997779e-01   5.738342e-21   3.766899e-04   3.093281e-22   576
  8.008661e-01   5.475627e-21   3.477153e-04   4.160355e-22   336
  8.017699e-01   6.768104e-21   2.677247e-04   5.792939e-22   240
  8.030228e-01   9.638425e-21   3.549351e-04   9.579013e-22   468
  8.041047e-01   6.645666e-21   2.222407e-04   3.095055e-22   192
  8.052370e-01   9.414411e-21   2.229031e-04   7.581589e-22   324
  8.060669e-01   2.612693e-20   1.617794e-04   3.021917e-21   600
  8.071978e-01   1.279926e-20   2.624704e-04   6.190543e-22   456
  8.080377e-01   4.466811e-21   1.180592e-04   3.183665e-22   336
  8.094297e-01   3.564091e-20   3.535027e-04   5.778473e-21   612
  8.104424e-01   9.473582e-21   2.966749e-04   5.280710e-22   144
  8.114002e-01   5.925984e-21   3.462957e-04   3.466615e-22   552
  8.127025e-01   1.393120e-20   1.363755e-04   1.094887e-21   264
  8.134384e-01   8.077707e-21   3.157441e-04   5.733630e-22   336
  8.145992e-01   1.194647e-20   2.086329e-04   5.208667e-22   384
  8.156059e-01   1.024994e-20   1.174397e-04   2.060883e-21   216
  8.167203e-01   9.916288e-21   2.489964e-04   4.632668e-22   344
  8.177364e-01   9.034625e-21   3.715143e-04   4.627018e-22   408
  8.189746e-01   7.456306e-21   2.854845e-04   6.172046e-22   264
  8.200718e-01   9.953945e-21   3.979796e-04   6.084286e-22   612
  8.211681e-01   7.584827e-21   2.048307e-04   4.230041e-22   408
  8.222956e-01   1.011843e-20   2.051251e-04   7.253307e-22   444
  8.231239e-01   8.311689e-21   1.147249e-04   5.707191e-22   120
  8.242338e-01   9.407010e-21   3.169640e-04   6.008158e-22   336
  8.250576e-01   1.038871e-20   1.101437e-04   1.291354e-21   288
  8.261708e-01   5.567310e-21   3.427692e-04   4.423960e-22   552
  8.277012e-01   1.432707e-21   1.835347e-08   1.129904e-22   72
  8.284882e-01   7.022970e-21   3.404572e-04   4.609680e-22   504
  8.294074e-01   8.339116e-21   1.095558e-04   4.887291e-22   216
  8.305983e-01   1.172815e-21   1.956043e-04   6.302419e-23   312
  8.316675e-01   1.150670e-20   2.227263e-04   5.692114e-22   336
  8.326865e-01   3.256824e-20   3.087236e-04   7.017086e-21   204
  8.337014e-01   1.610530e-20   3.587838e-04   1.493599e-21   504
  8.347777e-01   3.609949e-20   3.416652e-04   6.112310e-21   396
  8.358127e-01   4.887537e-21   3.133249e-04   1.990922e-22   312
  8.370674e-01   9.797630e-21   1.914750e-04   7.880826e-22   216
  8.379516e-01   1.166907e-20   1.039172e-04   9.816697e-22   168
  8.390260e-01   1.428419e-20   2.623966e-04   1.183282e-21   588
  8.402521e-01   1.348906e-20   3.561727e-04   9.729703e-22   240
  8.412047e-01   1.305201e-20   3.145601e-04   7.993901e-22   264
  8.423219e-01   6.499267e-21   3.890183e-04   4.576217e-22   288
  8.433131e-01   8.997563e-21   1.942596e-04   3.609447e-22   288
  8.445693e-01   6.542042e-21   1.824406e-04   3.974660e-22   288
  8.454153e-01   2.199513e-20   2.113423e-04   1.549814e-21   192
  8.464795e-01   1.095341e-20   2.248894e-04   5.409988e-22   264
  8.474933e-01   8.814268e-21   3.699119e-04   7.081254e-22   372
  8.485844e-01   1.174502e-20   3.995208e-04   7.005896e-22   360
  8.499161e-01   7.490725e-21   1.690810e-04   9.484278e-22   144
  8.506044e-01   2.970774e-21   2.348461e-04   1.772159e-22   296
  8.516909e-01   1.111400e-20   2.530345e-04   1.171657e-21   288
  8.529347e-01   5.318037e-21   3.781537e-04   6.268460e-22   480
  8.540076e-01   4.174799e-21   3.142096e-04   3.100054e-22   192
  8.550509e-01   1.518872e-21   3.370327e-04   8.955942e-23   192
  8.559992e-01   1.134428e-20   2.147949e-04   6.359452e-22   288
  8.573180e-01   8.014911e-21   1.869760e-04   8.019756e-22   108
  8.579823e-01   8.118930e-21   1.797545e-04   6.942298e-22   240
  8.591554e-01   5.165588e-21   3.353363e-04   3.213371e-22   384
  8.603605e-01   2.992352e-20   4.090723e-04   2.246071e-21   108
  8.614261e-01   5.398405e-20   2.398466e-04   8.494585e-21   348
  8.625466e-01   1.009779e-20   2.503134e-04   5.902505e-22   312
  8.635474e-01   1.950290e-20   2.432319e-04   1.911104e-21   96
  8.644677e-01   2.017350e-20   3.238194e-04   1.726187e-21   384
  8.654984e-01   2.384210e-20   2.227222e-04   3.419033e-21   144
  8.665066e-01   5.158921e-21   3.422225e-04   4.372803e-22   408
  8.677598e-01   1.175006e-20   1.526554e-04   2.189430e-21   144
  8.689437e-01   2.047307e-20   2.934816e-04   2.097414e-21   192
  8.696459e-01   7.215983e-21   3.303190e-04   6.252047e-22   144
  8.707904e-01   8.455621e-21   2.685615e-04   9.083836e-22   144
  8.718702e-01   7.580083e-21   3.282257e-04   5.116499e-22   336
  8.731927e-01   1.369488e-20   2.428454e-04   1.201767e-21   240
  8.740312e-01   5.954152e-21   1.102739e-04   4.793727e-22   96
  8.752007e-01   1.322173e-20   3.233803e-04   1.441550e-21   372
  8.763838e-01   1.345674e-20   3.846540e-04   1.908914e-21   132
  8.774230e-01   3.021803e-21   2.380193e-04   2.530688e-22   264
  8.783527e-01   6.013254e-21   1.827880e-04   5.727121e-22   168
  8.793449e-01   1.950428e-20   2.922429e-04   1.708581e-21   216
  8.802213e-01   5.210365e-21   1.787978e-04   1.946010e-22   216
  8.814979e-01   8.785336e-21   3.280196e-04   7.784358e-22   96
  8.826561e-01   1.678435e-21   2.140028e-04   1.309597e-22   120
  8.837183e-01   5.866863e-21   2.720578e-04   5.959465e-22   216
  8.845934e-01   6.982476e-21   1.188902e-04   2.758079e-22   200
  8.857519e-01   4.700391e-21   3.077557e-04   2.747740e-22   288
  8.872378e-01   6.916976e-21   8.097649e-05   4.318086e-22   144
  8.878635e-01   2.289419e-20   2.519939e-04   1.736670e-21   168
  8.891412e-01   6.857237e-20   2.835956e-04   2.670592e-20   159
  8.901386e-01   2.158707e-20   2.975600e-04   3.184262e-21   174
  8.911039e-01   1.152732e-20   2.698170e-04   8.264281e-22   144
  8.923678e-01   7.183021e-21   1.557998e-04   1.230724e-21   222
  8.932131e-01   1.568971e-20   1.572158e-04   3.186808e-21   168
  8.946732e-01   1.895349e-20   3.448346e-04   4.360791e-21   30
  8.952763e-01   1.568389e-21   3.044637e-04   2.950855e-23   72
  8.964123e-01   1.265996e-20   2.717302e-04   1.693397e-21   258
  8.976612e-01   7.666822e-21   1.701916e-04   7.122581e-22   264
  8.982857e-01   1.045579e-20   0.000000e+00   9.569865e-22   72
  8.995871e-01   1.364590e-20   3.373270e-04   2.046636e-21   174
  9.007654e-01   2.766448e-21   3.591909e-04   2.559334e-22   168
  9.017127e-01   1.847986e-21   1.123916e-08   0.000000e+00   48
  9.027297e-01   1.511285e-20   2.028435e-04   3.765885e-21   150
  9.039088e-01   2.539751e-21   3.731453e-04   2.006013e-22   168
  9.050911e-01   1.125898e-20   2.273028e-04   1.324564e-21   144
  9.061784e-01   6.804647e-21   2.123525e-04   1.727006e-21   102
  9.069882e-01   2.593222e-20   3.143182e-04   2.180641e-21   96
  9.082731e-01   4.315995e-21   3.119397e-04   5.739026e-22   120
  9.092246e-01   4.286505e-21   3.345635e-04   3.889776e-22   168
  9.102538e-01   9.391688e-21   2.470487e-04   9.615913e-22   126
  9.111308e-01   3.101991e-21   1.863241e-04   7.789609e-23   168
  9.123389e-01   1.622943e-20   2.987709e-04   3.076806e-21   72
  9.133947e-01   2.518227e-21   3.741278e-04   1.524728e-22   168
  9.143196e-01   2.212462e-20   1.025668e-04   2.940689e-21   78
  9.155870e-01   6.922683e-22   1.684070e-04   8.391252e-24   60
  9.166075e-01   2.756301e-20   2.731835e-04   3.971030e-21   96
  9.176659e-01   3.178709e-21   3.314854e-04   2.987765e-22   168
  9.186605e-01   2.222947e-20   2.097511e-04   5.138487e-21   86
  9.197042e-01   1.746620e-20   1.874678e-04   1.117513e-21   120
  9.212002e-01   3.402293e-21   1.336894e-04   2.086344e-22   168
  9.220069e-01   4.603254e-21   0.000000e+00   0.000000e+00   48
  9.230934e-01   2.577335e-21   2.435676e-04   2.274276e-22   120
  9.237177e-01   1.098713e-20   1.776924e-04   1.119857e-21   126
  9.252418e-01   2.371642e-21   3.125113e-04   2.398765e-22   96
  9.262310e-01   4.647023e-21   9.011285e-05   2.038432e-22   96
  9.270111e-01   1.107262e-21   0.000000e+00   1.025062e-22   72
  9.286731e-01   2.607438e-20   1.123916e-08   0.000000e+00   24
  9.297104e-01   4.450075e-21   1.854501e-04   6.525583e-22   120
  9.305196e-01   1.140880e-20   2.705147e-04   1.219164e-21   126
  9.314194e-01   1.221564e-20   2.255107e-04   9.126048e-22   96
  9.324708e-01   1.965018e-21   3.897482e-04   2.579217e-22   72
  9.336415e-01   1.874802e-21   1.685792e-04   1.267583e-22   144
  9.346046e-01   2.990582e-21   9.723254e-05   2.232714e-22   72
  9.355666e-01   2.381362e-20   1.942081e-04   7.373660e-21   54
  9.364132e-01   2.864437e-21   1.711436e-04   2.263823e-22   108
  9.381728e-01   1.952950e-21   1.677650e-04   1.750791e-22   72
  9.387206e-01   2.882907e-20   9.680617e-05   5.398268e-21   72
  9.400202e-01   2.090602e-20   1.946680e-08   0.000000e+00   24
  9.412498e-01   2.225829e-20   2.047976e-04   2.081691e-21   48
  9.419964e-01   1.497571e-20   1.560029e-04   4.394602e-21   102
  9.431203e-01   1.150255e-20   3.528137e-04   1.026252e-21   168
  9.445889e-01   6.575180e-22   1.924163e-04   5.877920e-24   72
  9.451330e-01   9.612428e-21   0.000000e+00   2.362708e-29   48
  9.462744e-01   1.614840e-21   3.309678e-04   7.822303e-23   120
  9.477807e-01   5.730768e-21   2.033864e-04   1.429444e-22   96
  9.492033e-01   1.902664e-20   2.202416e-08   6.889962e-21   30
  9.508942e-01   3.698185e-21   9.555995e-05   5.934521e-22   72
  9.516372e-01   1.331373e-20   1.123916e-08   0.000000e+00   24
  9.525916e-01   3.324361e-21   1.416435e-04   4.342601e-22   56
  9.536606e-01   2.570988e-21   2.021324e-04   1.552098e-22   96
  9.549399e-01   1.698755e-20   2.232036e-04   2.448366e-21   144
  9.559263e-01   6.204395e-21   1.267263e-04   2.751503e-22   54
  9.573592e-01   4.509083e-21   1.898493e-04   4.093555e-22   108
  9.588012e-01   4.389580e-21   1.005243e-04   5.052995e-22   48
  9.601739e-01   8.976057e-21   3.785063e-04   7.530672e-22   72
  9.634680e-01   2.538240e-20   2.500803e-04   7.016253e-21   78
  9.643808e-01   1.384828e-20   1.884669e-04   7.586572e-22   72
  9.654462e-01   3.444693e-21   1.882329e-04   1.494459e-22   72
  9.665603e-01   1.367922e-20   4.542266e-04   1.226795e-21   96
  9.674408e-01   6.542401e-21   1.878449e-04   3.278234e-22   72
  9.685029e-01   3.249263e-20   0.000000e+00   0.000000e+00   24
  9.695638e-01   9.861648e-21   3.748416e-04   5.981834e-22   72
  9.719599e-01   3.287787e-21   2.380359e-04   1.346124e-22   30
  9.724755e-01   1.539756e-20   0.000000e+00   3.341373e-29   24
  9.752466e-01   4.220060e-21   1.976584e-04   4.865621e-23   48
  9.761159e-01   1.504620e-21   4.253608e-04   1.018711e-22   120
  9.772870e-01   7.135499e-21   1.859776e-04   6.445756e-22   72
  9.784697e-01   3.255048e-20   1.857528e-04   2.842985e-21   36
  9.792826e-01   2.442459e-20   3.671339e-04   6.434188e-21   78
  9.815513e-01   1.585998e-21   1.963888e-04   1.072431e-24   48
  9.844928e-01   5.966756e-21   1.589457e-08   2.362708e-29   24
  9.865884e-01   1.826626e-20   1.367612e-04   7.988664e-22   56
  9.876436e-01   7.674767e-21   2.104496e-04   3.297157e-22   102
  9.889860e-01   9.431690e-21   1.498555e-08   4.271242e-22   72
  9.897653e-01   9.325035e-21   0.000000e+00   0.000000e+00   24
  9.911277e-01   9.311693e-21   1.944913e-04   6.055749e-23   48
  9.936528e-01   5.112667e-21   0.000000e+00   1.181354e-29   24
  9.967520e-01   9.227683e-20   0.000000e+00   5.346198e-28   6
  9.977185e-01   5.485021e-22   0.000000e+00   0.000000e+00   24
  9.983623e-01   1.103768e-20   1.820511e-04   9.744912e-22   72
  9.995384e-01   9.948698e-21   3.396336e-04   9.667302e-22   84
  1.000805e+00   3.668291e-22   0.000000e+00   0.000000e+00   24
  1.001190e+00   5.616449e-20   1.589457e-08   0.000000e+00   24
  1.003114e+00   5.254618e-21   1.123916e-08   1.670687e-29   24
  1.005800e+00   8.942533e-21   0.000000e+00   3.341373e-29   6
  1.009244e+00   1.188244e-20   1.910001e-04   1.150131e-21   48
  1.010072e+00   9.716933e-21   3.598129e-04   4.532439e-22   72
  1.011152e+00   5.016109e-21   1.906396e-04   5.440613e-23   48
  1.012867e+00   1.712518e-21   0.000000e+00   0.000000e+00   24
  1.015148e+00   1.324783e-20   1.123916e-08   0.000000e+00   6
  1.020262e+00   8.095464e-20   0.000000e+00   0.000000e+00   8
  1.020640e+00   9.310722e-22   1.123916e-08   0.000000e+00   48
  1.021546e+00   2.273235e-20   1.848806e-04   2.622724e-21   60
  1.022904e+00   1.042545e-21   0.000000e+00   0.000000e+00   24
  1.024787e+00   6.091160e-20   0.000000e+00   0.000000e+00   6
  1.031723e+00   5.872743e-21   0.000000e+00   0.000000e+00   24
  1.032283e+00   8.376044e-21   1.867372e-04   4.692083e-22   48
  1.033217e+00   6.193499e-21   0.000000e+00   0.000000e+00   24
  1.034708e+00   1.149397e-20   1.123916e-08   0.000000e+00   6
  1.043181e+00   3.982954e-20   1.742080e-04   6.037730e-21   36
  1.043797e+00   3.615774e-22   0.000000e+00   0.000000e+00   24
  1.044904e+00   7.977193e-20   0.000000e+00   0.000000e+00   6
  1.054545e+00   4.129155e-21   1.583190e-04   2.577526e-22   32
  1.055367e+00   1.242165e-20   1.123916e-08   1.670687e-29   6
  1.065728e+00   2.736381e-22   0.000000e+00   1.305224e-31   12
  1.066089e+00   1.936069e-19   0.000000e+00   1.069240e-27   6
  1.077063e+00   1.369728e-21   1.589457e-08   0.000000e+00   6
