# power spectrum of hij
# redshift z=10.000000
# k              Pk             sigma(k)       sigma(Pk)      count
  1.963495e-02   1.686064e-42   0.000000e+00   4.870649e-43   6
  2.776802e-02   2.060894e-18   0.000000e+00   0.000000e+00   12
  3.400874e-02   1.127730e-43   3.725290e-10   1.080045e-44   8
  3.926991e-02   1.148673e-43   0.000000e+00   3.029208e-44   6
  4.390509e-02   9.682318e-19   0.000000e+00   0.000000e+00   24
  4.809562e-02   1.028986e-18   7.024475e-10   3.024266e-27   24
  5.553604e-02   5.993565e-19   0.000000e+00   0.000000e+00   12
  5.890486e-02   1.582393e-19   7.947286e-10   1.458797e-20   30
  6.209118e-02   2.845725e-19   0.000000e+00   7.560665e-28   24
  6.512178e-02   9.729730e-19   1.216675e-09   0.000000e+00   24
  6.801748e-02   9.699611e-45   7.450581e-10   2.984659e-45   8
  7.079483e-02   3.419278e-20   9.934107e-10   0.000000e+00   24
  7.346727e-02   2.208458e-19   0.000000e+00   3.780333e-28   48
  7.853982e-02   4.545885e-45   0.000000e+00   1.170601e-45   6
  8.095699e-02   5.808263e-20   1.404895e-09   1.866539e-21   48
  8.330406e-02   1.097406e-19   0.000000e+00   9.734820e-22   36
  8.558678e-02   8.217969e-20   9.934107e-10   0.000000e+00   24
  8.781018e-02   1.282142e-19   0.000000e+00   0.000000e+00   24
  8.997866e-02   2.186992e-19   0.000000e+00   3.780333e-28   48
  9.209610e-02   2.195696e-20   1.404895e-09   9.450831e-29   24
  9.619124e-02   8.412770e-20   1.404895e-09   0.000000e+00   24
  9.817477e-02   1.451841e-19   0.000000e+00   1.328855e-20   30
  1.001190e-01   1.355736e-19   0.000000e+00   7.784681e-21   72
  1.020262e-01   1.269400e-20   1.490116e-09   5.507923e-22   32
  1.057375e-01   5.354561e-20   0.000000e+00   1.379340e-21   72
  1.075451e-01   2.088220e-19   0.000000e+00   0.000000e+00   48
  1.110721e-01   7.908202e-20   0.000000e+00   0.000000e+00   12
  1.127942e-01   8.543393e-20   0.000000e+00   7.934624e-21   48
  1.144905e-01   2.090427e-20   0.000000e+00   2.532541e-21   48
  1.161620e-01   1.581107e-19   1.404895e-09   3.780333e-28   48
  1.178097e-01   2.489259e-19   1.589457e-09   2.270163e-20   30
  1.194348e-01   1.046568e-19   1.404895e-09   3.780333e-28   24
  1.210380e-01   6.599731e-20   2.961779e-09   4.975967e-21   72
  1.241824e-01   1.533048e-19   0.000000e+00   0.000000e+00   24
  1.257251e-01   1.359472e-19   0.000000e+00   7.097431e-21   96
  1.272490e-01   3.733644e-20   0.000000e+00   9.450831e-29   48
  1.287550e-01   1.069945e-19   2.433349e-09   3.780333e-28   24
  1.302436e-01   1.374693e-19   2.433349e-09   0.000000e+00   24
  1.317153e-01   1.636791e-19   0.000000e+00   1.416658e-20   72
  1.331707e-01   1.122330e-19   0.000000e+00   1.890166e-28   48
  1.360350e-01   7.364312e-45   1.490116e-09   1.595759e-45   8
  1.374447e-01   7.671383e-20   1.766064e-09   3.714772e-21   54
  1.388401e-01   1.192110e-19   0.000000e+00   5.714971e-21   84
  1.402216e-01   5.886901e-20   0.000000e+00   6.420376e-21   48
  1.415897e-01   3.597088e-19   1.986821e-09   1.512133e-27   24
  1.429446e-01   1.063189e-19   1.873193e-09   6.490357e-21   72
  1.442869e-01   8.511917e-20   0.000000e+00   4.976592e-21   96
  1.469345e-01   8.267963e-21   0.000000e+00   1.670687e-29   48
  1.482407e-01   1.988364e-19   0.000000e+00   3.075658e-21   48
  1.495354e-01   3.417886e-19   1.986821e-09   0.000000e+00   24
  1.508189e-01   1.530498e-19   0.000000e+00   1.259867e-20   72
  1.533539e-01   5.662574e-20   1.873193e-09   4.552337e-22   72
  1.546058e-01   2.742547e-19   0.000000e+00   3.335925e-21   96
  1.570796e-01   1.737609e-45   0.000000e+00   7.097174e-46   6
  1.583021e-01   2.385942e-19   0.000000e+00   1.085806e-20   96
  1.595151e-01   8.387471e-20   1.986821e-09   5.463467e-21   96
  1.607190e-01   1.193226e-19   0.000000e+00   0.000000e+00   24
  1.619140e-01   1.350475e-19   2.809790e-09   1.833833e-20   48
  1.631002e-01   9.098130e-20   0.000000e+00   1.259685e-21   96
  1.642778e-01   1.014979e-20   0.000000e+00   2.893714e-29   48
  1.666081e-01   1.008477e-19   0.000000e+00   4.589806e-21   36
  1.677611e-01   1.585382e-19   3.441276e-09   8.536184e-21   48
  1.689063e-01   1.032313e-19   3.893359e-09   6.931868e-21   120
  1.700437e-01   1.151819e-19   0.000000e+00   6.311052e-21   56
  1.711736e-01   8.970063e-20   1.986821e-09   0.000000e+00   24
  1.722960e-01   4.837282e-20   0.000000e+00   2.015227e-21   96
  1.734112e-01   9.679213e-20   0.000000e+00   2.673099e-28   48
  1.756204e-01   6.240367e-20   0.000000e+00   0.000000e+00   24
  1.767146e-01   2.568953e-20   0.000000e+00   1.911629e-21   102
  1.778021e-01   1.024536e-19   0.000000e+00   1.464810e-20   48
  1.788829e-01   7.068784e-21   0.000000e+00   3.454674e-23   72
  1.799573e-01   2.787286e-20   0.000000e+00   0.000000e+00   48
  1.810253e-01   1.657793e-20   0.000000e+00   6.671897e-22   48
  1.820871e-01   6.448922e-20   4.495664e-09   6.517883e-21   120
  1.841922e-01   4.857048e-20   2.809790e-09   1.336549e-28   24
  1.852358e-01   1.382713e-19   2.649095e-09   1.919880e-20   144
  1.862735e-01   1.246166e-19   3.178914e-09   2.019079e-20   120
  1.873055e-01   8.711158e-19   2.809790e-09   1.512133e-27   48
  1.893526e-01   4.406501e-20   2.809790e-09   0.000000e+00   48
  1.903679e-01   3.760679e-19   2.809790e-09   2.165269e-20   96
  1.930487e-01   2.606718e-20   4.711199e-04   5.947377e-22   72
  1.943761e-01   1.562140e-19   3.532127e-09   3.168179e-20   108
  1.953653e-01   3.053470e-19   0.000000e+00   3.869855e-20   72
  1.963495e-01   4.875840e-20   0.000000e+00   4.453588e-21   30
  1.973288e-01   2.095830e-19   0.000000e+00   1.876532e-20   168
  1.983033e-01   6.015231e-19   0.000000e+00   2.802199e-20   48
  2.002380e-01   5.273383e-19   0.000000e+00   4.672676e-20   72
  2.011984e-01   2.131942e-19   0.000000e+00   4.481187e-21   96
  2.021542e-01   4.774817e-19   5.298191e-09   1.437827e-20   72
  2.031055e-01   5.188281e-19   0.000000e+00   3.452902e-20   72
  2.047049e-01   1.552332e-19   4.350048e-04   8.511383e-21   104
  2.059331e-01   3.001878e-19   3.746387e-09   8.663166e-21   144
  2.087224e-01   3.718700e-19   6.282881e-09   2.307735e-20   96
  2.096439e-01   5.285624e-20   0.000000e+00   4.191956e-21   96
  2.111095e-01   1.858628e-19   4.475232e-04   9.951644e-21   120
  2.123845e-01   3.759314e-20   0.000000e+00   1.123660e-21   120
  2.132902e-01   1.271076e-19   0.000000e+00   7.900006e-21   72
  2.150901e-01   9.143795e-21   0.000000e+00   0.000000e+00   48
  2.159845e-01   3.282794e-19   4.235416e-09   1.079798e-20   78
  2.171286e-01   5.833005e-19   4.007142e-04   5.801643e-20   168
  2.195255e-01   1.141374e-18   3.746387e-09   9.990114e-20   144
  2.204018e-01   1.223530e-18   3.746387e-09   7.582578e-20   144
  2.229436e-01   3.377510e-19   2.307791e-04   2.702755e-20   156
  2.238729e-01   2.118634e-19   4.866699e-09   2.128190e-20   48
  2.247323e-01   4.101900e-19   3.178914e-09   2.683693e-20   120
  2.255884e-01   5.109314e-19   0.000000e+00   5.623240e-20   48
  2.271022e-01   7.062946e-19   3.532495e-04   2.398911e-20   216
  2.289809e-01   3.628269e-19   0.000000e+00   1.966495e-21   48
  2.298212e-01   3.612753e-19   2.809790e-09   2.124481e-20   96
  2.310160e-01   4.807870e-19   4.128272e-04   1.669506e-20   168
  2.323239e-01   1.071415e-19   2.809790e-09   0.000000e+00   48
  2.331522e-01   4.359157e-19   0.000000e+00   1.318922e-20   96
  2.339775e-01   6.247369e-19   0.000000e+00   0.000000e+00   48
  2.356194e-01   1.667359e-19   3.178914e-09   1.538302e-20   30
  2.364362e-01   2.777316e-19   2.809790e-09   3.615827e-20   96
  2.374123e-01   2.316690e-19   3.244455e-04   2.060347e-20   240
  2.386674e-01   1.936727e-18   3.500299e-04   1.997798e-19   32
  2.396752e-01   5.941478e-19   0.000000e+00   5.749350e-20   168
  2.404781e-01   1.132846e-19   0.000000e+00   7.996983e-21   120
  2.420760e-01   1.626881e-19   5.923557e-09   2.562855e-20   72
  2.428710e-01   1.514380e-19   3.746387e-09   1.312610e-20   144
  2.436634e-01   1.397204e-19   0.000000e+00   1.417044e-21   96
  2.444532e-01   3.565635e-19   0.000000e+00   6.362561e-21   96
  2.460253e-01   1.124750e-19   4.588368e-09   3.360219e-21   72
  2.468075e-01   4.108605e-20   3.973643e-09   1.426790e-21   96
  2.483647e-01   2.031432e-19   0.000000e+00   0.000000e+00   24
  2.491396e-01   1.842092e-19   0.000000e+00   1.012389e-20   192
  2.500522e-01   2.204601e-19   2.970416e-04   1.285688e-20   132
  2.514501e-01   3.111064e-19   0.000000e+00   2.255289e-20   96
  2.522156e-01   4.399424e-20   0.000000e+00   2.407078e-22   96
  2.529787e-01   1.013132e-19   3.178914e-09   5.212113e-21   120
  2.544981e-01   6.550416e-20   0.000000e+00   1.336549e-28   48
  2.557435e-01   1.617677e-19   3.599905e-04   1.000565e-20   222
  2.567603e-01   2.033195e-19   0.000000e+00   1.828358e-20   120
  2.575100e-01   4.819666e-20   4.866699e-09   1.890166e-28   24
  2.586015e-01   2.144324e-19   3.715625e-04   1.188516e-20   312
  2.609797e-01   3.001787e-19   3.483547e-04   1.269241e-20   72
  2.619630e-01   2.056365e-19   2.809790e-09   1.059264e-20   96
  2.629726e-01   1.026626e-19   3.547511e-04   4.497014e-21   192
  2.641613e-01   1.559629e-19   4.495664e-09   5.000693e-21   120
  2.648900e-01   9.265892e-20   0.000000e+00   3.021906e-21   144
  2.663415e-01   3.684411e-19   0.000000e+00   0.000000e+00   48
  2.673732e-01   1.213830e-19   3.567146e-04   4.498833e-21   336
  2.685040e-01   1.636532e-19   0.000000e+00   1.246688e-20   48
  2.699360e-01   1.594776e-19   0.000000e+00   5.929577e-21   192
  2.706492e-01   3.580040e-20   0.000000e+00   6.682747e-29   48
  2.726764e-01   1.545583e-20   2.476067e-04   1.085220e-21   56
  2.736844e-01   2.457574e-19   3.180112e-04   1.409064e-20   336
  2.748894e-01   2.119247e-20   3.532127e-09   9.711222e-22   54
  2.759390e-01   6.826845e-19   3.492904e-04   9.481103e-20   240
  2.781181e-01   2.136297e-18   3.344484e-04   2.062330e-19   228
  2.790651e-01   9.748117e-20   3.746387e-09   2.231535e-21   72
  2.799844e-01   7.070282e-19   3.244231e-04   9.685004e-20   144
  2.811298e-01   4.783468e-19   0.000000e+00   7.289103e-20   96
  2.818146e-01   2.951085e-19   4.495664e-09   3.109970e-20   240
  2.831793e-01   4.038594e-20   3.973643e-09   0.000000e+00   24
  2.840530e-01   4.669927e-20   3.064151e-04   1.499936e-21   336
  2.852142e-01   2.684809e-20   0.000000e+00   2.125557e-21   72
  2.862741e-01   2.065317e-19   3.332831e-04   1.453203e-20   168
  2.872346e-01   2.933131e-19   0.000000e+00   4.021280e-20   72
  2.885737e-01   3.140064e-19   0.000000e+00   3.092073e-20   96
  2.896108e-01   9.124302e-20   3.307829e-04   3.438379e-21   216
  2.905708e-01   9.630145e-20   3.973643e-09   5.640793e-21   96
  2.918946e-01   3.459393e-19   0.000000e+00   2.813230e-20   192
  2.925542e-01   3.417422e-19   3.746387e-09   1.676532e-20   144
  2.938691e-01   1.407918e-19   0.000000e+00   2.673099e-28   48
  2.947794e-01   2.748212e-19   3.189136e-04   2.755429e-20   246
  2.960164e-01   6.262090e-19   2.940434e-04   8.322185e-20   168
  2.971308e-01   9.703855e-19   5.506041e-09   1.561981e-19   120
  2.977788e-01   7.839761e-19   0.000000e+00   7.693987e-20   240
  2.990707e-01   8.776925e-20   3.973643e-09   0.000000e+00   24
  3.001001e-01   1.370151e-19   3.147475e-04   4.132988e-21   360
  3.013820e-01   2.616930e-20   3.134082e-04   1.887973e-21   120
  3.022763e-01   8.121123e-20   0.000000e+00   4.851747e-21   144
  3.029133e-01   2.379758e-19   0.000000e+00   2.023440e-20   96
  3.048165e-01   2.023380e-19   0.000000e+00   1.322914e-20   144
  3.054482e-01   1.793641e-19   0.000000e+00   1.403873e-20   132
  3.063360e-01   2.113840e-19   3.093292e-04   1.038915e-20   176
  3.076248e-01   1.152488e-19   3.123602e-04   8.258599e-21   312
  3.092116e-01   9.397593e-20   0.000000e+00   8.970982e-21   96
  3.098343e-01   4.838331e-20   0.000000e+00   3.072592e-21   144
  3.107899e-01   1.774925e-19   3.092271e-04   6.922431e-21   312
  3.123131e-01   2.646699e-21   0.000000e+00   0.000000e+00   48
  3.129297e-01   1.867714e-19   3.973643e-09   1.928244e-20   192
  3.141593e-01   2.107751e-45   0.000000e+00   2.089577e-46   6
  3.149762e-01   2.505605e-19   2.884066e-04   2.591468e-20   288
  3.162994e-01   2.376035e-19   3.047203e-04   2.233027e-20   192
  3.172124e-01   2.084688e-19   9.345130e-09   2.565988e-20   216
  3.178195e-01   5.900903e-19   0.000000e+00   4.630372e-20   72
  3.193321e-01   6.361288e-19   3.018264e-04   5.819846e-20   192
  3.203366e-01   6.625301e-19   2.241224e-04   5.970933e-20   288
  3.214381e-01   2.693622e-19   0.000000e+00   7.560665e-28   24
  3.222890e-01   4.815766e-19   2.952626e-04   3.607479e-20   456
  3.238280e-01   8.002117e-19   5.619580e-09   5.981316e-20   48
  3.247789e-01   3.073027e-19   2.908218e-04   2.124518e-20   240
  3.258718e-01   1.604111e-19   2.939082e-04   7.408476e-21   216
  3.267908e-01   4.821838e-19   0.000000e+00   7.706243e-21   72
  3.273801e-01   3.760790e-19   1.015467e-08   1.778727e-20   168
  3.290441e-01   4.667388e-19   2.184577e-04   1.334820e-20   288
  3.299773e-01   5.660920e-19   2.890570e-04   1.124166e-20   168
  3.314762e-01   5.441976e-19   0.000000e+00   3.109513e-20   192
  3.320572e-01   3.609187e-19   3.746387e-09   2.587423e-20   144
  3.332162e-01   1.463090e-18   0.000000e+00   1.722354e-19   36
  3.341991e-01   6.135881e-19   2.639705e-04   2.900846e-20   342
  3.351389e-01   8.945911e-19   2.710657e-04   6.050312e-20   144
  3.363470e-01   4.948138e-19   2.842800e-04   2.338429e-20   384
  3.378125e-01   3.763616e-19   7.786718e-09   3.186977e-20   120
  3.385379e-01   3.551180e-19   2.534951e-04   1.954431e-20   264
  3.395201e-01   3.933671e-19   1.256576e-08   2.489421e-20   192
  3.404451e-01   2.005648e-19   2.731894e-04   1.131548e-20   152
  3.412191e-01   4.153270e-19   7.492773e-09   2.601241e-20   144
  3.428472e-01   2.011459e-19   1.768108e-04   1.574074e-20   216
  3.436008e-01   1.306226e-19   2.362665e-04   7.878356e-21   312
  3.449274e-01   1.326478e-19   2.738281e-04   8.018853e-21   240
  3.457090e-01   1.919721e-19   3.973643e-09   1.305906e-20   96
  3.471927e-01   1.101412e-19   2.617995e-04   4.540605e-21   144
  3.481071e-01   1.437603e-19   2.573258e-04   6.532966e-21   456
  3.495904e-01   3.167334e-19   0.000000e+00   1.961337e-20   120
  3.501414e-01   2.201048e-19   0.000000e+00   1.252427e-20   144
  3.512407e-01   5.691273e-19   0.000000e+00   0.000000e+00   24
  3.519456e-01   3.075100e-19   2.473498e-04   9.581823e-21   336
  3.531645e-01   2.987717e-19   2.727931e-04   1.318954e-20   198
  3.543067e-01   4.715815e-19   2.652756e-04   1.402656e-20   432
  3.556041e-01   2.511475e-19   0.000000e+00   6.986690e-21   48
  3.562810e-01   3.176285e-19   2.341925e-04   1.222561e-20   384
  3.574963e-01   4.505444e-19   2.696052e-04   1.288585e-20   144
  3.585975e-01   4.767513e-19   2.676825e-04   1.837891e-20   264
  3.599147e-01   2.196347e-19   0.000000e+00   0.000000e+00   48
  3.607984e-01   7.027327e-19   2.545223e-04   5.424833e-20   276
  3.616510e-01   7.364556e-19   2.307176e-04   7.546967e-20   192
  3.627906e-01   5.274425e-19   2.592759e-04   3.592936e-20   552
  3.641741e-01   7.512391e-19   8.991328e-09   7.051100e-20   120
  3.649965e-01   2.604572e-19   2.624511e-04   8.227686e-21   216
  3.657587e-01   7.035963e-19   4.495664e-09   3.689655e-20   120
  3.671201e-01   1.102563e-19   2.584500e-04   5.831167e-21   408
  3.683844e-01   7.801482e-20   5.619580e-09   0.000000e+00   24
  3.691684e-01   3.696303e-19   2.610810e-04   1.594803e-20   384
  3.702633e-01   2.264408e-19   2.550855e-04   2.973322e-20   240
  3.712141e-01   8.678132e-19   2.569535e-04   7.096667e-20   168
  3.725471e-01   8.670239e-19   6.357829e-09   1.546038e-19   120
  3.734064e-01   7.382872e-19   2.678605e-04   6.915823e-20   350
  3.748037e-01   8.286483e-19   4.409502e-04   6.063402e-20   384
  3.756388e-01   1.294866e-19   0.000000e+00   7.911612e-21   144
  3.771752e-01   3.528642e-19   1.059638e-08   3.669150e-20   288
  3.779773e-01   1.224449e-19   2.524053e-04   6.334400e-21   336
  3.790686e-01   3.498201e-19   2.297941e-04   1.674157e-20   168
  3.797219e-01   2.979434e-19   4.541306e-09   1.098131e-20   336
  3.810732e-01   2.179650e-19   2.385126e-04   1.989117e-20   288
  3.818848e-01   6.778015e-19   2.247398e-04   2.500901e-20   264
  3.832590e-01   4.813732e-19   0.000000e+00   3.405205e-20   240
  3.837616e-01   5.439968e-19   7.947286e-09   1.611757e-20   96
  3.855656e-01   5.386552e-19   3.056310e-04   2.240169e-20   360
  3.864075e-01   5.659386e-19   2.253025e-04   6.073337e-20   168
  3.874713e-01   7.201169e-19   2.456032e-04   4.036685e-20   456
  3.887523e-01   1.410602e-18   7.064254e-09   1.239334e-19   108
  3.894728e-01   3.557208e-19   2.464311e-04   1.960909e-20   264
  3.903716e-01   4.838814e-19   2.198567e-04   4.149003e-20   264
  3.916025e-01   8.490563e-19   2.074668e-04   4.857411e-20   312
  3.931351e-01   1.930368e-19   1.541705e-04   1.584897e-20   270
  3.937775e-01   2.369793e-19   1.957388e-04   1.031940e-20   240
  3.949323e-01   3.119032e-19   2.421536e-04   2.127115e-20   384
  3.956334e-01   5.184970e-19   0.000000e+00   3.310165e-20   192
  3.969952e-01   5.212090e-19   1.942960e-04   4.817859e-20   240
  3.977852e-01   6.795246e-19   2.397927e-04   4.963785e-20   336
  3.992708e-01   4.992729e-19   2.413972e-04   4.117826e-20   480
  4.004761e-01   9.079375e-19   0.000000e+00   1.491015e-19   72
  4.011493e-01   7.139981e-19   2.353842e-04   6.453001e-20   240
  4.020650e-01   2.860661e-19   2.212289e-04   2.001742e-20   312
  4.031147e-01   4.142245e-19   2.390954e-04   1.866482e-20   240
  4.047009e-01   3.941029e-19   1.816506e-04   1.752550e-20   408
  4.053288e-01   2.074705e-19   1.663482e-04   1.269076e-20   336
  4.065560e-01   4.742135e-19   2.112212e-04   3.158476e-20   264
  4.071591e-01   5.219301e-19   0.000000e+00   4.429760e-20   144
  4.088370e-01   6.251397e-19   2.927651e-04   4.120840e-20   464
  4.097211e-01   7.964566e-19   2.328083e-04   9.679982e-20   168
  4.105939e-01   6.666092e-19   2.120376e-04   5.616972e-20   336
  4.121713e-01   6.551740e-19   2.227870e-04   3.322329e-20   414
  4.130606e-01   3.301660e-19   2.319080e-04   9.686685e-21   216
  4.141998e-01   1.128956e-18   5.619580e-09   8.011188e-20   96
  4.146649e-01   3.949712e-19   1.685874e-08   2.040032e-20   384
  4.162944e-01   8.071473e-20   2.314600e-04   3.669238e-21   492
  4.171676e-01   5.784793e-20   2.263480e-04   1.993320e-21   240
  4.181546e-01   3.511191e-19   2.298225e-04   2.941444e-20   312
  4.195176e-01   5.710386e-19   2.297469e-04   9.578299e-20   192
  4.203810e-01   9.814529e-19   2.226525e-04   7.803845e-20   504
  4.215265e-01   1.028050e-18   1.473998e-04   9.303874e-20   408
  4.224284e-01   2.424026e-19   4.515774e-04   3.324965e-20   168
  4.235571e-01   8.753418e-19   2.145032e-04   4.233958e-20   288
  4.245041e-01   5.007894e-19   2.238525e-04   2.976848e-20   288
  4.254743e-01   2.111487e-19   2.251410e-04   8.204142e-21   432
  4.268815e-01   5.198974e-19   2.129084e-04   3.446878e-20   216
  4.276334e-01   6.019164e-19   2.124592e-04   2.949124e-20   360
  4.289721e-01   1.222234e-18   2.073582e-04   9.043409e-20   312
  4.301803e-01   3.170635e-20   0.000000e+00   0.000000e+00   48
  4.308767e-01   1.035708e-18   2.223178e-04   7.261699e-20   432
  4.321240e-01   2.024714e-19   3.708284e-04   1.067092e-20   414
  4.328606e-01   7.804746e-19   1.956255e-08   7.912870e-20   312
  4.342347e-01   7.973447e-19   3.253813e-04   5.895597e-20   528
  4.351620e-01   1.316156e-18   1.707976e-04   1.986951e-19   264
  4.362761e-01   1.860198e-18   2.025191e-04   1.786182e-19   480
  4.377318e-01   1.143691e-18   0.000000e+00   1.173784e-19   288
  4.383604e-01   2.041760e-19   2.176005e-04   1.354980e-20   168
  4.395105e-01   4.483412e-19   3.444610e-04   1.596742e-20   504
  4.408036e-01   6.210138e-19   7.492773e-09   4.372843e-20   144
  4.416171e-01   5.287619e-19   2.212265e-04   3.100095e-20   464
  4.428396e-01   1.149671e-18   3.246624e-04   7.497159e-20   432
  4.434197e-01   1.179986e-18   5.619580e-09   1.315286e-19   192
  4.449189e-01   1.016796e-18   2.406833e-04   6.929742e-20   396
  4.458042e-01   4.799889e-19   2.162000e-04   4.343668e-20   288
  4.466990e-01   3.989025e-19   2.135686e-04   2.419790e-20   336
  4.481283e-01   2.205015e-19   1.352359e-04   8.690524e-21   432
  4.490354e-01   2.038263e-19   3.505126e-04   7.235295e-21   360
  4.500539e-01   2.197446e-19   2.073334e-04   7.217503e-21   384
  4.515004e-01   5.336041e-19   1.830116e-04   4.452142e-20   198
  4.521974e-01   1.185551e-18   2.080246e-04   1.432266e-19   552
  4.534970e-01   1.928226e-18   2.912202e-04   1.608773e-19   432
  4.545821e-01   6.405077e-19   0.000000e+00   6.037270e-20   168
  4.554927e-01   1.325365e-18   3.610065e-04   1.025273e-19   480
  4.566974e-01   1.015475e-18   0.000000e+00   6.336168e-20   120
  4.572396e-01   2.267999e-18   2.948545e-04   2.680886e-19   336
  4.585628e-01   1.119611e-18   2.080152e-04   1.127562e-19   672
  4.598711e-01   5.526005e-19   3.025866e-04   5.054957e-20   528
  4.604805e-01   2.864241e-19   9.082613e-09   2.166351e-20   168
  4.618883e-01   3.981946e-19   3.375333e-04   2.325584e-20   456
  4.627474e-01   8.333478e-19   2.061344e-04   7.907296e-20   168
  4.636392e-01   6.874965e-19   2.057643e-04   6.258583e-20   504
  4.651216e-01   4.909813e-19   2.647872e-04   6.920537e-20   336
  4.660180e-01   9.210647e-19   1.908802e-04   9.424647e-20   312
  4.670124e-01   7.012115e-19   1.865029e-04   6.611178e-20   504
  4.683210e-01   2.793176e-19   1.294009e-04   1.955324e-20   432
  4.689362e-01   2.201976e-19   1.999672e-04   1.177490e-20   312
  4.702151e-01   6.714395e-20   2.049761e-04   2.868164e-21   384
  4.715504e-01   6.328838e-18   1.741510e-04   1.118204e-18   126
  4.723748e-01   8.998840e-18   3.057676e-04   1.220734e-18   492
  4.734278e-01   8.161843e-18   1.958445e-04   1.083406e-18   528
  4.747438e-01   1.787494e-18   1.989360e-04   2.291485e-19   480
  4.755596e-01   7.260651e-19   2.748289e-04   3.364651e-20   432
  4.767402e-01   5.762602e-19   2.161166e-04   4.278732e-20   440
  4.781114e-01   2.699653e-18   1.074739e-04   2.556269e-19   312
  4.786259e-01   7.628039e-19   1.610586e-04   9.281086e-20   480
  4.796813e-01   1.004189e-18   3.153497e-04   1.090833e-19   408
  4.812233e-01   1.478291e-19   1.888588e-04   7.017714e-21   360
  4.818747e-01   9.060459e-20   1.822418e-04   7.578980e-21   408
  4.830820e-01   1.950369e-19   1.854542e-04   9.903494e-21   456
  4.844414e-01   2.509627e-19   1.772485e-04   2.757546e-20   264
  4.851959e-01   4.544764e-19   1.923591e-04   4.205395e-20   384
  4.862943e-01   4.513085e-19   3.238501e-04   4.164653e-20   672
  4.875640e-01   6.037664e-19   1.937042e-04   4.065232e-20   240
  4.882967e-01   1.275003e-19   1.965613e-04   6.106149e-21   264
  4.893308e-01   9.931683e-20   2.424259e-04   4.488504e-21   624
  4.908739e-01   7.284397e-20   0.000000e+00   7.919797e-21   150
  4.914232e-01   4.837047e-18   2.716574e-04   7.165699e-19   600
  4.925819e-01   1.287553e-17   1.874909e-04   1.420825e-18   672
  4.938939e-01   3.495514e-18   1.763484e-04   6.723350e-19   336
  4.946248e-01   3.365365e-18   1.918157e-04   3.632621e-19   408
  4.957926e-01   2.976592e-19   1.913639e-04   1.532100e-20   408
  4.970915e-01   9.550098e-19   9.676385e-05   7.438717e-20   360
  4.978921e-01   1.120108e-18   3.552857e-04   1.016865e-19   456
  4.988592e-01   8.753508e-19   1.932065e-04   1.059989e-19   384
  5.000902e-01   4.416739e-20   1.783541e-04   2.111901e-21   348
  5.007554e-01   5.118459e-19   2.198754e-04   3.552188e-20   576
  5.020050e-01   1.401983e-19   1.810385e-04   5.522699e-21   504
  5.032833e-01   7.094198e-20   2.553443e-04   3.795483e-21   432
  5.043991e-01   1.797607e-19   3.473946e-04   6.647971e-21   576
  5.051948e-01   1.680067e-19   0.000000e+00   1.652509e-20   264
  5.064571e-01   1.953270e-19   2.764393e-04   6.296347e-21   768
  5.075549e-01   1.259344e-19   3.721752e-04   9.148262e-21   240
  5.084277e-01   8.823426e-20   3.282233e-04   7.479105e-21   192
  5.096990e-01   1.522590e-19   2.416124e-04   6.435936e-21   504
  5.106418e-01   5.827849e-19   3.255818e-04   6.470693e-20   590
  5.115460e-01   3.532804e-18   3.647966e-04   4.767126e-19   384
  5.126798e-01   3.133500e-18   3.048625e-04   4.230654e-19   504
  5.140486e-01   1.126039e-18   2.933830e-04   1.089161e-19   648
  5.153764e-01   1.138995e-19   7.967896e-05   4.148763e-21   504
  5.159117e-01   1.380407e-19   1.817627e-04   3.725531e-21   312
  5.168569e-01   3.827274e-19   2.618753e-04   2.996464e-20   576
  5.181545e-01   5.984283e-19   1.822405e-04   5.194085e-20   240
  5.189109e-01   1.379442e-19   1.841453e-04   6.494563e-21   552
  5.199816e-01   1.938566e-19   1.729082e-04   1.216609e-20   600
  5.215067e-01   6.685947e-20   2.111937e-04   2.720892e-21   600
  5.224237e-01   1.410844e-19   3.382099e-04   5.896159e-21   312
  5.233368e-01   1.244913e-19   2.945474e-04   5.035354e-21   480
  5.244775e-01   9.627269e-20   1.837693e-04   4.513927e-21   576
  5.254818e-01   2.053983e-19   2.959085e-04   7.473295e-21   408
  5.263729e-01   5.589325e-20   3.451909e-04   6.169983e-21   216
  5.275243e-01   1.020063e-19   2.643774e-04   4.045777e-21   516
  5.287578e-01   1.105074e-19   2.522429e-04   4.166873e-21   744
  5.300304e-01   6.189275e-20   1.684760e-04   2.686545e-21   462
  5.307494e-01   7.038570e-20   1.712315e-04   2.009374e-21   432
  5.318647e-01   8.925541e-20   1.588547e-04   3.150797e-21   648
  5.331761e-01   5.892581e-20   2.324340e-04   2.247447e-21   528
  5.342295e-01   1.382105e-19   2.799086e-04   4.913983e-21   600
  5.352820e-01   1.901840e-19   3.528915e-04   6.701401e-21   240
  5.363014e-01   7.992442e-20   2.703115e-04   2.304766e-21   720
  5.374863e-01   1.033267e-19   2.138653e-04   2.880772e-21   720
  5.387997e-01   5.878116e-20   0.000000e+00   5.097678e-21   144
  5.394909e-01   1.048704e-19   2.757364e-04   2.969533e-21   720
  5.404742e-01   1.164294e-19   1.653370e-04   5.959929e-21   384
  5.417051e-01   9.982191e-20   1.832848e-04   4.402475e-21   672
  5.428730e-01   1.523244e-19   3.209115e-04   6.599724e-21   336
  5.434308e-01   9.330753e-20   0.000000e+00   7.531773e-21   288
  5.447967e-01   1.245374e-19   2.539800e-04   5.519585e-21   776
  5.460612e-01   2.560842e-19   2.173184e-04   1.546555e-20   720
  5.471231e-01   1.885313e-19   1.750659e-04   1.031289e-20   432
  5.479725e-01   1.265252e-19   2.495786e-04   4.969716e-21   504
  5.489174e-01   1.251597e-19   1.748652e-04   5.571038e-21   528
  5.502396e-01   2.882921e-19   2.382437e-04   1.521530e-20   438
  5.513273e-01   2.783256e-19   2.772938e-04   1.714674e-20   624
  5.521470e-01   1.451111e-19   3.396475e-04   8.029241e-21   312
  5.532738e-01   9.601714e-20   1.829935e-04   2.366431e-21   696
  5.544390e-01   2.383655e-19   1.655760e-04   1.197953e-20   552
  5.556509e-01   2.295097e-19   1.281006e-04   1.247619e-20   516
  5.564006e-01   1.979053e-19   2.558713e-04   1.125898e-20   528
  5.573133e-01   9.072835e-20   1.664001e-04   2.842591e-21   528
  5.586097e-01   1.491670e-19   2.194479e-04   5.447669e-21   864
  5.594897e-01   1.160963e-19   3.005985e-04   5.328147e-21   408
  5.603706e-01   1.826567e-19   2.978186e-04   1.513150e-20   192
  5.616191e-01   8.416170e-20   2.464592e-04   3.133269e-21   720
  5.626731e-01   2.096736e-19   2.272475e-04   1.158091e-20   696
  5.639255e-01   1.022020e-19   2.454294e-04   3.524776e-21   720
  5.650713e-01   1.397624e-19   3.326501e-04   8.385294e-21   432
  5.657395e-01   1.362430e-19   1.958109e-04   7.324202e-21   264
  5.669418e-01   9.635044e-20   2.704061e-04   3.227641e-21   672
  5.680171e-01   1.860932e-19   2.768544e-04   6.398425e-21   600
  5.692933e-01   1.872913e-19   1.620980e-04   5.693694e-21   270
  5.699366e-01   1.284318e-19   2.440026e-04   4.583119e-21   528
  5.709591e-01   1.389848e-19   1.670843e-04   4.083348e-21   840
  5.723613e-01   4.519223e-19   3.194952e-04   1.762419e-20   888
  5.736568e-01   3.029882e-19   2.380474e-04   1.185134e-20   744
  5.747517e-01   2.487880e-19   1.223216e-04   1.263791e-20   456
  5.752963e-01   1.875744e-19   1.671601e-04   9.500119e-21   360
  5.762282e-01   2.721689e-19   1.448348e-04   1.109389e-20   384
  5.776580e-01   1.969005e-19   2.323137e-04   6.009290e-21   816
  5.787308e-01   2.026476e-19   3.370546e-04   6.071949e-21   824
  5.800348e-01   3.937689e-19   1.566791e-04   1.866582e-20   360
  5.807331e-01   2.547927e-19   2.311994e-04   9.652780e-21   624
  5.816941e-01   1.004152e-19   1.562320e-04   4.375609e-21   360
  5.829744e-01   9.150769e-20   2.125215e-04   3.844837e-21   876
  5.841306e-01   2.709612e-19   2.524119e-04   9.578525e-21   696
  5.852967e-01   2.753398e-19   1.629911e-04   1.759715e-20   336
  5.859080e-01   1.391556e-19   1.628079e-04   5.656960e-21   504
  5.869176e-01   2.031938e-19   1.642187e-04   6.830161e-21   672
  5.884155e-01   1.423773e-19   3.269213e-04   7.585407e-21   720
  5.894543e-01   1.412368e-19   2.469541e-04   4.308423e-21   774
  5.906010e-01   2.348168e-19   1.413501e-04   1.613254e-20   384
  5.912015e-01   2.033780e-19   2.720183e-04   6.194741e-21   528
  5.921335e-01   2.029062e-19   2.592486e-04   7.471660e-21   744
  5.936327e-01   1.855244e-19   2.138251e-04   7.092134e-21   768
  5.946281e-01   1.389788e-19   2.400348e-04   5.678966e-21   552
  5.958700e-01   1.612856e-19   2.616108e-04   5.559369e-21   696
  5.967938e-01   3.990256e-19   3.179026e-04   3.269051e-20   408
  5.975272e-01   3.992836e-19   1.373364e-04   2.597103e-20   504
  5.986899e-01   2.198707e-19   2.467198e-04   7.849251e-21   888
  5.998339e-01   1.761808e-19   2.564132e-04   9.126982e-21   648
  6.010230e-01   1.474608e-19   2.542153e-04   9.067772e-21   648
  6.021418e-01   1.333093e-19   2.741064e-04   4.663719e-21   792
  6.033268e-01   1.807569e-19   4.010364e-04   7.110042e-21   600
  6.042000e-01   2.313368e-19   2.717856e-04   9.230494e-21   456
  6.051191e-01   1.916592e-19   1.324567e-04   7.222733e-21   648
  6.062996e-01   4.087439e-19   2.583099e-04   2.556620e-20   936
  6.075741e-01   4.451590e-19   1.586356e-04   1.727562e-20   384
  6.086836e-01   1.781716e-19   1.334798e-08   7.732543e-21   198
  6.095398e-01   2.204006e-19   4.024720e-04   6.264287e-21   1224
  6.104634e-01   1.114318e-19   2.931235e-04   3.836438e-21   420
  6.115558e-01   1.567580e-19   2.836822e-04   4.958851e-21   792
  6.126238e-01   1.290236e-19   2.345810e-04   4.183422e-21   680
  6.138428e-01   8.902402e-20   2.154033e-04   3.682289e-21   600
  6.148235e-01   1.386747e-19   3.123938e-04   7.087326e-21   840
  6.161330e-01   1.007534e-19   1.474979e-04   3.974193e-21   432
  6.166334e-01   1.242832e-19   1.382249e-04   7.040977e-21   720
  6.177213e-01   1.072269e-19   2.768404e-04   3.107606e-21   960
  6.190745e-01   1.539073e-19   2.467829e-04   7.138802e-21   528
  6.200634e-01   1.712532e-19   2.522592e-04   5.860363e-21   624
  6.212404e-01   1.530193e-19   1.982740e-04   5.264958e-21   816
  6.224086e-01   1.249190e-19   3.260658e-04   8.837767e-21   696
  6.236996e-01   3.877446e-19   2.202416e-08   2.439304e-20   240
  6.241851e-01   1.183835e-19   1.922888e-04   8.178484e-21   672
  6.252686e-01   2.204046e-19   3.436476e-04   1.069386e-20   864
  6.264840e-01   2.390335e-19   2.636938e-04   9.101824e-21   816
  6.275795e-01   2.036817e-19   1.509292e-04   9.475970e-21   648
  6.287594e-01   1.409917e-19   1.542771e-04   6.097074e-21   843
  6.297611e-01   1.462535e-19   2.775825e-04   6.504601e-21   780
  6.309548e-01   1.862853e-19   1.489456e-04   2.061271e-20   216
  6.316911e-01   1.182824e-19   3.591661e-04   4.007789e-21   1056
  6.328235e-01   5.558057e-20   2.938382e-04   2.779236e-21   228
  6.338720e-01   9.606199e-20   3.658358e-04   3.761641e-21   924
  6.349484e-01   1.209329e-19   1.357046e-04   4.034978e-21   696
  6.360882e-01   1.291058e-19   2.415153e-04   5.892208e-21   996
  6.372543e-01   1.538738e-19   1.425858e-04   7.087186e-21   576
  6.384675e-01   1.201018e-19   2.200718e-04   5.033798e-21   552
  6.393519e-01   1.461039e-19   2.627580e-04   7.071932e-21   516
  6.402494e-01   1.808169e-19   3.821047e-04   7.636121e-21   744
  6.412749e-01   1.614772e-19   1.874451e-04   1.067861e-20   576
  6.421669e-01   1.956892e-19   1.929285e-04   8.054050e-21   792
  6.434346e-01   2.224173e-19   2.205530e-04   9.277131e-21   792
  6.443636e-01   2.029045e-19   2.378641e-04   1.327966e-20   720
  6.456200e-01   1.648418e-19   2.711104e-04   9.274028e-21   656
  6.467974e-01   1.386074e-19   2.960385e-04   6.285098e-21   816
  6.480043e-01   2.553149e-19   1.596190e-04   2.612468e-20   492
  6.486903e-01   1.399828e-19   2.296231e-04   4.513208e-21   552
  6.499778e-01   1.048058e-19   3.992867e-04   6.794764e-21   780
  6.508139e-01   1.290470e-19   2.452771e-04   7.371323e-21   528
  6.517148e-01   1.088821e-19   2.863130e-04   3.777397e-21   600
  6.530425e-01   3.410795e-19   2.379487e-04   2.999572e-20   900
  6.539577e-01   1.558104e-19   1.317325e-04   9.353033e-21   696
  6.552168e-01   9.740624e-20   3.330907e-04   5.619128e-21   696
  6.564349e-01   1.153892e-19   1.351317e-04   3.326940e-21   552
  6.574592e-01   8.298702e-20   1.571457e-04   3.199017e-21   708
  6.585322e-01   1.593117e-19   2.594565e-04   1.063338e-20   876
  6.596487e-01   2.774685e-19   1.377663e-04   4.829167e-20   216
  6.603980e-01   1.336371e-19   3.768094e-04   6.224780e-21   1032
  6.615201e-01   1.060830e-19   4.195357e-04   3.991699e-21   600
  6.626848e-01   1.289755e-19   2.001869e-04   7.675386e-21   600
  6.635732e-01   1.100640e-19   3.535112e-04   2.999235e-21   528
  6.646233e-01   1.038324e-19   1.940622e-04   4.734731e-21   732
  6.657296e-01   2.288819e-19   1.432973e-04   2.008833e-20   336
  6.670031e-01   7.860213e-19   2.042271e-04   9.256441e-20   912
  6.679548e-01   2.291230e-19   2.049821e-04   1.990984e-20   624
  6.689946e-01   7.612721e-20   1.727341e-04   2.566616e-21   768
  6.702082e-01   1.773139e-19   3.116463e-04   7.675639e-21   792
  6.713995e-01   1.650096e-19   1.545014e-04   7.791770e-21   660
  6.722471e-01   8.102818e-20   2.276826e-04   4.220681e-21   504
  6.731238e-01   7.788761e-20   3.719898e-04   4.645176e-21   480
  6.744376e-01   9.673682e-20   3.440421e-04   3.183943e-21   912
  6.754664e-01   1.115167e-19   3.831443e-04   5.819162e-21   432
  6.764380e-01   1.281408e-19   2.275021e-04   3.983026e-21   564
  6.773006e-01   6.282381e-20   2.177508e-04   2.799087e-21   600
  6.785149e-01   8.916720e-20   3.035240e-04   2.990804e-21   876
  6.794272e-01   1.557010e-19   1.364735e-04   6.062707e-21   264
  6.806846e-01   7.095701e-19   2.648123e-04   6.178215e-20   560
  6.816953e-01   3.388126e-19   1.799457e-04   1.901077e-20   840
  6.829222e-01   1.262250e-19   2.774244e-04   4.057105e-21   1008
  6.840568e-01   1.248533e-19   1.241010e-04   3.608263e-21   456
  6.850930e-01   1.491651e-19   1.607553e-04   5.673664e-21   576
  6.860509e-01   9.878719e-20   2.470177e-04   3.863552e-21   612
  6.873140e-01   1.144347e-19   2.206269e-04   5.466226e-21   780
  6.883444e-01   1.087437e-19   2.528284e-04   3.916121e-21   648
  6.893992e-01   1.079372e-19   1.178213e-04   1.056066e-20   312
  6.900734e-01   1.168419e-19   2.993645e-04   4.022435e-21   528
  6.912414e-01   9.354944e-20   3.909551e-04   6.425383e-21   720
  6.923583e-01   1.508357e-19   3.921794e-04   7.934075e-21   576
  6.937124e-01   8.101505e-20   3.383053e-04   4.007043e-21   444
  6.945549e-01   4.545484e-19   3.317685e-04   3.717440e-20   996
  6.955874e-01   2.300764e-19   2.771265e-04   2.144302e-20   432
  6.965633e-01   6.365245e-19   3.033990e-04   6.366778e-20   504
  6.974062e-01   1.101573e-19   1.367883e-04   3.815106e-21   504
  6.986065e-01   1.613446e-19   2.692009e-04   8.173128e-21   876
  6.996926e-01   3.021963e-19   3.098246e-04   1.666159e-20   504
  7.008236e-01   7.391692e-20   1.975899e-04   2.814773e-21   696
  7.017583e-01   1.441337e-19   1.689187e-04   5.953983e-21   492
  7.030300e-01   2.069866e-19   2.418152e-04   9.652023e-21   432
  7.039719e-01   1.257099e-19   2.264335e-04   4.298750e-21   768
  7.050885e-01   1.652875e-19   2.820533e-04   6.359980e-21   648
  7.061547e-01   7.618059e-20   1.840095e-04   3.646219e-21   456
  7.073798e-01   4.730899e-20   2.530430e-04   1.786716e-21   552
  7.082306e-01   3.727800e-19   1.734358e-04   2.145411e-20   648
  7.094016e-01   1.362103e-18   2.826907e-04   1.380024e-19   840
  7.105454e-01   3.985899e-19   1.348092e-04   3.083096e-20   432
  7.116906e-01   1.226179e-19   1.651183e-04   4.770259e-21   600
  7.124870e-01   1.105780e-19   1.759227e-04   2.904756e-21   432
  7.138248e-01   9.249967e-20   1.751482e-04   3.747763e-21   560
  7.147308e-01   2.280387e-19   2.772412e-04   1.263988e-20   840
  7.158652e-01   1.728704e-19   1.642140e-04   8.466854e-21   504
  7.167662e-01   8.047562e-20   3.351509e-04   3.458131e-21   696
  7.180362e-01   1.334194e-19   1.830475e-04   8.679561e-21   384
  7.190254e-01   1.804065e-19   2.681431e-04   1.247804e-20   576
  7.202219e-01   2.613846e-19   1.654845e-04   1.425273e-20   360
  7.211864e-01   1.880738e-19   2.464465e-04   9.735230e-21   828
  7.222268e-01   4.607774e-19   2.195064e-04   5.004409e-20   372
  7.231800e-01   5.686624e-19   3.352284e-04   4.958292e-20   576
  7.244428e-01   7.360687e-19   1.403933e-04   7.742091e-20   636
  7.253425e-01   1.557873e-19   2.706420e-04   5.418806e-21   648
  7.265596e-01   2.445594e-19   2.200024e-04   1.428451e-20   576
  7.274333e-01   3.070683e-19   3.548870e-04   2.432655e-20   528
  7.285953e-01   1.280129e-19   1.517289e-04   7.039415e-21   360
  7.295571e-01   1.219785e-19   3.490332e-04   4.499427e-21   672
  7.308130e-01   1.175167e-19   1.787806e-04   4.235907e-21   804
  7.318582e-01   1.607563e-19   1.972163e-04   6.631137e-21   408
  7.330145e-01   9.558806e-20   1.219011e-04   4.879064e-21   384
  7.337931e-01   1.171961e-19   2.789567e-04   6.394923e-21   480
  7.348913e-01   7.157610e-20   1.802469e-04   2.961277e-21   432
  7.359446e-01   5.124572e-19   3.321566e-04   4.350527e-20   648
  7.371913e-01   4.001082e-19   2.061016e-04   2.805568e-20   624
  7.381033e-01   1.351953e-19   1.874668e-04   9.596222e-21   456
  7.393486e-01   1.128420e-19   2.560963e-04   5.953147e-21   588
  7.401831e-01   7.545403e-20   1.633884e-04   2.652858e-21   600
  7.414016e-01   1.998600e-19   2.548458e-04   1.244941e-20   708
  7.423640e-01   2.256524e-19   1.605479e-04   1.525648e-20   360
  7.434275e-01   2.272082e-19   1.845541e-04   9.971070e-21   552
  7.444470e-01   8.084487e-20   1.294691e-04   2.968088e-21   288
  7.454820e-01   9.532809e-20   2.434372e-04   4.974343e-21   528
  7.464545e-01   1.565315e-19   1.642340e-04   5.102480e-21   456
  7.475410e-01   2.001514e-19   2.912225e-04   1.116277e-20   608
  7.486338e-01   1.913081e-19   1.408967e-04   9.051185e-21   504
  7.498278e-01   7.435097e-19   3.024972e-04   9.254390e-20   540
  7.507642e-01   4.343888e-19   3.247222e-04   3.683220e-20   360
  7.517735e-01   3.570752e-19   1.470509e-04   2.334991e-20   540
  7.526661e-01   2.071535e-19   1.262606e-04   1.215774e-20   576
  7.539642e-01   2.608662e-19   2.927555e-04   1.232092e-20   588
  7.551985e-01   1.620601e-19   4.039143e-04   6.873184e-21   672
  7.562588e-01   1.242971e-19   3.087151e-04   5.085439e-21   552
  7.571135e-01   6.630034e-20   3.088712e-04   4.022209e-21   144
  7.582042e-01   1.485305e-19   2.624178e-04   4.900854e-21   600
  7.592383e-01   1.297870e-19   3.288668e-04   5.433882e-21   504
  7.603860e-01   1.373841e-19   3.378126e-04   4.417253e-21   336
  7.615932e-01   9.331673e-20   3.797028e-04   4.450947e-21   600
  7.626744e-01   5.214865e-20   2.450478e-04   2.933583e-21   636
  7.638413e-01   6.765565e-19   1.970206e-04   5.683776e-20   384
  7.646595e-01   7.380556e-20   2.748205e-04   4.494811e-21   504
  7.658387e-01   1.559315e-19   1.153383e-04   1.025482e-20   240
  7.667694e-01   1.221543e-19   2.709461e-04   3.623776e-21   744
  7.678860e-01   1.188636e-19   1.850150e-04   3.348632e-21   648
  7.688783e-01   2.841144e-19   1.228185e-04   2.440152e-20   120
  7.700414e-01   1.042872e-19   1.929319e-04   4.675925e-21   564
  7.709202e-01   1.643026e-19   3.030111e-04   8.883547e-21   432
  7.720932e-01   1.027793e-19   2.351965e-04   3.635520e-21   480
  7.729764e-01   9.350797e-20   1.731106e-04   3.452485e-21   456
  7.740189e-01   2.359606e-19   2.864725e-04   2.280843e-20   444
  7.752020e-01   1.550649e-19   4.383180e-04   8.489987e-21   528
  7.762412e-01   1.487710e-19   3.255297e-04   1.382334e-20   264
  7.772498e-01   1.441330e-19   3.336195e-04   6.903902e-21   444
  7.786065e-01   1.489628e-19   3.654311e-04   8.996992e-21   696
  7.797327e-01   2.440613e-19   1.954448e-04   2.283887e-20   384
  7.805563e-01   8.721849e-20   2.469609e-04   2.983331e-21   432
  7.818373e-01   1.362332e-19   1.706384e-04   7.864305e-21   488
  7.826690e-01   1.255367e-19   2.571733e-04   9.551494e-21   480
  7.838749e-01   1.173948e-19   2.868014e-04   3.255718e-21   480
  7.848089e-01   8.302639e-20   1.203331e-04   4.048341e-21   240
  7.858692e-01   1.444183e-19   2.810886e-04   7.777125e-21   600
  7.868694e-01   7.579258e-20   2.449399e-04   2.829027e-21   288
  7.879343e-01   7.944352e-20   2.356143e-04   1.877493e-21   480
  7.890129e-01   1.044679e-19   4.191157e-04   4.279694e-21   504
  7.900748e-01   1.151467e-19   1.798267e-04   7.172057e-21   216
  7.914291e-01   1.088443e-19   2.944050e-04   5.257394e-21   504
  7.924838e-01   1.597599e-19   2.367912e-04   8.057705e-21   456
  7.936384e-01   1.157116e-19   1.358038e-04   3.230812e-21   384
  7.944031e-01   1.118037e-19   2.756326e-04   5.185022e-21   480
  7.954897e-01   5.176686e-20   2.420363e-04   1.730834e-21   504
  7.964966e-01   6.497389e-20   1.535327e-04   3.438968e-21   312
  7.975815e-01   1.689130e-19   2.474127e-04   8.272027e-21   492
  7.985417e-01   1.162029e-19   2.318919e-04   1.105031e-20   312
  7.997779e-01   1.163226e-19   3.766899e-04   6.821954e-21   576
  8.008661e-01   1.469522e-19   3.477153e-04   9.727028e-21   336
  8.017699e-01   7.242269e-20   2.677247e-04   4.939986e-21   240
  8.030228e-01   1.760124e-19   3.549351e-04   7.836250e-21   468
  8.041047e-01   5.141112e-20   2.222407e-04   4.586706e-21   192
  8.052370e-01   1.120687e-19   2.229031e-04   8.816928e-21   324
  8.060669e-01   8.139286e-20   1.617794e-04   4.097789e-21   600
  8.071978e-01   5.039010e-20   2.624704e-04   2.248759e-21   456
  8.080377e-01   1.281389e-19   1.180592e-04   8.433261e-21   336
  8.094297e-01   1.455006e-19   3.535027e-04   6.908588e-21   612
  8.104424e-01   1.362942e-19   2.966749e-04   1.956145e-20   144
  8.114002e-01   4.772741e-20   3.462957e-04   1.907971e-21   552
  8.127025e-01   1.358678e-19   1.363755e-04   7.433732e-21   264
  8.134384e-01   5.322305e-20   3.157441e-04   3.186896e-21   336
  8.145992e-01   1.310943e-19   2.086329e-04   7.991654e-21   384
  8.156059e-01   4.287310e-20   1.174397e-04   2.674996e-21   216
  8.167203e-01   7.178781e-20   2.489964e-04   2.514806e-21   344
  8.177364e-01   1.595106e-19   3.715143e-04   6.740033e-21   408
  8.189746e-01   3.124157e-20   2.854845e-04   1.719619e-21   264
  8.200718e-01   7.621798e-20   3.979796e-04   4.047646e-21   612
  8.211681e-01   1.665040e-19   2.048307e-04   8.326236e-21   408
  8.222956e-01   4.482914e-20   2.051251e-04   1.221892e-21   444
  8.231239e-01   1.703380e-19   1.147249e-04   1.338685e-20   120
  8.242338e-01   1.172574e-19   3.169640e-04   5.401276e-21   336
  8.250576e-01   8.866398e-20   1.101437e-04   4.599778e-21   288
  8.261708e-01   1.364944e-19   3.427692e-04   7.266842e-21   552
  8.277012e-01   5.226966e-20   1.835347e-08   2.895515e-21   72
  8.284882e-01   9.055629e-20   3.404572e-04   2.905558e-21   504
  8.294074e-01   1.062832e-19   1.095558e-04   7.621966e-21   216
  8.305983e-01   6.499063e-20   1.956043e-04   2.816773e-21   312
  8.316675e-01   1.216848e-19   2.227263e-04   6.381615e-21   336
  8.326865e-01   1.838927e-19   3.087236e-04   1.461999e-20   204
  8.337014e-01   1.018562e-19   3.587838e-04   4.576342e-21   504
  8.347777e-01   7.988618e-20   3.416652e-04   5.261989e-21   396
  8.358127e-01   8.519515e-20   3.133249e-04   5.223803e-21   312
  8.370674e-01   1.744215e-19   1.914750e-04   8.857347e-21   216
  8.379516e-01   6.523714e-20   1.039172e-04   1.703291e-21   168
  8.390260e-01   1.286613e-19   2.623966e-04   4.710474e-21   588
  8.402521e-01   1.154819e-19   3.561727e-04   6.878453e-21   240
  8.412047e-01   7.255303e-20   3.145601e-04   2.534867e-21   264
  8.423219e-01   1.215020e-19   3.890183e-04   4.238266e-21   288
  8.433131e-01   1.368593e-19   1.942596e-04   1.578411e-20   288
  8.445693e-01   7.160001e-20   1.824406e-04   3.216116e-21   288
  8.454153e-01   1.302190e-19   2.113423e-04   5.043416e-21   192
  8.464795e-01   1.254801e-19   2.248894e-04   6.828607e-21   264
  8.474933e-01   1.252538e-19   3.699119e-04   5.005701e-21   372
  8.485844e-01   1.500981e-19   3.995208e-04   1.011454e-20   360
  8.499161e-01   1.851116e-19   1.690810e-04   7.986253e-21   144
  8.506044e-01   1.232597e-19   2.348461e-04   7.317417e-21   296
  8.516909e-01   1.329253e-19   2.530345e-04   1.324351e-20   288
  8.529347e-01   1.457584e-19   3.781537e-04   4.754496e-21   480
  8.540076e-01   1.310709e-19   3.142096e-04   5.728504e-21   192
  8.550509e-01   1.826801e-19   3.370327e-04   1.799127e-20   192
  8.559992e-01   7.688453e-20   2.147949e-04   3.933307e-21   288
  8.573180e-01   4.156316e-20   1.869760e-04   3.457435e-21   108
  8.579823e-01   1.649905e-19   1.797545e-04   6.390552e-21   240
  8.591554e-01   1.482585e-19   3.353363e-04   6.790256e-21   384
  8.603605e-01   2.234969e-19   4.090723e-04   2.641719e-20   108
  8.614261e-01   8.453097e-20   2.398466e-04   4.837167e-21   348
  8.625466e-01   1.391247e-19   2.503134e-04   9.898534e-21   312
  8.635474e-01   1.777219e-19   2.432319e-04   1.102786e-20   96
  8.644677e-01   1.401915e-19   3.238194e-04   6.492519e-21   384
  8.654984e-01   1.145654e-19   2.227222e-04   6.680527e-21   144
  8.665066e-01   1.969093e-19   3.422225e-04   1.022154e-20   408
  8.677598e-01   1.402472e-19   1.526554e-04   1.147519e-20   144
  8.689437e-01   2.440892e-19   2.934816e-04   2.725729e-20   192
  8.696459e-01   1.864875e-19   3.303190e-04   1.580440e-20   144
  8.707904e-01   7.070964e-20   2.685615e-04   5.265628e-21   144
  8.718702e-01   1.217662e-19   3.282257e-04   8.686753e-21   336
  8.731927e-01   8.299677e-20   2.428454e-04   8.385356e-21   240
  8.740312e-01   1.406871e-19   1.102739e-04   1.186604e-21   96
  8.752007e-01   8.582830e-20   3.233803e-04   3.805375e-21   372
  8.763838e-01   1.231053e-19   3.846540e-04   1.947908e-20   132
  8.774230e-01   7.858973e-20   2.380193e-04   3.981493e-21   264
  8.783527e-01   1.882293e-19   1.827880e-04   1.145067e-20   168
  8.793449e-01   2.290210e-19   2.922429e-04   6.746564e-21   216
  8.802213e-01   2.196721e-19   1.787978e-04   2.126830e-20   216
  8.814979e-01   6.316590e-20   3.280196e-04   3.020660e-21   96
  8.826561e-01   1.366227e-20   2.140028e-04   6.373269e-22   120
  8.837183e-01   1.561384e-19   2.720578e-04   9.043297e-21   216
  8.845934e-01   8.558676e-20   1.188902e-04   4.585133e-21   200
  8.857519e-01   2.121935e-19   3.077557e-04   1.366469e-20   288
  8.872378e-01   6.730743e-20   8.097649e-05   4.023957e-21   144
  8.878635e-01   1.175016e-19   2.519939e-04   8.183469e-21   168
  8.891412e-01   1.024579e-19   2.835956e-04   4.338475e-21   159
  8.901386e-01   2.094790e-19   2.975600e-04   1.201789e-20   174
  8.911039e-01   1.331243e-19   2.698170e-04   1.648136e-20   144
  8.923678e-01   1.425451e-19   1.557998e-04   1.785549e-20   222
  8.932131e-01   1.623426e-19   1.572158e-04   1.766653e-20   168
  8.946732e-01   9.516958e-19   3.448346e-04   5.523921e-20   30
  8.952763e-01   1.128121e-19   3.044637e-04   5.502501e-21   72
  8.964123e-01   1.170449e-19   2.717302e-04   9.183667e-21   258
  8.976612e-01   1.037443e-19   1.701916e-04   1.026494e-20   264
  8.982857e-01   2.164272e-19   0.000000e+00   2.665728e-20   72
  8.995871e-01   2.068500e-19   3.373270e-04   1.520543e-20   174
  9.007654e-01   3.320746e-20   3.591909e-04   1.931246e-21   168
  9.017127e-01   9.882944e-20   1.123916e-08   0.000000e+00   48
  9.027297e-01   1.327206e-19   2.028435e-04   1.237457e-20   150
  9.039088e-01   1.413114e-19   3.731453e-04   9.841869e-21   168
  9.050911e-01   3.579675e-20   2.273028e-04   5.420227e-21   144
  9.061784e-01   1.746915e-19   2.123525e-04   1.309898e-20   102
  9.069882e-01   4.352077e-19   3.143182e-04   3.023812e-20   96
  9.082731e-01   5.428450e-20   3.119397e-04   3.602545e-21   120
  9.092246e-01   8.567133e-20   3.345635e-04   6.157616e-21   168
  9.102538e-01   4.395072e-20   2.470487e-04   3.088960e-21   126
  9.111308e-01   8.636685e-20   1.863241e-04   9.105715e-21   168
  9.123389e-01   3.889426e-20   2.987709e-04   4.753236e-22   72
  9.133947e-01   4.829874e-20   3.741278e-04   4.224098e-22   168
  9.143196e-01   4.382909e-20   1.025668e-04   2.769707e-21   78
  9.155870e-01   2.486296e-19   1.684070e-04   2.110279e-21   60
  9.166075e-01   2.880041e-19   2.731835e-04   2.246971e-20   96
  9.176659e-01   1.294066e-19   3.314854e-04   7.932633e-21   168
  9.186605e-01   1.304115e-19   2.097511e-04   8.522365e-21   86
  9.197042e-01   6.612843e-20   1.874678e-04   5.205668e-21   120
  9.212002e-01   9.337573e-20   1.336894e-04   4.672139e-21   168
  9.220069e-01   1.479186e-19   0.000000e+00   0.000000e+00   48
  9.230934e-01   8.615539e-20   2.435676e-04   1.026385e-20   120
  9.237177e-01   1.733277e-19   1.776924e-04   1.774325e-20   126
  9.252418e-01   3.721838e-20   3.125113e-04   2.892128e-21   96
  9.262310e-01   1.489291e-19   9.011285e-05   6.142422e-21   96
  9.270111e-01   3.869207e-20   0.000000e+00   3.538791e-21   72
  9.286731e-01   4.887404e-19   1.123916e-08   2.390892e-27   24
  9.297104e-01   3.080931e-20   1.854501e-04   4.165081e-21   120
  9.305196e-01   1.385138e-19   2.705147e-04   1.627013e-20   126
  9.314194e-01   1.108874e-19   2.255107e-04   8.939858e-21   96
  9.324708e-01   1.269736e-19   3.897482e-04   5.950713e-21   72
  9.336415e-01   1.299219e-19   1.685792e-04   1.141246e-20   144
  9.346046e-01   8.332623e-20   9.723254e-05   7.613583e-21   72
  9.355666e-01   3.462222e-20   1.942081e-04   1.664178e-21   54
  9.364132e-01   1.105467e-19   1.711436e-04   6.664590e-21   108
  9.381728e-01   6.809827e-20   1.677650e-04   3.899352e-21   72
  9.387206e-01   4.207197e-20   9.680617e-05   1.377884e-21   72
  9.400202e-01   5.498723e-20   1.946680e-08   2.314971e-28   24
  9.412498e-01   6.261975e-20   2.047976e-04   9.063739e-21   48
  9.419964e-01   1.907169e-19   1.560029e-04   1.833848e-20   102
  9.431203e-01   4.794822e-20   3.528137e-04   2.600708e-21   168
  9.445889e-01   1.009889e-19   1.924163e-04   1.139435e-20   72
  9.451330e-01   1.173752e-19   0.000000e+00   0.000000e+00   48
  9.462744e-01   5.285315e-20   3.309678e-04   2.930208e-21   120
  9.477807e-01   1.427832e-19   2.033864e-04   1.696519e-20   96
  9.492033e-01   3.980079e-19   2.202416e-08   3.030824e-22   30
  9.508942e-01   4.698990e-20   9.555995e-05   3.625640e-21   72
  9.516372e-01   3.289330e-19   1.123916e-08   1.069240e-27   24
  9.525916e-01   6.633551e-20   1.416435e-04   3.638484e-21   56
  9.536606e-01   1.138016e-19   2.021324e-04   9.506894e-21   96
  9.549399e-01   1.043929e-19   2.232036e-04   1.318478e-20   144
  9.559263e-01   5.310273e-21   1.267263e-04   1.109575e-22   54
  9.573592e-01   6.929752e-20   1.898493e-04   6.577820e-21   108
  9.588012e-01   2.389157e-19   1.005243e-04   3.459445e-20   48
  9.601739e-01   6.165415e-20   3.785063e-04   8.704924e-21   72
  9.634680e-01   1.188023e-19   2.500803e-04   1.826866e-20   78
  9.643808e-01   8.747182e-20   1.884669e-04   5.701089e-21   72
  9.654462e-01   1.321547e-19   1.882329e-04   1.053337e-20   72
  9.665603e-01   1.364270e-19   4.542266e-04   8.443265e-21   96
  9.674408e-01   3.101095e-20   1.878449e-04   4.443290e-21   72
  9.685029e-01   2.973803e-20   0.000000e+00   0.000000e+00   24
  9.695638e-01   1.154696e-19   3.748416e-04   9.065961e-21   72
  9.719599e-01   5.234927e-20   2.380359e-04   1.727349e-20   30
  9.724755e-01   5.761418e-20   0.000000e+00   2.314971e-28   24
  9.752466e-01   8.305117e-21   1.976584e-04   1.835297e-22   48
  9.761159e-01   9.958219e-20   4.253608e-04   6.938128e-21   120
  9.772870e-01   1.186724e-19   1.859776e-04   8.737249e-21   72
  9.784697e-01   7.917212e-20   1.857528e-04   7.773532e-21   36
  9.792826e-01   1.729908e-19   3.671339e-04   5.355368e-20   78
  9.815513e-01   9.635537e-20   1.963888e-04   4.279050e-21   48
  9.844928e-01   3.045460e-20   1.589457e-08   0.000000e+00   24
  9.865884e-01   1.295072e-20   1.367612e-04   7.123731e-22   56
  9.876436e-01   1.621708e-19   2.104496e-04   4.266751e-20   102
  9.889860e-01   4.818663e-20   1.498555e-08   3.663694e-22   72
  9.897653e-01   5.635932e-20   0.000000e+00   1.336549e-28   24
  9.911277e-01   5.375767e-20   1.944913e-04   7.741021e-21   48
  9.936528e-01   1.388630e-19   0.000000e+00   0.000000e+00   24
  9.967520e-01   1.532217e-19   0.000000e+00   0.000000e+00   6
  9.977185e-01   8.918282e-21   0.000000e+00   0.000000e+00   24
  9.983623e-01   9.093147e-20   1.820511e-04   7.435521e-21   72
  9.995384e-01   8.769707e-20   3.396336e-04   1.853145e-20   84
  1.000805e+00   6.207841e-20   0.000000e+00   0.000000e+00   24
  1.001190e+00   2.259686e-20   1.589457e-08   0.000000e+00   24
  1.003114e+00   3.653517e-20   1.123916e-08   9.450831e-29   24
  1.005800e+00   1.217643e-19   0.000000e+00   7.560665e-28   6
  1.009244e+00   1.066053e-20   1.910001e-04   3.090140e-22   48
  1.010072e+00   9.977455e-20   3.598129e-04   1.613680e-20   72
  1.011152e+00   1.473797e-21   1.906396e-04   2.321520e-23   48
  1.012867e+00   2.609358e-20   0.000000e+00   0.000000e+00   24
  1.015148e+00   4.219859e-20   1.123916e-08   0.000000e+00   6
  1.020262e+00   1.281907e-45   0.000000e+00   1.342966e-46   8
  1.020640e+00   7.896070e-20   1.123916e-08   1.890166e-28   48
  1.021546e+00   1.322787e-20   1.848806e-04   8.421142e-22   60
  1.022904e+00   9.718494e-21   0.000000e+00   0.000000e+00   24
  1.024787e+00   1.061909e-21   0.000000e+00   0.000000e+00   6
  1.031723e+00   1.226824e-19   0.000000e+00   5.977231e-28   24
  1.032283e+00   1.261516e-19   1.867372e-04   1.810291e-20   48
  1.033217e+00   5.804794e-20   0.000000e+00   0.000000e+00   24
  1.034708e+00   7.856280e-20   1.123916e-08   0.000000e+00   6
  1.043181e+00   1.371483e-19   1.742080e-04   2.749595e-20   36
  1.043797e+00   1.327586e-19   0.000000e+00   3.780333e-28   24
  1.044904e+00   7.021801e-20   0.000000e+00   5.346198e-28   6
  1.054545e+00   1.448567e-19   1.583190e-04   1.491358e-20   32
  1.055367e+00   1.811026e-19   1.123916e-08   1.512133e-27   6
  1.065728e+00   1.101436e-20   0.000000e+00   0.000000e+00   12
  1.066089e+00   6.095290e-19   0.000000e+00   0.000000e+00   6
  1.077063e+00   1.256116e-19   1.589457e-08   7.560665e-28   6
