# power spectrum of B
# redshift z=0.000000
# k              Pk             sigma(k)       sigma(Pk)      count
  1.963495e-02   6.954361e-36   0.000000e+00   8.512574e-38   6
  2.776802e-02   2.253514e-35   0.000000e+00   1.193535e-36   12
  3.400874e-02   1.686175e-35   3.725290e-10   2.665608e-36   8
  3.926991e-02   6.335069e-35   0.000000e+00   8.460445e-36   6
  4.390509e-02   9.241266e-12   0.000000e+00   0.000000e+00   24
  4.809562e-02   1.380406e-13   7.024475e-10   0.000000e+00   24
  5.553604e-02   7.531161e-36   0.000000e+00   1.755472e-36   12
  5.890486e-02   4.873040e-13   7.947286e-10   9.105416e-15   30
  6.209118e-02   7.544065e-13   0.000000e+00   3.510152e-22   24
  6.512178e-02   1.907113e-12   1.216675e-09   0.000000e+00   24
  6.801748e-02   1.212351e-35   7.450581e-10   3.257933e-36   8
  7.079483e-02   4.477970e-14   9.934107e-10   6.079762e-22   24
  7.346727e-02   3.130581e-13   0.000000e+00   0.000000e+00   48
  7.853982e-02   1.249046e-35   0.000000e+00   3.078136e-38   6
  8.095699e-02   6.317323e-14   1.404895e-09   5.595770e-15   48
  8.330406e-02   2.266656e-13   0.000000e+00   2.575477e-15   36
  8.558678e-02   2.219162e-13   9.934107e-10   8.775380e-23   24
  8.781018e-02   6.249268e-13   0.000000e+00   0.000000e+00   24
  8.997866e-02   9.771807e-14   0.000000e+00   2.482052e-22   48
  9.209610e-02   6.854611e-13   1.404895e-09   0.000000e+00   24
  9.619124e-02   1.502897e-13   1.404895e-09   9.928209e-22   24
  9.817477e-02   2.270446e-13   0.000000e+00   5.920426e-15   30
  1.001190e-01   8.295843e-14   0.000000e+00   2.404755e-15   72
  1.020262e-01   1.589456e-14   1.490116e-09   3.853067e-19   32
  1.057375e-01   9.448327e-14   0.000000e+00   1.175636e-14   72
  1.075451e-01   5.175648e-13   0.000000e+00   0.000000e+00   48
  1.110721e-01   2.985505e-36   0.000000e+00   2.299973e-37   12
  1.127942e-01   3.426395e-14   0.000000e+00   1.021388e-14   48
  1.144905e-01   4.756365e-13   0.000000e+00   3.287801e-14   48
  1.161620e-01   3.909169e-14   1.404895e-09   1.241026e-22   48
  1.178097e-01   1.089788e-13   1.589457e-09   4.551274e-15   30
  1.194348e-01   2.835378e-13   1.404895e-09   0.000000e+00   24
  1.210380e-01   8.985598e-14   2.961779e-09   6.183620e-16   72
  1.241824e-01   5.129193e-14   0.000000e+00   0.000000e+00   24
  1.257251e-01   1.149641e-13   0.000000e+00   8.676416e-15   96
  1.272490e-01   1.103263e-13   0.000000e+00   6.205131e-23   48
  1.287550e-01   8.310003e-14   2.433349e-09   7.756414e-24   24
  1.302436e-01   2.035123e-13   2.433349e-09   1.241026e-22   24
  1.317153e-01   6.989090e-14   0.000000e+00   1.418620e-15   72
  1.331707e-01   9.397740e-14   0.000000e+00   6.205131e-23   48
  1.360350e-01   5.021762e-36   1.490116e-09   2.647130e-37   8
  1.374447e-01   9.842757e-15   1.766064e-09   7.695267e-16   54
  1.388401e-01   7.345770e-14   0.000000e+00   1.157566e-15   84
  1.402216e-01   9.190895e-14   0.000000e+00   5.147510e-15   48
  1.415897e-01   1.682628e-13   1.986821e-09   0.000000e+00   24
  1.429446e-01   5.006230e-14   1.873193e-09   3.011388e-15   72
  1.442869e-01   2.081336e-13   0.000000e+00   1.016948e-14   96
  1.469345e-01   3.796699e-14   0.000000e+00   8.775380e-23   48
  1.482407e-01   4.988015e-14   0.000000e+00   2.365267e-15   48
  1.495354e-01   7.685563e-14   1.986821e-09   0.000000e+00   24
  1.508189e-01   4.928736e-14   0.000000e+00   5.398239e-15   72
  1.533539e-01   3.938251e-14   1.873193e-09   2.705568e-15   72
  1.546058e-01   1.741719e-13   0.000000e+00   3.173438e-15   96
  1.570796e-01   1.088878e-35   0.000000e+00   1.381142e-36   6
  1.583021e-01   5.473039e-14   0.000000e+00   2.709314e-15   96
  1.595151e-01   4.717378e-14   1.986821e-09   5.996951e-16   96
  1.607190e-01   1.257939e-14   0.000000e+00   0.000000e+00   24
  1.619140e-01   4.327069e-14   2.809790e-09   1.079257e-14   48
  1.631002e-01   2.263658e-14   0.000000e+00   3.501984e-16   96
  1.642778e-01   5.368461e-14   0.000000e+00   0.000000e+00   48
  1.666081e-01   1.918689e-14   0.000000e+00   6.981861e-15   36
  1.677611e-01   1.042010e-13   3.441276e-09   2.007378e-15   48
  1.689063e-01   3.289889e-14   3.893359e-09   2.010945e-15   120
  1.700437e-01   8.087836e-14   0.000000e+00   1.892995e-16   56
  1.711736e-01   8.983516e-14   1.986821e-09   6.205131e-23   24
  1.722960e-01   1.165414e-13   0.000000e+00   6.656984e-16   96
  1.734112e-01   4.352089e-14   0.000000e+00   0.000000e+00   48
  1.756204e-01   5.740610e-14   0.000000e+00   0.000000e+00   24
  1.767146e-01   6.621031e-14   0.000000e+00   2.620367e-15   102
  1.778021e-01   1.052165e-13   0.000000e+00   1.133377e-14   48
  1.788829e-01   1.311710e-14   0.000000e+00   2.714668e-15   72
  1.799573e-01   1.078797e-13   0.000000e+00   8.775380e-23   48
  1.810253e-01   8.227207e-14   0.000000e+00   3.241187e-15   48
  1.820871e-01   6.070668e-14   4.495664e-09   1.024567e-15   120
  1.841922e-01   2.306271e-15   2.809790e-09   3.799851e-23   24
  1.852358e-01   5.356524e-14   2.649095e-09   5.585630e-15   144
  1.862735e-01   9.772505e-14   3.178914e-09   8.520242e-16   120
  1.873055e-01   8.260296e-14   2.809790e-09   0.000000e+00   48
  1.893526e-01   1.339435e-14   2.809790e-09   8.775380e-23   48
  1.903679e-01   1.153912e-13   2.809790e-09   1.755924e-15   96
  1.930487e-01   4.661683e-14   4.711199e-04   3.658289e-15   72
  1.943761e-01   3.437826e-14   3.532127e-09   1.081877e-15   108
  1.953653e-01   3.095775e-14   0.000000e+00   2.384981e-15   72
  1.963495e-01   1.326833e-13   0.000000e+00   2.172937e-15   30
  1.973288e-01   1.151797e-13   0.000000e+00   3.471120e-15   168
  1.983033e-01   9.664045e-14   0.000000e+00   2.159998e-14   48
  2.002380e-01   2.759608e-14   0.000000e+00   6.723672e-18   72
  2.011984e-01   2.377813e-14   0.000000e+00   9.013253e-16   96
  2.021542e-01   4.919817e-14   5.298191e-09   2.360204e-15   72
  2.031055e-01   1.847258e-14   0.000000e+00   5.596980e-16   72
  2.047049e-01   5.137871e-14   4.350048e-04   4.368283e-15   104
  2.059331e-01   8.343311e-14   3.746387e-09   3.538117e-15   144
  2.087224e-01   4.746250e-14   6.282881e-09   2.483152e-15   96
  2.096439e-01   1.181308e-13   0.000000e+00   6.440841e-15   96
  2.111095e-01   5.032230e-14   4.475232e-04   4.544698e-15   120
  2.123845e-01   4.889265e-14   0.000000e+00   7.039592e-16   120
  2.132902e-01   4.394507e-14   0.000000e+00   6.334447e-16   72
  2.150901e-01   1.657577e-14   0.000000e+00   7.756414e-24   48
  2.159845e-01   1.007421e-14   4.235416e-09   1.266419e-15   78
  2.171286e-01   4.094509e-14   4.007142e-04   2.409672e-15   168
  2.195255e-01   2.759049e-14   3.746387e-09   6.262491e-16   144
  2.204018e-01   2.953617e-14   3.746387e-09   1.819286e-15   144
  2.229436e-01   4.799333e-14   2.307791e-04   3.571307e-15   156
  2.238729e-01   7.186898e-14   4.866699e-09   1.814030e-14   48
  2.247323e-01   2.198024e-14   3.178914e-09   2.800140e-15   120
  2.255884e-01   1.532636e-14   0.000000e+00   1.487066e-15   48
  2.271022e-01   6.178376e-14   3.532495e-04   1.611659e-15   216
  2.289809e-01   1.388654e-14   0.000000e+00   8.759551e-16   48
  2.298212e-01   3.113757e-14   2.809790e-09   3.286708e-15   96
  2.310160e-01   2.861416e-14   4.128272e-04   9.646985e-16   168
  2.323239e-01   8.039867e-14   2.809790e-09   0.000000e+00   48
  2.331522e-01   1.624644e-14   0.000000e+00   7.116011e-17   96
  2.339775e-01   2.906740e-14   0.000000e+00   0.000000e+00   48
  2.356194e-01   6.976400e-14   3.178914e-09   2.787063e-15   30
  2.364362e-01   6.695225e-14   2.809790e-09   2.623144e-15   96
  2.374123e-01   4.620493e-14   3.244455e-04   1.150194e-15   240
  2.386674e-01   1.798880e-14   3.500299e-04   1.630359e-15   32
  2.396752e-01   1.553373e-14   0.000000e+00   1.944886e-16   168
  2.404781e-01   4.460767e-14   0.000000e+00   1.559139e-15   120
  2.420760e-01   2.420620e-14   5.923557e-09   2.546928e-15   72
  2.428710e-01   2.363682e-14   3.746387e-09   7.030624e-16   144
  2.436634e-01   5.600869e-14   0.000000e+00   5.883718e-16   96
  2.444532e-01   1.065992e-14   0.000000e+00   7.813177e-17   96
  2.460253e-01   2.944947e-14   4.588368e-09   1.279692e-15   72
  2.468075e-01   2.348963e-14   3.973643e-09   1.429605e-17   96
  2.483647e-01   7.547471e-15   0.000000e+00   0.000000e+00   24
  2.491396e-01   2.566458e-14   0.000000e+00   1.207362e-15   192
  2.500522e-01   2.960124e-14   2.970416e-04   1.391292e-15   132
  2.514501e-01   3.413285e-14   0.000000e+00   2.924116e-15   96
  2.522156e-01   3.633436e-14   0.000000e+00   1.979684e-15   96
  2.529787e-01   5.169759e-14   3.178914e-09   3.410050e-15   120
  2.544981e-01   3.069950e-14   0.000000e+00   0.000000e+00   48
  2.557435e-01   3.629453e-14   3.599905e-04   2.984012e-15   222
  2.567603e-01   3.098524e-14   0.000000e+00   6.963877e-16   120
  2.575100e-01   7.492718e-15   4.866699e-09   0.000000e+00   24
  2.586015e-01   3.047217e-14   3.715625e-04   1.112588e-15   312
  2.609797e-01   1.613288e-14   3.483547e-04   2.377037e-15   72
  2.619630e-01   3.347969e-14   2.809790e-09   1.413716e-15   96
  2.629726e-01   3.169092e-14   3.547511e-04   2.825892e-15   192
  2.641613e-01   1.017711e-14   4.495664e-09   1.067248e-15   120
  2.648900e-01   3.813831e-14   0.000000e+00   2.701493e-15   144
  2.663415e-01   3.578366e-14   0.000000e+00   0.000000e+00   48
  2.673732e-01   4.986018e-14   3.567146e-04   1.227322e-15   336
  2.685040e-01   2.435042e-14   0.000000e+00   1.084497e-15   48
  2.699360e-01   1.009234e-14   0.000000e+00   1.356241e-15   192
  2.706492e-01   3.289444e-14   0.000000e+00   3.102565e-23   48
  2.726764e-01   7.317688e-15   2.476067e-04   1.437226e-15   56
  2.736844e-01   4.492020e-14   3.180112e-04   4.804320e-16   336
  2.748894e-01   1.610124e-14   3.532127e-09   5.721295e-16   54
  2.759390e-01   2.325919e-14   3.492904e-04   7.981746e-16   240
  2.781181e-01   2.595315e-14   3.344484e-04   1.145188e-15   228
  2.790651e-01   1.131284e-13   3.746387e-09   2.789768e-15   72
  2.799844e-01   4.662558e-14   3.244231e-04   1.945675e-15   144
  2.811298e-01   2.149791e-14   0.000000e+00   2.595906e-15   96
  2.818146e-01   2.162491e-14   4.495664e-09   6.055908e-16   240
  2.831793e-01   8.538453e-14   3.973643e-09   8.775380e-23   24
  2.840530e-01   1.845380e-14   3.064151e-04   7.121150e-16   336
  2.852142e-01   1.619452e-14   0.000000e+00   1.168699e-15   72
  2.862741e-01   2.872547e-14   3.332831e-04   1.637661e-15   168
  2.872346e-01   1.156566e-14   0.000000e+00   4.618598e-15   72
  2.885737e-01   3.186628e-14   0.000000e+00   1.318764e-15   96
  2.896108e-01   2.235490e-14   3.307829e-04   1.383153e-15   216
  2.905708e-01   2.546839e-14   3.973643e-09   4.944269e-15   96
  2.918946e-01   2.912154e-14   0.000000e+00   1.607480e-15   192
  2.925542e-01   2.217768e-14   3.746387e-09   5.901160e-16   144
  2.938691e-01   7.597658e-15   0.000000e+00   3.065992e-24   48
  2.947794e-01   1.426173e-14   3.189136e-04   2.000660e-15   246
  2.960164e-01   1.962059e-14   2.940434e-04   1.724186e-15   168
  2.971308e-01   1.442645e-14   5.506041e-09   3.482415e-16   120
  2.977788e-01   2.851556e-14   0.000000e+00   7.734394e-16   240
  2.990707e-01   1.398934e-14   3.973643e-09   0.000000e+00   24
  3.001001e-01   2.433831e-14   3.147475e-04   5.827249e-16   360
  3.013820e-01   2.376469e-14   3.134082e-04   1.925967e-15   120
  3.022763e-01   1.125069e-14   0.000000e+00   1.600530e-15   144
  3.029133e-01   1.474058e-14   0.000000e+00   1.061896e-17   96
  3.048165e-01   3.736657e-14   0.000000e+00   5.599337e-15   144
  3.054482e-01   1.338811e-14   0.000000e+00   7.820562e-16   132
  3.063360e-01   3.974740e-14   3.093292e-04   2.404407e-15   176
  3.076248e-01   2.829822e-14   3.123602e-04   1.664750e-15   312
  3.092116e-01   3.476334e-14   0.000000e+00   2.322490e-15   96
  3.098343e-01   1.347958e-14   0.000000e+00   2.023952e-15   144
  3.107899e-01   2.188519e-14   3.092271e-04   1.437325e-15   312
  3.123131e-01   9.929391e-15   0.000000e+00   0.000000e+00   48
  3.129297e-01   2.634139e-14   3.973643e-09   3.579667e-16   192
  3.141593e-01   2.245856e-35   0.000000e+00   2.147747e-36   6
  3.149762e-01   3.294211e-14   2.884066e-04   1.137591e-15   288
  3.162994e-01   4.378320e-14   3.047203e-04   2.317869e-15   192
  3.172124e-01   4.383088e-14   9.345130e-09   9.673570e-16   216
  3.178195e-01   2.021112e-14   0.000000e+00   6.207293e-17   72
  3.193321e-01   2.727806e-14   3.018264e-04   2.172985e-15   192
  3.203366e-01   1.690899e-14   2.241224e-04   1.551846e-15   288
  3.214381e-01   8.511879e-15   0.000000e+00   0.000000e+00   24
  3.222890e-01   2.124588e-14   2.952626e-04   5.589617e-16   456
  3.238280e-01   6.741686e-14   5.619580e-09   2.712798e-16   48
  3.247789e-01   1.320894e-14   2.908218e-04   3.974645e-16   240
  3.258718e-01   1.551627e-14   2.939082e-04   1.133837e-15   216
  3.267908e-01   4.093252e-14   0.000000e+00   3.289180e-15   72
  3.273801e-01   1.888444e-14   1.015467e-08   2.498086e-15   168
  3.290441e-01   1.665017e-14   2.184577e-04   7.931824e-16   288
  3.299773e-01   1.822059e-14   2.890570e-04   5.400598e-16   168
  3.314762e-01   3.485660e-14   0.000000e+00   2.556631e-15   192
  3.320572e-01   1.600080e-14   3.746387e-09   2.261205e-15   144
  3.332162e-01   3.435510e-15   0.000000e+00   6.022142e-16   36
  3.341991e-01   2.881811e-14   2.639705e-04   5.501382e-16   342
  3.351389e-01   2.159226e-14   2.710657e-04   1.398889e-15   144
  3.363470e-01   2.647565e-14   2.842800e-04   1.263415e-15   384
  3.378125e-01   1.882227e-14   7.786718e-09   1.329417e-15   120
  3.385379e-01   2.934152e-14   2.534951e-04   2.501075e-15   264
  3.395201e-01   3.234036e-14   1.256576e-08   1.948121e-15   192
  3.404451e-01   2.089125e-14   2.731894e-04   1.062003e-15   152
  3.412191e-01   1.320208e-14   7.492773e-09   6.864973e-16   144
  3.428472e-01   4.088531e-14   1.768108e-04   2.860834e-15   216
  3.436008e-01   8.359946e-15   2.362665e-04   3.293303e-16   312
  3.449274e-01   1.979567e-14   2.738281e-04   6.203101e-16   240
  3.457090e-01   3.526571e-14   3.973643e-09   1.635321e-16   96
  3.471927e-01   1.589512e-14   2.617995e-04   1.392047e-15   144
  3.481071e-01   3.538666e-14   2.573258e-04   1.008190e-15   456
  3.495904e-01   2.322318e-14   0.000000e+00   1.585689e-15   120
  3.501414e-01   2.348921e-14   0.000000e+00   6.316442e-16   144
  3.512407e-01   5.932260e-15   0.000000e+00   0.000000e+00   24
  3.519456e-01   7.800058e-15   2.473498e-04   3.247953e-16   336
  3.531645e-01   1.314926e-14   2.727931e-04   6.683766e-16   198
  3.543067e-01   2.141615e-14   2.652756e-04   8.938571e-16   432
  3.556041e-01   1.028013e-14   0.000000e+00   2.465104e-15   48
  3.562810e-01   2.778425e-14   2.341925e-04   6.883484e-16   384
  3.574963e-01   1.940389e-14   2.696052e-04   3.048389e-16   144
  3.585975e-01   2.102747e-14   2.676825e-04   1.122349e-15   264
  3.599147e-01   1.490236e-14   0.000000e+00   0.000000e+00   48
  3.607984e-01   2.157897e-14   2.545223e-04   4.866048e-16   276
  3.616510e-01   9.254047e-15   2.307176e-04   5.231078e-16   192
  3.627906e-01   1.392810e-14   2.592759e-04   3.700721e-16   552
  3.641741e-01   1.545937e-14   8.991328e-09   9.356094e-16   120
  3.649965e-01   1.725317e-14   2.624511e-04   4.878823e-16   216
  3.657587e-01   2.601854e-14   4.495664e-09   2.474506e-15   120
  3.671201e-01   2.204211e-14   2.584500e-04   5.630791e-16   408
  3.683844e-01   3.555472e-14   5.619580e-09   0.000000e+00   24
  3.691684e-01   2.480875e-14   2.610810e-04   8.818103e-16   384
  3.702633e-01   2.709736e-14   2.550855e-04   1.703652e-15   240
  3.712141e-01   2.966473e-14   2.569535e-04   5.651772e-16   168
  3.725471e-01   9.356755e-15   6.357829e-09   2.200906e-15   120
  3.734064e-01   2.148646e-14   2.678605e-04   6.020677e-16   350
  3.748037e-01   2.134799e-14   4.409502e-04   5.119401e-16   384
  3.756388e-01   1.582970e-14   0.000000e+00   3.275453e-16   144
  3.771752e-01   1.596608e-14   1.059638e-08   1.104915e-15   288
  3.779773e-01   2.636970e-14   2.524053e-04   6.276711e-16   336
  3.790686e-01   6.000593e-15   2.297941e-04   4.233372e-16   168
  3.797219e-01   2.220256e-14   4.541306e-09   4.116441e-16   336
  3.810732e-01   1.335113e-14   2.385126e-04   1.195112e-15   288
  3.818848e-01   1.947815e-14   2.247398e-04   2.870664e-15   264
  3.832590e-01   1.168860e-14   0.000000e+00   4.019170e-16   240
  3.837616e-01   1.807470e-14   7.947286e-09   1.656298e-15   96
  3.855656e-01   1.257512e-14   3.056310e-04   5.759665e-16   360
  3.864075e-01   1.280111e-14   2.253025e-04   1.354061e-15   168
  3.874713e-01   1.175438e-14   2.456032e-04   3.240369e-16   456
  3.887523e-01   3.261051e-14   7.064254e-09   2.029826e-15   108
  3.894728e-01   2.230372e-14   2.464311e-04   5.636958e-16   264
  3.903716e-01   2.294773e-14   2.198567e-04   1.329258e-15   264
  3.916025e-01   1.440861e-14   2.074668e-04   1.041254e-15   312
  3.931351e-01   9.244101e-15   1.541705e-04   5.172371e-16   270
  3.937775e-01   2.023978e-14   1.957388e-04   1.752045e-15   240
  3.949323e-01   6.633327e-15   2.421536e-04   8.403956e-16   384
  3.956334e-01   1.771723e-14   0.000000e+00   1.055070e-15   192
  3.969952e-01   6.683490e-15   1.942960e-04   2.288779e-16   240
  3.977852e-01   1.457792e-14   2.397927e-04   3.671149e-16   336
  3.992708e-01   2.485423e-14   2.413972e-04   5.639250e-16   480
  4.004761e-01   1.300008e-14   0.000000e+00   1.556178e-18   72
  4.011493e-01   1.465110e-14   2.353842e-04   9.154365e-16   240
  4.020650e-01   1.588687e-14   2.212289e-04   4.326430e-16   312
  4.031147e-01   1.895817e-14   2.390954e-04   1.435969e-15   240
  4.047009e-01   2.806053e-14   1.816506e-04   4.860717e-16   408
  4.053288e-01   2.167233e-14   1.663482e-04   7.930857e-16   336
  4.065560e-01   1.194714e-14   2.112212e-04   9.033111e-16   264
  4.071591e-01   4.484494e-15   0.000000e+00   3.158402e-16   144
  4.088370e-01   1.474758e-14   2.927651e-04   6.561880e-16   464
  4.097211e-01   2.286140e-14   2.328083e-04   1.510795e-16   168
  4.105939e-01   1.288027e-14   2.120376e-04   1.841972e-15   336
  4.121713e-01   1.633889e-14   2.227870e-04   3.390842e-16   414
  4.130606e-01   1.143562e-14   2.319080e-04   1.125447e-15   216
  4.141998e-01   2.256013e-14   5.619580e-09   8.096936e-16   96
  4.146649e-01   1.660697e-14   1.685874e-08   6.355802e-16   384
  4.162944e-01   1.355730e-14   2.314600e-04   4.981715e-16   492
  4.171676e-01   2.576569e-14   2.263480e-04   7.586191e-16   240
  4.181546e-01   1.255264e-14   2.298225e-04   6.151627e-16   312
  4.195176e-01   1.488936e-14   2.297469e-04   3.848314e-16   192
  4.203810e-01   1.298544e-14   2.226525e-04   4.492722e-16   504
  4.215265e-01   1.629410e-14   1.473998e-04   2.932404e-16   408
  4.224284e-01   1.564755e-14   4.515774e-04   4.909317e-16   168
  4.235571e-01   1.845288e-14   2.145032e-04   1.726600e-15   288
  4.245041e-01   1.508824e-14   2.238525e-04   4.807271e-16   288
  4.254743e-01   1.136294e-14   2.251410e-04   5.690532e-16   432
  4.268815e-01   1.940543e-14   2.129084e-04   1.548928e-15   216
  4.276334e-01   2.493123e-14   2.124592e-04   1.111843e-15   360
  4.289721e-01   1.758732e-14   2.073582e-04   2.888535e-16   312
  4.301803e-01   1.175643e-14   0.000000e+00   0.000000e+00   48
  4.308767e-01   1.332899e-14   2.223178e-04   6.998187e-16   432
  4.321240e-01   1.615543e-14   3.708284e-04   5.782924e-16   414
  4.328606e-01   5.680754e-15   1.956255e-08   3.574999e-16   312
  4.342347e-01   1.063978e-14   3.253813e-04   3.667120e-16   528
  4.351620e-01   1.762202e-14   1.707976e-04   1.285826e-15   264
  4.362761e-01   1.364558e-14   2.025191e-04   4.461021e-16   480
  4.377318e-01   1.108458e-14   0.000000e+00   9.785218e-16   288
  4.383604e-01   1.375858e-14   2.176005e-04   1.052112e-15   168
  4.395105e-01   1.367120e-14   3.444610e-04   8.334293e-16   504
  4.408036e-01   7.921429e-15   7.492773e-09   6.084898e-16   144
  4.416171e-01   1.136015e-14   2.212265e-04   5.781226e-16   464
  4.428396e-01   1.523397e-14   3.246624e-04   2.548421e-16   432
  4.434197e-01   8.366545e-15   5.619580e-09   7.434691e-16   192
  4.449189e-01   1.442683e-14   2.406833e-04   3.965166e-16   396
  4.458042e-01   1.816874e-14   2.162000e-04   6.024714e-16   288
  4.466990e-01   2.021756e-14   2.135686e-04   6.461734e-16   336
  4.481283e-01   1.270248e-14   1.352359e-04   5.376298e-16   432
  4.490354e-01   1.212811e-14   3.505126e-04   3.337176e-16   360
  4.500539e-01   1.782848e-14   2.073334e-04   6.967014e-16   384
  4.515004e-01   1.024553e-14   1.830116e-04   5.820340e-16   198
  4.521974e-01   1.710334e-14   2.080246e-04   4.033828e-16   552
  4.534970e-01   1.454530e-14   2.912202e-04   5.606247e-16   432
  4.545821e-01   3.245536e-15   0.000000e+00   8.827531e-17   168
  4.554927e-01   9.352469e-15   3.610065e-04   5.482502e-16   480
  4.566974e-01   1.006500e-14   0.000000e+00   1.784638e-15   120
  4.572396e-01   2.090090e-14   2.948545e-04   6.130413e-16   336
  4.585628e-01   1.442343e-14   2.080152e-04   5.976339e-16   672
  4.598711e-01   1.686611e-14   3.025866e-04   2.433959e-16   528
  4.604805e-01   1.436756e-14   9.082613e-09   1.117820e-15   168
  4.618883e-01   1.891403e-14   3.375333e-04   3.544551e-16   456
  4.627474e-01   6.970399e-15   2.061344e-04   6.340868e-16   168
  4.636392e-01   1.612527e-14   2.057643e-04   4.240793e-16   504
  4.651216e-01   1.089411e-14   2.647872e-04   7.662841e-16   336
  4.660180e-01   1.614239e-14   1.908802e-04   3.984591e-16   312
  4.670124e-01   1.304189e-14   1.865029e-04   4.247247e-16   504
  4.683210e-01   1.230011e-14   1.294009e-04   6.909686e-16   432
  4.689362e-01   8.574585e-15   1.999672e-04   6.668932e-16   312
  4.702151e-01   1.786355e-14   2.049761e-04   6.445603e-16   384
  4.715504e-01   6.946191e-15   1.741510e-04   5.015698e-16   126
  4.723748e-01   1.420483e-14   3.057676e-04   5.297547e-16   492
  4.734278e-01   1.544319e-14   1.958445e-04   1.626833e-16   528
  4.747438e-01   1.015978e-14   1.989360e-04   4.559383e-16   480
  4.755596e-01   1.170152e-14   2.748289e-04   3.730665e-16   432
  4.767402e-01   1.076493e-14   2.161166e-04   6.344902e-16   440
  4.781114e-01   1.081549e-14   1.074739e-04   4.188016e-16   312
  4.786259e-01   1.717857e-14   1.610586e-04   3.136062e-16   480
  4.796813e-01   1.051130e-14   3.153497e-04   5.143225e-16   408
  4.812233e-01   1.680938e-14   1.888588e-04   3.620551e-16   360
  4.818747e-01   1.341537e-14   1.822418e-04   6.677853e-16   408
  4.830820e-01   8.054353e-15   1.854542e-04   4.713098e-16   456
  4.844414e-01   2.401083e-14   1.772485e-04   4.164947e-16   264
  4.851959e-01   1.376203e-14   1.923591e-04   6.954960e-16   384
  4.862943e-01   9.106123e-15   3.238501e-04   3.288275e-16   672
  4.875640e-01   1.583721e-14   1.937042e-04   2.175999e-16   240
  4.882967e-01   1.273356e-14   1.965613e-04   3.109302e-16   264
  4.893308e-01   1.744053e-14   2.424259e-04   4.707790e-16   624
  4.908739e-01   1.123118e-14   0.000000e+00   1.232068e-15   150
  4.914232e-01   1.523473e-14   2.716574e-04   3.941836e-16   600
  4.925819e-01   1.208088e-14   1.874909e-04   4.649966e-16   672
  4.938939e-01   5.661039e-15   1.763484e-04   4.790307e-16   336
  4.946248e-01   1.672610e-14   1.918157e-04   3.863999e-16   408
  4.957926e-01   2.418219e-14   1.913639e-04   4.163079e-16   408
  4.970915e-01   7.477185e-15   9.676385e-05   4.406266e-16   360
  4.978921e-01   1.065731e-14   3.552857e-04   4.799063e-16   456
  4.988592e-01   1.419397e-14   1.932065e-04   1.439161e-16   384
  5.000902e-01   2.144597e-14   1.783541e-04   7.713036e-16   348
  5.007554e-01   8.511578e-15   2.198754e-04   2.728692e-16   576
  5.020050e-01   1.180746e-14   1.810385e-04   4.675149e-16   504
  5.032833e-01   9.713264e-15   2.553443e-04   4.374347e-16   432
  5.043991e-01   8.859033e-15   3.473946e-04   2.704946e-16   576
  5.051948e-01   1.349514e-14   0.000000e+00   2.243900e-16   264
  5.064571e-01   9.877645e-15   2.764393e-04   2.545642e-16   768
  5.075549e-01   7.203983e-15   3.721752e-04   8.196543e-16   240
  5.084277e-01   1.042708e-14   3.282233e-04   1.597061e-15   192
  5.096990e-01   9.585195e-15   2.416124e-04   3.022218e-16   504
  5.106418e-01   1.259953e-14   3.255818e-04   4.250284e-16   590
  5.115460e-01   1.803891e-14   3.647966e-04   7.725767e-16   384
  5.126798e-01   1.156326e-14   3.048625e-04   1.249261e-16   504
  5.140486e-01   1.919648e-14   2.933830e-04   5.546748e-16   648
  5.153764e-01   1.110477e-14   7.967896e-05   3.108101e-16   504
  5.159117e-01   1.586805e-14   1.817627e-04   4.857513e-16   312
  5.168569e-01   1.635817e-14   2.618753e-04   3.393973e-16   576
  5.181545e-01   8.703766e-15   1.822405e-04   5.019713e-16   240
  5.189109e-01   9.027445e-15   1.841453e-04   6.378335e-16   552
  5.199816e-01   1.729217e-14   1.729082e-04   3.982148e-16   600
  5.215067e-01   1.578489e-14   2.111937e-04   6.291600e-16   600
  5.224237e-01   9.159404e-15   3.382099e-04   5.036252e-16   312
  5.233368e-01   1.301647e-14   2.945474e-04   3.498334e-16   480
  5.244775e-01   1.942438e-14   1.837693e-04   5.697390e-16   576
  5.254818e-01   1.285319e-14   2.959085e-04   3.174965e-16   408
  5.263729e-01   9.388223e-15   3.451909e-04   3.415542e-16   216
  5.275243e-01   1.233203e-14   2.643774e-04   5.101574e-16   516
  5.287578e-01   1.687227e-14   2.522429e-04   5.152795e-16   744
  5.300304e-01   4.713060e-15   1.684760e-04   1.027067e-16   462
  5.307494e-01   9.785977e-15   1.712315e-04   2.352223e-16   432
  5.318647e-01   1.088535e-14   1.588547e-04   4.417574e-16   648
  5.331761e-01   1.980018e-14   2.324340e-04   1.173157e-15   528
  5.342295e-01   1.033540e-14   2.799086e-04   5.140417e-16   600
  5.352820e-01   1.661578e-14   3.528915e-04   1.682064e-15   240
  5.363014e-01   1.112701e-14   2.703115e-04   5.439381e-16   720
  5.374863e-01   1.255564e-14   2.138653e-04   4.787904e-16   720
  5.387997e-01   1.248048e-14   0.000000e+00   6.744410e-16   144
  5.394909e-01   1.240812e-14   2.757364e-04   3.861105e-16   720
  5.404742e-01   1.457568e-14   1.653370e-04   2.701337e-16   384
  5.417051e-01   1.413884e-14   1.832848e-04   3.620227e-16   672
  5.428730e-01   7.920656e-15   3.209115e-04   9.546994e-16   336
  5.434308e-01   1.062528e-14   0.000000e+00   3.352229e-16   288
  5.447967e-01   1.006259e-14   2.539800e-04   3.010203e-16   776
  5.460612e-01   9.486654e-15   2.173184e-04   2.951382e-16   720
  5.471231e-01   1.126125e-14   1.750659e-04   4.596113e-16   432
  5.479725e-01   1.039420e-14   2.495786e-04   4.021955e-16   504
  5.489174e-01   1.664624e-14   1.748652e-04   7.744961e-16   528
  5.502396e-01   1.271350e-14   2.382437e-04   5.449581e-16   438
  5.513273e-01   1.312311e-14   2.772938e-04   4.825943e-16   624
  5.521470e-01   1.118000e-14   3.396475e-04   6.509690e-16   312
  5.532738e-01   1.244440e-14   1.829935e-04   6.055099e-16   696
  5.544390e-01   9.805796e-15   1.655760e-04   5.249965e-16   552
  5.556509e-01   1.526481e-14   1.281006e-04   5.526150e-16   516
  5.564006e-01   1.973505e-14   2.558713e-04   1.098702e-15   528
  5.573133e-01   1.024316e-14   1.664001e-04   6.403234e-16   528
  5.586097e-01   1.098376e-14   2.194479e-04   3.634205e-16   864
  5.594897e-01   1.200883e-14   3.005985e-04   4.175302e-16   408
  5.603706e-01   9.193498e-15   2.978186e-04   4.511762e-16   192
  5.616191e-01   1.522333e-14   2.464592e-04   1.892710e-16   720
  5.626731e-01   1.523989e-14   2.272475e-04   3.341093e-16   696
  5.639255e-01   1.343624e-14   2.454294e-04   3.071162e-16   720
  5.650713e-01   1.216568e-14   3.326501e-04   5.906774e-16   432
  5.657395e-01   1.297157e-14   1.958109e-04   5.838953e-16   264
  5.669418e-01   1.512600e-14   2.704061e-04   2.283730e-16   672
  5.680171e-01   1.016405e-14   2.768544e-04   4.311102e-16   600
  5.692933e-01   9.067920e-15   1.620980e-04   6.323876e-16   270
  5.699366e-01   2.227088e-14   2.440026e-04   2.986005e-16   528
  5.709591e-01   1.574950e-14   1.670843e-04   2.941803e-16   840
  5.723613e-01   1.192912e-14   3.194952e-04   3.263315e-16   888
  5.736568e-01   8.645542e-15   2.380474e-04   3.637126e-16   744
  5.747517e-01   1.565186e-14   1.223216e-04   7.433417e-16   456
  5.752963e-01   1.747875e-14   1.671601e-04   2.589310e-16   360
  5.762282e-01   7.134598e-15   1.448348e-04   1.827069e-16   384
  5.776580e-01   1.181028e-14   2.323137e-04   3.284421e-16   816
  5.787308e-01   8.429849e-15   3.370546e-04   3.916036e-16   824
  5.800348e-01   1.074811e-14   1.566791e-04   6.388651e-16   360
  5.807331e-01   9.033112e-15   2.311994e-04   5.645046e-16   624
  5.816941e-01   1.331030e-14   1.562320e-04   2.539000e-16   360
  5.829744e-01   9.823286e-15   2.125215e-04   3.133339e-16   876
  5.841306e-01   9.968165e-15   2.524119e-04   3.669198e-16   696
  5.852967e-01   1.482977e-14   1.629911e-04   7.220378e-16   336
  5.859080e-01   1.826981e-14   1.628079e-04   4.438893e-16   504
  5.869176e-01   1.401211e-14   1.642187e-04   2.480471e-16   672
  5.884155e-01   1.206699e-14   3.269213e-04   3.344218e-16   720
  5.894543e-01   1.708012e-14   2.469541e-04   4.331614e-16   774
  5.906010e-01   7.767203e-15   1.413501e-04   2.353929e-16   384
  5.912015e-01   1.127480e-14   2.720183e-04   2.724440e-16   528
  5.921335e-01   7.721379e-15   2.592486e-04   4.177285e-16   744
  5.936327e-01   9.198631e-15   2.138251e-04   1.746642e-16   768
  5.946281e-01   1.306578e-14   2.400348e-04   3.634101e-16   552
  5.958700e-01   1.087389e-14   2.616108e-04   2.054498e-16   696
  5.967938e-01   8.745832e-15   3.179026e-04   9.307455e-16   408
  5.975272e-01   1.124530e-14   1.373364e-04   1.101450e-15   504
  5.986899e-01   1.318231e-14   2.467198e-04   4.266331e-16   888
  5.998339e-01   9.732056e-15   2.564132e-04   3.239753e-16   648
  6.010230e-01   1.550850e-14   2.542153e-04   4.046662e-16   648
  6.021418e-01   1.280251e-14   2.741064e-04   2.963977e-16   792
  6.033268e-01   7.818830e-15   4.010364e-04   2.104758e-16   600
  6.042000e-01   1.285853e-14   2.717856e-04   3.806288e-16   456
  6.051191e-01   1.164885e-14   1.324567e-04   4.658840e-16   648
  6.062996e-01   1.106972e-14   2.583099e-04   6.115711e-16   936
  6.075741e-01   6.661339e-15   1.586356e-04   4.038181e-16   384
  6.086836e-01   1.601105e-14   1.334798e-08   5.149902e-16   198
  6.095398e-01   1.205582e-14   4.024720e-04   3.166948e-16   1224
  6.104634e-01   6.663980e-15   2.931235e-04   2.250240e-16   420
  6.115558e-01   1.055582e-14   2.836822e-04   3.203354e-16   792
  6.126238e-01   1.079049e-14   2.345810e-04   3.638850e-16   680
  6.138428e-01   9.775491e-15   2.154033e-04   4.672969e-16   600
  6.148235e-01   1.094477e-14   3.123938e-04   1.121532e-16   840
  6.161330e-01   1.148691e-14   1.474979e-04   2.246022e-16   432
  6.166334e-01   1.244257e-14   1.382249e-04   2.292463e-16   720
  6.177213e-01   8.961446e-15   2.768404e-04   2.199985e-16   960
  6.190745e-01   1.744409e-14   2.467829e-04   8.562302e-16   528
  6.200634e-01   1.269523e-14   2.522592e-04   7.241053e-16   624
  6.212404e-01   1.242183e-14   1.982740e-04   1.627797e-16   816
  6.224086e-01   1.774648e-14   3.260658e-04   5.694284e-16   696
  6.236996e-01   1.803632e-14   2.202416e-08   4.075084e-16   240
  6.241851e-01   1.190491e-14   1.922888e-04   2.719256e-16   672
  6.252686e-01   1.515044e-14   3.436476e-04   1.810240e-16   864
  6.264840e-01   1.333862e-14   2.636938e-04   3.540594e-16   816
  6.275795e-01   1.236495e-14   1.509292e-04   4.036392e-16   648
  6.287594e-01   1.053557e-14   1.542771e-04   2.602283e-16   843
  6.297611e-01   2.007373e-14   2.775825e-04   6.472028e-16   780
  6.309548e-01   1.653003e-14   1.489456e-04   2.283153e-15   216
  6.316911e-01   9.055330e-15   3.591661e-04   3.319946e-16   1056
  6.328235e-01   5.252689e-15   2.938382e-04   2.766965e-16   228
  6.338720e-01   1.321142e-14   3.658358e-04   4.677027e-16   924
  6.349484e-01   1.059064e-14   1.357046e-04   3.301587e-16   696
  6.360882e-01   1.003882e-14   2.415153e-04   1.128691e-15   996
  6.372543e-01   9.346416e-15   1.425858e-04   2.873709e-16   576
  6.384675e-01   1.394665e-14   2.200718e-04   7.089331e-16   552
  6.393519e-01   1.031114e-14   2.627580e-04   3.055926e-16   516
  6.402494e-01   1.034094e-14   3.821047e-04   6.026097e-16   744
  6.412749e-01   7.639864e-15   1.874451e-04   1.450490e-16   576
  6.421669e-01   9.105207e-15   1.929285e-04   3.155012e-16   792
  6.434346e-01   9.212055e-15   2.205530e-04   4.036378e-16   792
  6.443636e-01   1.232781e-14   2.378641e-04   4.943829e-16   720
  6.456200e-01   1.031925e-14   2.711104e-04   2.508202e-16   656
  6.467974e-01   1.375750e-14   2.960385e-04   2.486397e-16   816
  6.480043e-01   7.678114e-15   1.596190e-04   7.545076e-16   492
  6.486903e-01   1.011922e-14   2.296231e-04   4.042886e-16   552
  6.499778e-01   8.327782e-15   3.992867e-04   3.750365e-16   780
  6.508139e-01   1.306931e-14   2.452771e-04   5.637891e-16   528
  6.517148e-01   1.293358e-14   2.863130e-04   6.285746e-16   600
  6.530425e-01   1.305183e-14   2.379487e-04   5.932937e-16   900
  6.539577e-01   1.227511e-14   1.317325e-04   1.051281e-15   696
  6.552168e-01   1.000314e-14   3.330907e-04   7.754895e-16   696
  6.564349e-01   6.998280e-15   1.351317e-04   2.604015e-16   552
  6.574592e-01   1.124454e-14   1.571457e-04   4.584258e-16   708
  6.585322e-01   9.050944e-15   2.594565e-04   5.549548e-16   876
  6.596487e-01   1.051018e-14   1.377663e-04   7.333886e-16   216
  6.603980e-01   1.715182e-14   3.768094e-04   2.463209e-16   1032
  6.615201e-01   8.428782e-15   4.195357e-04   3.944397e-16   600
  6.626848e-01   9.526359e-15   2.001869e-04   2.158940e-16   600
  6.635732e-01   6.943787e-15   3.535112e-04   2.784175e-16   528
  6.646233e-01   1.339042e-14   1.940622e-04   3.129875e-16   732
  6.657296e-01   1.701790e-14   1.432973e-04   9.094682e-16   336
  6.670031e-01   1.058754e-14   2.042271e-04   4.521394e-16   912
  6.679548e-01   8.373599e-15   2.049821e-04   5.779206e-16   624
  6.689946e-01   8.144033e-15   1.727341e-04   3.674102e-16   768
  6.702082e-01   8.883435e-15   3.116463e-04   2.911552e-16   792
  6.713995e-01   9.500655e-15   1.545014e-04   3.381760e-16   660
  6.722471e-01   1.006630e-14   2.276826e-04   4.072683e-16   504
  6.731238e-01   1.197306e-14   3.719898e-04   4.134860e-16   480
  6.744376e-01   6.469264e-15   3.440421e-04   2.719775e-16   912
  6.754664e-01   8.688924e-15   3.831443e-04   4.269491e-16   432
  6.764380e-01   8.528757e-15   2.275021e-04   9.098715e-16   564
  6.773006e-01   1.014249e-14   2.177508e-04   2.550056e-16   600
  6.785149e-01   9.057182e-15   3.035240e-04   5.706128e-16   876
  6.794272e-01   1.679563e-14   1.364735e-04   7.700466e-16   264
  6.806846e-01   8.090116e-15   2.648123e-04   2.997441e-16   560
  6.816953e-01   8.980179e-15   1.799457e-04   3.743710e-16   840
  6.829222e-01   1.067858e-14   2.774244e-04   3.056445e-16   1008
  6.840568e-01   6.325592e-15   1.241010e-04   2.953640e-16   456
  6.850930e-01   1.903416e-14   1.607553e-04   5.301219e-16   576
  6.860509e-01   9.087836e-15   2.470177e-04   3.743491e-16   612
  6.873140e-01   1.228457e-14   2.206269e-04   5.343065e-16   780
  6.883444e-01   1.048142e-14   2.528284e-04   2.219809e-16   648
  6.893992e-01   8.209245e-15   1.178213e-04   4.619265e-16   312
  6.900734e-01   1.008024e-14   2.993645e-04   4.253874e-16   528
  6.912414e-01   9.079412e-15   3.909551e-04   4.075635e-16   720
  6.923583e-01   1.191073e-14   3.921794e-04   3.862999e-16   576
  6.937124e-01   6.688398e-15   3.383053e-04   4.425823e-16   444
  6.945549e-01   9.184491e-15   3.317685e-04   6.024898e-16   996
  6.955874e-01   9.524322e-15   2.771265e-04   2.976711e-16   432
  6.965633e-01   9.553652e-15   3.033990e-04   5.737067e-16   504
  6.974062e-01   1.250141e-14   1.367883e-04   6.531790e-16   504
  6.986065e-01   1.051595e-14   2.692009e-04   4.371463e-16   876
  6.996926e-01   9.446317e-15   3.098246e-04   4.907163e-16   504
  7.008236e-01   1.155472e-14   1.975899e-04   3.690677e-16   696
  7.017583e-01   9.177759e-15   1.689187e-04   3.895917e-16   492
  7.030300e-01   1.027352e-14   2.418152e-04   6.074504e-16   432
  7.039719e-01   7.575056e-15   2.264335e-04   2.428254e-16   768
  7.050885e-01   7.624133e-15   2.820533e-04   3.890990e-16   648
  7.061547e-01   7.214527e-15   1.840095e-04   8.184903e-16   456
  7.073798e-01   1.147798e-14   2.530430e-04   7.806828e-16   552
  7.082306e-01   5.955311e-15   1.734358e-04   3.607452e-16   648
  7.094016e-01   1.236584e-14   2.826907e-04   3.897058e-16   840
  7.105454e-01   8.074330e-15   1.348092e-04   1.093647e-16   432
  7.116906e-01   1.002090e-14   1.651183e-04   8.207911e-16   600
  7.124870e-01   9.839855e-15   1.759227e-04   3.113968e-16   432
  7.138248e-01   1.099726e-14   1.751482e-04   5.559989e-16   560
  7.147308e-01   7.211475e-15   2.772412e-04   1.461284e-16   840
  7.158652e-01   1.199067e-14   1.642140e-04   4.478586e-16   504
  7.167662e-01   5.208129e-15   3.351509e-04   1.654909e-16   696
  7.180362e-01   8.324591e-15   1.830475e-04   5.841577e-16   384
  7.190254e-01   7.600106e-15   2.681431e-04   2.504979e-16   576
  7.202219e-01   1.054047e-14   1.654845e-04   1.935495e-16   360
  7.211864e-01   1.011225e-14   2.464465e-04   2.528792e-16   828
  7.222268e-01   4.546763e-15   2.195064e-04   2.425691e-16   372
  7.231800e-01   8.520840e-15   3.352284e-04   4.036257e-16   576
  7.244428e-01   7.363952e-15   1.403933e-04   3.101180e-16   636
  7.253425e-01   9.377580e-15   2.706420e-04   5.667696e-16   648
  7.265596e-01   1.011010e-14   2.200024e-04   5.866163e-16   576
  7.274333e-01   8.363165e-15   3.548870e-04   5.748605e-16   528
  7.285953e-01   8.143107e-15   1.517289e-04   2.657014e-16   360
  7.295571e-01   7.373475e-15   3.490332e-04   2.372757e-16   672
  7.308130e-01   7.992267e-15   1.787806e-04   2.618798e-16   804
  7.318582e-01   4.920551e-15   1.972163e-04   1.759485e-16   408
  7.330145e-01   5.651438e-15   1.219011e-04   3.206418e-16   384
  7.337931e-01   8.881785e-15   2.789567e-04   3.753838e-16   480
  7.348913e-01   9.265466e-15   1.802469e-04   6.867964e-16   432
  7.359446e-01   6.972533e-15   3.321566e-04   3.246311e-16   648
  7.371913e-01   8.215790e-15   2.061016e-04   4.886784e-16   624
  7.381033e-01   1.073233e-14   1.874668e-04   1.212667e-15   456
  7.393486e-01   6.627802e-15   2.560963e-04   4.308073e-16   588
  7.401831e-01   8.596053e-15   1.633884e-04   3.760365e-16   600
  7.414016e-01   7.517638e-15   2.548458e-04   3.280596e-16   708
  7.423640e-01   1.066613e-14   1.605479e-04   6.222526e-16   360
  7.434275e-01   8.441497e-15   1.845541e-04   3.780162e-16   552
  7.444470e-01   6.915397e-15   1.294691e-04   2.596880e-16   288
  7.454820e-01   9.096148e-15   2.434372e-04   2.099913e-16   528
  7.464545e-01   4.576711e-15   1.642340e-04   2.975576e-16   456
  7.475410e-01   8.158103e-15   2.912225e-04   2.013993e-16   608
  7.486338e-01   1.212926e-14   1.408967e-04   3.821677e-16   504
  7.498278e-01   1.000986e-14   3.024972e-04   3.533349e-16   540
  7.507642e-01   9.848995e-15   3.247222e-04   2.199844e-16   360
  7.517735e-01   6.709841e-15   1.470509e-04   2.652116e-16   540
  7.526661e-01   7.083973e-15   1.262606e-04   2.504274e-16   576
  7.539642e-01   9.086301e-15   2.927555e-04   5.511980e-16   588
  7.551985e-01   7.635313e-15   4.039143e-04   2.098856e-16   672
  7.562588e-01   8.179813e-15   3.087151e-04   2.203274e-16   552
  7.571135e-01   6.839388e-15   3.088712e-04   1.964961e-16   144
  7.582042e-01   8.022409e-15   2.624178e-04   1.445437e-16   600
  7.592383e-01   6.076291e-15   3.288668e-04   1.844636e-16   504
  7.603860e-01   5.574593e-15   3.378126e-04   1.487490e-16   336
  7.615932e-01   1.096303e-14   3.797028e-04   4.939203e-16   600
  7.626744e-01   4.842149e-15   2.450478e-04   2.099989e-16   636
  7.638413e-01   1.084806e-14   1.970206e-04   2.948441e-16   384
  7.646595e-01   9.823819e-15   2.748205e-04   3.061603e-16   504
  7.658387e-01   1.834941e-15   1.153383e-04   6.140047e-17   240
  7.667694e-01   9.379251e-15   2.709461e-04   1.734628e-16   744
  7.678860e-01   6.038012e-15   1.850150e-04   1.968903e-16   648
  7.688783e-01   2.328617e-14   1.228185e-04   1.456739e-15   120
  7.700414e-01   4.162608e-15   1.929319e-04   1.153810e-16   564
  7.709202e-01   7.526306e-15   3.030111e-04   5.015512e-16   432
  7.720932e-01   1.071144e-14   2.351965e-04   2.435465e-16   480
  7.729764e-01   5.941971e-15   1.731106e-04   2.122782e-16   456
  7.740189e-01   8.943193e-15   2.864725e-04   7.654320e-16   444
  7.752020e-01   5.648929e-15   4.383180e-04   1.696239e-16   528
  7.762412e-01   1.128430e-14   3.255297e-04   2.737232e-16   264
  7.772498e-01   5.124724e-15   3.336195e-04   8.248231e-16   444
  7.786065e-01   9.474776e-15   3.654311e-04   3.552107e-16   696
  7.797327e-01   9.671627e-15   1.954448e-04   4.458403e-16   384
  7.805563e-01   4.770318e-15   2.469609e-04   5.346799e-16   432
  7.818373e-01   8.734034e-15   1.706384e-04   7.745414e-16   488
  7.826690e-01   8.880954e-15   2.571733e-04   1.592076e-16   480
  7.838749e-01   4.731240e-15   2.868014e-04   2.091663e-16   480
  7.848089e-01   5.547202e-15   1.203331e-04   3.271731e-16   240
  7.858692e-01   1.248196e-14   2.810886e-04   7.542685e-16   600
  7.868694e-01   5.989928e-15   2.449399e-04   3.386344e-16   288
  7.879343e-01   5.384888e-15   2.356143e-04   2.314152e-16   480
  7.890129e-01   6.398564e-15   4.191157e-04   3.009335e-16   504
  7.900748e-01   1.169020e-14   1.798267e-04   3.881373e-16   216
  7.914291e-01   6.081488e-15   2.944050e-04   6.562736e-16   504
  7.924838e-01   6.086577e-15   2.367912e-04   3.496709e-16   456
  7.936384e-01   1.112876e-14   1.358038e-04   2.003545e-16   384
  7.944031e-01   1.378244e-14   2.756326e-04   5.864739e-16   480
  7.954897e-01   6.087459e-15   2.420363e-04   2.011253e-16   504
  7.964966e-01   3.949554e-15   1.535327e-04   1.692025e-16   312
  7.975815e-01   7.449470e-15   2.474127e-04   5.765741e-16   492
  7.985417e-01   6.975869e-15   2.318919e-04   6.152163e-16   312
  7.997779e-01   4.894445e-15   3.766899e-04   2.554474e-16   576
  8.008661e-01   8.032479e-15   3.477153e-04   2.013386e-16   336
  8.017699e-01   6.933063e-15   2.677247e-04   1.402061e-16   240
  8.030228e-01   6.734900e-15   3.549351e-04   2.200775e-16   468
  8.041047e-01   1.840397e-14   2.222407e-04   7.229319e-17   192
  8.052370e-01   5.102777e-15   2.229031e-04   1.317644e-16   324
  8.060669e-01   9.179750e-15   1.617794e-04   3.145004e-16   600
  8.071978e-01   7.934705e-15   2.624704e-04   5.077223e-16   456
  8.080377e-01   8.127149e-15   1.180592e-04   3.133951e-16   336
  8.094297e-01   6.717897e-15   3.535027e-04   4.069246e-16   612
  8.104424e-01   8.403141e-15   2.966749e-04   7.685169e-16   144
  8.114002e-01   5.218317e-15   3.462957e-04   7.040610e-16   552
  8.127025e-01   5.384313e-15   1.363755e-04   2.280296e-16   264
  8.134384e-01   8.622686e-15   3.157441e-04   3.998231e-16   336
  8.145992e-01   4.729755e-15   2.086329e-04   1.413584e-16   384
  8.156059e-01   6.094000e-15   1.174397e-04   2.130927e-16   216
  8.167203e-01   3.325243e-15   2.489964e-04   2.508877e-16   344
  8.177364e-01   6.978499e-15   3.715143e-04   1.745618e-16   408
  8.189746e-01   6.146443e-15   2.854845e-04   2.661103e-16   264
  8.200718e-01   4.702891e-15   3.979796e-04   2.410601e-16   612
  8.211681e-01   7.531497e-15   2.048307e-04   4.458566e-16   408
  8.222956e-01   9.276900e-15   2.051251e-04   1.786471e-16   444
  8.231239e-01   9.966642e-15   1.147249e-04   6.827251e-16   120
  8.242338e-01   1.213139e-14   3.169640e-04   5.040128e-16   336
  8.250576e-01   5.969353e-15   1.101437e-04   7.206260e-16   288
  8.261708e-01   6.791324e-15   3.427692e-04   2.590992e-16   552
  8.277012e-01   6.271856e-15   1.835347e-08   5.496230e-17   72
  8.284882e-01   7.962457e-15   3.404572e-04   5.011543e-16   504
  8.294074e-01   5.737968e-15   1.095558e-04   3.280313e-16   216
  8.305983e-01   7.187477e-15   1.956043e-04   4.056361e-16   312
  8.316675e-01   4.568436e-15   2.227263e-04   1.493506e-16   336
  8.326865e-01   6.584328e-15   3.087236e-04   8.765664e-16   204
  8.337014e-01   6.879744e-15   3.587838e-04   2.341758e-16   504
  8.347777e-01   7.176421e-15   3.416652e-04   3.996142e-16   396
  8.358127e-01   4.604629e-15   3.133249e-04   5.610840e-16   312
  8.370674e-01   9.189072e-15   1.914750e-04   1.655247e-15   216
  8.379516e-01   3.130994e-15   1.039172e-04   2.820872e-16   168
  8.390260e-01   6.703162e-15   2.623966e-04   2.567192e-16   588
  8.402521e-01   1.804865e-14   3.561727e-04   1.616865e-15   240
  8.412047e-01   5.647647e-15   3.145601e-04   5.408382e-16   264
  8.423219e-01   7.538696e-15   3.890183e-04   3.038972e-16   288
  8.433131e-01   6.759905e-15   1.942596e-04   7.763260e-16   288
  8.445693e-01   4.741264e-15   1.824406e-04   7.121012e-17   288
  8.454153e-01   1.300553e-14   2.113423e-04   3.398457e-16   192
  8.464795e-01   4.461900e-15   2.248894e-04   1.204979e-16   264
  8.474933e-01   6.529570e-15   3.699119e-04   3.000701e-16   372
  8.485844e-01   1.380385e-14   3.995208e-04   1.967325e-16   360
  8.499161e-01   1.882239e-14   1.690810e-04   9.438182e-16   144
  8.506044e-01   8.917019e-15   2.348461e-04   2.694532e-16   296
  8.516909e-01   8.089954e-15   2.530345e-04   2.530283e-16   288
  8.529347e-01   6.188574e-15   3.781537e-04   2.661423e-16   480
  8.540076e-01   6.023805e-15   3.142096e-04   5.698618e-16   192
  8.550509e-01   4.373407e-15   3.370327e-04   3.724772e-16   192
  8.559992e-01   5.174496e-15   2.147949e-04   1.230963e-16   288
  8.573180e-01   4.032841e-15   1.869760e-04   2.658709e-16   108
  8.579823e-01   8.788776e-15   1.797545e-04   6.335768e-16   240
  8.591554e-01   3.608466e-15   3.353363e-04   2.441198e-16   384
  8.603605e-01   4.895361e-15   4.090723e-04   9.888851e-16   108
  8.614261e-01   8.185076e-15   2.398466e-04   2.610161e-16   348
  8.625466e-01   6.954738e-15   2.503134e-04   2.574479e-16   312
  8.635474e-01   5.148986e-15   2.432319e-04   1.887958e-16   96
  8.644677e-01   3.831222e-15   3.238194e-04   2.079665e-16   384
  8.654984e-01   6.395608e-15   2.227222e-04   5.998618e-16   144
  8.665066e-01   6.826762e-15   3.422225e-04   5.014213e-16   408
  8.677598e-01   4.682787e-15   1.526554e-04   3.017565e-16   144
  8.689437e-01   7.192671e-15   2.934816e-04   5.565409e-16   192
  8.696459e-01   9.713843e-15   3.303190e-04   7.761982e-16   144
  8.707904e-01   3.284995e-15   2.685615e-04   5.421519e-16   144
  8.718702e-01   4.180562e-15   3.282257e-04   3.484918e-16   336
  8.731927e-01   8.054447e-15   2.428454e-04   2.985647e-16   240
  8.740312e-01   6.428290e-15   1.102739e-04   2.474843e-16   96
  8.752007e-01   5.842409e-15   3.233803e-04   4.237694e-16   372
  8.763838e-01   8.010094e-15   3.846540e-04   4.997249e-16   132
  8.774230e-01   3.171587e-15   2.380193e-04   2.163208e-16   264
  8.783527e-01   6.473876e-15   1.827880e-04   2.303022e-16   168
  8.793449e-01   5.540917e-15   2.922429e-04   2.042674e-16   216
  8.802213e-01   6.629113e-15   1.787978e-04   3.307949e-16   216
  8.814979e-01   7.921975e-16   3.280196e-04   1.015977e-16   96
  8.826561e-01   6.503494e-15   2.140028e-04   1.158613e-15   120
  8.837183e-01   5.177928e-15   2.720578e-04   3.275761e-16   216
  8.845934e-01   3.161286e-15   1.188902e-04   2.088005e-16   200
  8.857519e-01   8.888528e-15   3.077557e-04   4.836226e-16   288
  8.872378e-01   3.395363e-15   8.097649e-05   8.179307e-17   144
  8.878635e-01   9.080994e-15   2.519939e-04   9.480724e-17   168
  8.891412e-01   7.095843e-15   2.835956e-04   5.375246e-16   159
  8.901386e-01   4.644457e-15   2.975600e-04   3.285342e-16   174
  8.911039e-01   6.694789e-15   2.698170e-04   8.543231e-17   144
  8.923678e-01   5.950297e-15   1.557998e-04   9.563175e-16   222
  8.932131e-01   6.623874e-15   1.572158e-04   7.018178e-16   168
  8.946732e-01   1.262602e-14   3.448346e-04   1.919650e-15   30
  8.952763e-01   1.631201e-15   3.044637e-04   1.617418e-16   72
  8.964123e-01   1.089225e-14   2.717302e-04   9.268454e-16   258
  8.976612e-01   4.718567e-15   1.701916e-04   2.576311e-16   264
  8.982857e-01   1.106536e-14   0.000000e+00   2.256050e-15   72
  8.995871e-01   4.661577e-15   3.373270e-04   4.599305e-16   174
  9.007654e-01   5.413628e-15   3.591909e-04   7.629117e-17   168
  9.017127e-01   1.013119e-15   1.123916e-08   0.000000e+00   48
  9.027297e-01   2.462410e-15   2.028435e-04   5.522511e-16   150
  9.039088e-01   7.180295e-15   3.731453e-04   4.147366e-16   168
  9.050911e-01   5.852996e-15   2.273028e-04   1.003644e-16   144
  9.061784e-01   7.371337e-15   2.123525e-04   5.345782e-16   102
  9.069882e-01   9.690844e-15   3.143182e-04   7.429393e-16   96
  9.082731e-01   4.629562e-15   3.119397e-04   1.024472e-16   120
  9.092246e-01   1.574457e-15   3.345635e-04   1.011428e-16   168
  9.102538e-01   1.111712e-14   2.470487e-04   4.002905e-16   126
  9.111308e-01   5.284832e-15   1.863241e-04   3.371672e-16   168
  9.123389e-01   1.580772e-15   2.987709e-04   9.229597e-17   72
  9.133947e-01   6.579277e-15   3.741278e-04   1.103125e-16   168
  9.143196e-01   7.297227e-15   1.025668e-04   1.628401e-16   78
  9.155870e-01   4.428590e-15   1.684070e-04   2.874229e-16   60
  9.166075e-01   7.966755e-15   2.731835e-04   8.143910e-16   96
  9.176659e-01   6.009179e-15   3.314854e-04   9.377894e-17   168
  9.186605e-01   2.788636e-15   2.097511e-04   6.346185e-16   86
  9.197042e-01   8.659415e-15   1.874678e-04   5.186267e-16   120
  9.212002e-01   3.834366e-15   1.336894e-04   2.005167e-16   168
  9.220069e-01   1.305408e-15   0.000000e+00   1.183535e-28   48
  9.230934e-01   8.856139e-15   2.435676e-04   4.174937e-16   120
  9.237177e-01   4.887684e-15   1.776924e-04   4.373555e-16   126
  9.252418e-01   8.742813e-15   3.125113e-04   1.751896e-16   96
  9.262310e-01   5.804336e-15   9.011285e-05   6.229367e-16   96
  9.270111e-01   6.231895e-15   0.000000e+00   1.618824e-16   72
  9.286731e-01   1.783986e-15   1.123916e-08   0.000000e+00   24
  9.297104e-01   6.783776e-15   1.854501e-04   6.640782e-16   120
  9.305196e-01   8.148610e-15   2.705147e-04   7.191615e-16   126
  9.314194e-01   6.373054e-15   2.255107e-04   4.696035e-17   96
  9.324708e-01   5.088402e-15   3.897482e-04   4.414168e-17   72
  9.336415e-01   6.376098e-15   1.685792e-04   1.123472e-16   144
  9.346046e-01   1.979461e-15   9.723254e-05   4.263669e-17   72
  9.355666e-01   2.989333e-15   1.942081e-04   2.955936e-16   54
  9.364132e-01   6.887505e-15   1.711436e-04   1.285615e-16   108
  9.381728e-01   1.000490e-14   1.677650e-04   7.872549e-16   72
  9.387206e-01   8.492104e-15   9.680617e-05   5.772018e-17   72
  9.400202e-01   9.950572e-15   1.946680e-08   6.205131e-23   24
  9.412498e-01   2.469273e-15   2.047976e-04   6.854747e-19   48
  9.419964e-01   9.390136e-15   1.560029e-04   3.254612e-17   102
  9.431203e-01   3.634374e-15   3.528137e-04   1.535169e-16   168
  9.445889e-01   2.261579e-15   1.924163e-04   1.902467e-17   72
  9.451330e-01   2.303040e-15   0.000000e+00   1.939103e-24   48
  9.462744e-01   3.243769e-15   3.309678e-04   9.583974e-17   120
  9.477807e-01   1.139391e-15   2.033864e-04   1.253799e-16   96
  9.492033e-01   9.579035e-15   2.202416e-08   1.536428e-16   30
  9.508942e-01   2.470254e-15   9.555995e-05   5.891128e-16   72
  9.516372e-01   1.151068e-14   1.123916e-08   0.000000e+00   24
  9.525916e-01   2.024026e-15   1.416435e-04   4.449213e-18   56
  9.536606e-01   2.369703e-15   2.021324e-04   3.003007e-16   96
  9.549399e-01   4.766826e-15   2.232036e-04   1.243665e-16   144
  9.559263e-01   5.975077e-15   1.267263e-04   1.078871e-16   54
  9.573592e-01   2.580379e-15   1.898493e-04   1.825546e-16   108
  9.588012e-01   1.582920e-14   1.005243e-04   1.446406e-15   48
  9.601739e-01   4.910052e-15   3.785063e-04   6.446561e-16   72
  9.634680e-01   3.275428e-15   2.500803e-04   4.945419e-16   78
  9.643808e-01   1.434414e-15   1.884669e-04   9.155585e-17   72
  9.654462e-01   2.402545e-15   1.882329e-04   1.448008e-17   72
  9.665603e-01   3.826570e-15   4.542266e-04   2.700327e-16   96
  9.674408e-01   5.750280e-15   1.878449e-04   1.502777e-16   72
  9.685029e-01   3.334401e-15   0.000000e+00   1.551283e-23   24
  9.695638e-01   6.195806e-15   3.748416e-04   1.639597e-16   72
  9.719599e-01   5.224867e-15   2.380359e-04   3.521699e-15   30
  9.724755e-01   2.014947e-15   0.000000e+00   0.000000e+00   24
  9.752466e-01   5.986865e-16   1.976584e-04   8.890835e-17   48
  9.761159e-01   5.878589e-15   4.253608e-04   1.309140e-16   120
  9.772870e-01   5.754271e-15   1.859776e-04   5.214697e-17   72
  9.784697e-01   1.752650e-14   1.857528e-04   3.145200e-16   36
  9.792826e-01   3.181221e-15   3.671339e-04   1.094953e-16   78
  9.815513e-01   1.152275e-14   1.963888e-04   2.676451e-17   48
  9.844928e-01   7.549489e-15   1.589457e-08   0.000000e+00   24
  9.865884e-01   3.919250e-15   1.367612e-04   2.369728e-17   56
  9.876436e-01   9.185533e-15   2.104496e-04   5.263322e-16   102
  9.889860e-01   6.594940e-15   1.498555e-08   7.622394e-17   72
  9.897653e-01   5.311445e-15   0.000000e+00   2.193845e-23   24
  9.911277e-01   4.359839e-15   1.944913e-04   1.587339e-15   48
  9.936528e-01   1.311343e-15   0.000000e+00   0.000000e+00   24
  9.967520e-01   3.788821e-14   0.000000e+00   0.000000e+00   6
  9.977185e-01   9.257173e-15   0.000000e+00   6.205131e-23   24
  9.983623e-01   4.800925e-15   1.820511e-04   1.410214e-16   72
  9.995384e-01   5.609685e-15   3.396336e-04   3.748654e-16   84
  1.000805e+00   2.548457e-15   0.000000e+00   0.000000e+00   24
  1.001190e+00   6.584169e-15   1.589457e-08   0.000000e+00   24
  1.003114e+00   7.800212e-15   1.123916e-08   0.000000e+00   24
  1.005800e+00   8.248093e-15   0.000000e+00   1.096923e-23   6
  1.009244e+00   1.501595e-15   1.910001e-04   9.031671e-18   48
  1.010072e+00   1.687806e-15   3.598129e-04   6.412091e-17   72
  1.011152e+00   9.668500e-15   1.906396e-04   2.353020e-16   48
  1.012867e+00   2.666246e-15   0.000000e+00   5.484613e-24   24
  1.015148e+00   2.293025e-14   1.123916e-08   7.756414e-24   6
  1.020262e+00   8.888629e-35   0.000000e+00   3.998431e-36   8
  1.020640e+00   2.889563e-15   1.123916e-08   0.000000e+00   48
  1.021546e+00   1.089882e-14   1.848806e-04   1.680634e-15   60
  1.022904e+00   1.303258e-14   0.000000e+00   0.000000e+00   24
  1.024787e+00   3.712744e-15   0.000000e+00   0.000000e+00   6
  1.031723e+00   1.189227e-14   0.000000e+00   1.551283e-23   24
  1.032283e+00   5.853826e-15   1.867372e-04   1.828236e-16   48
  1.033217e+00   1.613922e-15   0.000000e+00   1.343450e-23   24
  1.034708e+00   1.227911e-14   1.123916e-08   6.205131e-23   6
  1.043181e+00   5.007432e-15   1.742080e-04   2.002653e-16   36
  1.043797e+00   3.282728e-15   0.000000e+00   1.096923e-23   24
  1.044904e+00   5.447697e-14   0.000000e+00   0.000000e+00   6
  1.054545e+00   1.244594e-14   1.583190e-04   4.349778e-16   32
  1.055367e+00   1.797609e-15   1.123916e-08   4.387690e-23   6
  1.065728e+00   3.835282e-15   0.000000e+00   0.000000e+00   12
  1.066089e+00   2.054519e-14   0.000000e+00   0.000000e+00   6
  1.077063e+00   4.022021e-14   1.589457e-08   3.029849e-26   6
