# power spectrum of phi
# redshift z=10.000000
# k              Pk             sigma(k)       sigma(Pk)      count
  1.963495e-02   2.182885e-07   0.000000e+00   0.000000e+00   6
  2.776802e-02   2.289429e-07   0.000000e+00   8.313039e-16   12
  3.400874e-02   1.348370e-07   3.725290e-10   0.000000e+00   8
  3.926991e-02   5.307316e-08   0.000000e+00   0.000000e+00   6
  4.390509e-02   1.033467e-08   0.000000e+00   0.000000e+00   24
  4.809562e-02   6.613423e-12   7.024475e-10   2.536938e-20   24
  5.553604e-02   1.028197e-08   0.000000e+00   0.000000e+00   12
  5.890486e-02   1.318713e-08   7.947286e-10   3.493298e-11   30
  6.209118e-02   1.252304e-08   0.000000e+00   0.000000e+00   24
  6.512178e-02   9.144335e-09   1.216675e-09   2.597825e-17   24
  6.801748e-02   5.144230e-09   7.450581e-10   2.249782e-17   8
  7.079483e-02   2.309786e-09   9.934107e-10   1.124891e-17   24
  7.346727e-02   5.683963e-10   0.000000e+00   1.148087e-18   48
  7.853982e-02   2.825657e-10   0.000000e+00   0.000000e+00   6
  8.095699e-02   8.397883e-10   1.404895e-09   6.099098e-12   48
  8.330406e-02   1.418650e-09   0.000000e+00   7.925264e-12   36
  8.558678e-02   1.710792e-09   9.934107e-10   0.000000e+00   24
  8.781018e-02   1.972817e-09   0.000000e+00   4.592349e-18   24
  8.997866e-02   1.786471e-09   0.000000e+00   0.000000e+00   48
  9.209610e-02   1.351461e-09   1.404895e-09   0.000000e+00   24
  9.619124e-02   7.036742e-10   1.404895e-09   1.623640e-18   24
  9.817477e-02   3.804052e-10   0.000000e+00   1.412335e-12   30
  1.001190e-01   1.561926e-10   0.000000e+00   5.261852e-13   72
  1.020262e-01   3.115123e-11   1.490116e-09   2.448280e-13   32
  1.057375e-01   1.446502e-11   0.000000e+00   1.389440e-14   72
  1.075451e-01   6.585210e-11   0.000000e+00   1.014775e-19   48
  1.110721e-01   1.576065e-10   0.000000e+00   0.000000e+00   12
  1.127942e-01   2.032716e-10   0.000000e+00   1.967781e-13   48
  1.144905e-01   2.176645e-10   0.000000e+00   8.908213e-13   48
  1.161620e-01   2.283379e-10   1.404895e-09   0.000000e+00   48
  1.178097e-01   2.047000e-10   1.589457e-09   5.116470e-12   30
  1.194348e-01   2.134306e-10   1.404895e-09   0.000000e+00   24
  1.210380e-01   1.539804e-10   2.961779e-09   1.321367e-12   72
  1.241824e-01   8.373439e-11   0.000000e+00   0.000000e+00   24
  1.257251e-01   5.255382e-11   0.000000e+00   3.795158e-13   96
  1.272490e-01   3.710596e-11   0.000000e+00   0.000000e+00   48
  1.287550e-01   2.272254e-11   2.433349e-09   0.000000e+00   24
  1.302436e-01   7.199845e-12   2.433349e-09   1.793886e-20   24
  1.317153e-01   4.649895e-12   0.000000e+00   2.126457e-13   72
  1.331707e-01   1.583252e-12   0.000000e+00   0.000000e+00   48
  1.360350e-01   1.563092e-12   1.490116e-09   0.000000e+00   8
  1.374447e-01   1.868483e-12   1.766064e-09   1.084475e-13   54
  1.388401e-01   4.523540e-12   0.000000e+00   8.591912e-14   84
  1.402216e-01   6.167613e-12   0.000000e+00   3.149436e-14   48
  1.415897e-01   5.159623e-12   1.986821e-09   0.000000e+00   24
  1.429446e-01   8.282722e-12   1.873193e-09   1.260796e-13   72
  1.442869e-01   9.358374e-12   0.000000e+00   3.419444e-13   96
  1.469345e-01   1.017559e-11   0.000000e+00   1.793886e-20   48
  1.482407e-01   1.298264e-11   0.000000e+00   5.626201e-13   48
  1.495354e-01   9.186867e-12   1.986821e-09   0.000000e+00   24
  1.508189e-01   1.181120e-11   0.000000e+00   7.434204e-14   72
  1.533539e-01   7.680703e-12   1.873193e-09   1.555464e-13   72
  1.546058e-01   1.308422e-11   0.000000e+00   2.237588e-13   96
  1.570796e-01   1.543937e-11   0.000000e+00   0.000000e+00   6
  1.583021e-01   1.237808e-11   0.000000e+00   1.082534e-13   96
  1.595151e-01   1.200934e-11   1.986821e-09   3.125886e-13   96
  1.607190e-01   1.067469e-11   0.000000e+00   2.536938e-20   24
  1.619140e-01   8.240424e-12   2.809790e-09   2.045953e-13   48
  1.631002e-01   1.029432e-11   0.000000e+00   2.772490e-13   96
  1.642778e-01   5.706845e-12   0.000000e+00   1.268469e-20   48
  1.666081e-01   3.589573e-12   0.000000e+00   3.776513e-13   36
  1.677611e-01   2.816299e-12   3.441276e-09   2.420774e-13   48
  1.689063e-01   4.881388e-12   3.893359e-09   1.444000e-13   120
  1.700437e-01   5.642025e-12   0.000000e+00   5.545358e-14   56
  1.711736e-01   6.239932e-13   1.986821e-09   1.585586e-21   24
  1.722960e-01   5.978057e-13   0.000000e+00   2.419211e-14   96
  1.734112e-01   1.961424e-12   0.000000e+00   3.171173e-21   48
  1.756204e-01   3.822777e-14   0.000000e+00   0.000000e+00   24
  1.767146e-01   1.031089e-12   0.000000e+00   9.872097e-14   102
  1.778021e-01   1.806554e-12   0.000000e+00   4.471903e-14   48
  1.788829e-01   7.729136e-13   0.000000e+00   4.409032e-14   72
  1.799573e-01   5.369048e-12   0.000000e+00   0.000000e+00   48
  1.810253e-01   4.901937e-12   0.000000e+00   2.391284e-13   48
  1.820871e-01   4.052792e-12   4.495664e-09   1.362963e-13   120
  1.841922e-01   1.242819e-11   2.809790e-09   0.000000e+00   24
  1.852358e-01   8.941248e-12   2.649095e-09   1.461635e-13   144
  1.862735e-01   9.984584e-12   3.178914e-09   2.839947e-13   120
  1.873055e-01   1.238763e-11   2.809790e-09   2.536938e-20   48
  1.893526e-01   1.601386e-11   2.809790e-09   0.000000e+00   48
  1.903679e-01   1.443242e-11   2.809790e-09   4.439355e-15   96
  1.930487e-01   1.123278e-11   4.711199e-04   2.159856e-13   72
  1.943761e-01   1.049992e-11   3.532127e-09   1.965571e-13   108
  1.953653e-01   7.767879e-12   0.000000e+00   5.393525e-13   72
  1.963495e-01   1.350617e-11   0.000000e+00   7.752960e-13   30
  1.973288e-01   9.124982e-12   0.000000e+00   1.296090e-13   168
  1.983033e-01   4.234334e-12   0.000000e+00   3.589662e-13   48
  2.002380e-01   4.397024e-12   0.000000e+00   2.751119e-14   72
  2.011984e-01   1.604781e-12   0.000000e+00   4.503463e-14   96
  2.021542e-01   1.515938e-12   5.298191e-09   3.904409e-14   72
  2.031055e-01   2.156584e-13   0.000000e+00   1.664336e-14   72
  2.047049e-01   3.812136e-13   4.350048e-04   3.031230e-14   104
  2.059331e-01   2.083131e-13   3.746387e-09   9.446106e-15   144
  2.087224e-01   3.025353e-12   6.282881e-09   1.088738e-13   96
  2.096439e-01   3.402852e-12   0.000000e+00   1.164887e-13   96
  2.111095e-01   3.192965e-12   4.475232e-04   1.111326e-13   120
  2.123845e-01   4.911756e-12   0.000000e+00   1.556593e-13   120
  2.132902e-01   4.353326e-12   0.000000e+00   9.678963e-14   72
  2.150901e-01   1.063137e-11   0.000000e+00   0.000000e+00   48
  2.159845e-01   6.155665e-12   4.235416e-09   3.382500e-13   78
  2.171286e-01   9.087439e-12   4.007142e-04   1.074566e-13   168
  2.195255e-01   7.546854e-12   3.746387e-09   1.225233e-13   144
  2.204018e-01   8.351498e-12   3.746387e-09   1.915046e-13   144
  2.229436e-01   7.593528e-12   2.307791e-04   1.682548e-13   156
  2.238729e-01   4.376425e-12   4.866699e-09   1.315629e-13   48
  2.247323e-01   4.589158e-12   3.178914e-09   5.272623e-14   120
  2.255884e-01   2.391557e-12   0.000000e+00   1.416888e-13   48
  2.271022e-01   2.685244e-12   3.532495e-04   8.884033e-14   216
  2.289809e-01   5.879661e-13   0.000000e+00   1.217847e-15   48
  2.298212e-01   1.066754e-12   2.809790e-09   2.290467e-14   96
  2.310160e-01   6.871544e-13   4.128272e-04   5.527486e-14   168
  2.323239e-01   3.818825e-13   2.809790e-09   0.000000e+00   48
  2.331522e-01   1.012861e-13   0.000000e+00   4.695552e-15   96
  2.339775e-01   7.832671e-15   0.000000e+00   0.000000e+00   48
  2.356194e-01   2.615159e-14   3.178914e-09   2.927186e-15   30
  2.364362e-01   5.158872e-13   2.809790e-09   2.462451e-14   96
  2.374123e-01   8.446276e-13   3.244455e-04   1.668925e-14   240
  2.386674e-01   2.376171e-12   3.500299e-04   1.989248e-13   32
  2.396752e-01   1.892653e-12   0.000000e+00   5.085865e-14   168
  2.404781e-01   1.649559e-12   0.000000e+00   9.830786e-14   120
  2.420760e-01   2.456819e-12   5.923557e-09   8.487581e-14   72
  2.428710e-01   1.589736e-12   3.746387e-09   5.407670e-14   144
  2.436634e-01   2.761890e-12   0.000000e+00   1.844853e-14   96
  2.444532e-01   2.163216e-12   0.000000e+00   4.249920e-14   96
  2.460253e-01   3.544250e-12   4.588368e-09   4.901247e-14   72
  2.468075e-01   3.176036e-12   3.973643e-09   1.634099e-14   96
  2.483647e-01   1.489254e-12   0.000000e+00   0.000000e+00   24
  2.491396e-01   2.866778e-12   0.000000e+00   6.843828e-14   192
  2.500522e-01   2.429287e-12   2.970416e-04   8.665897e-14   132
  2.514501e-01   2.645618e-12   0.000000e+00   1.233579e-13   96
  2.522156e-01   1.235530e-12   0.000000e+00   8.230791e-14   96
  2.529787e-01   2.516767e-12   3.178914e-09   5.949950e-14   120
  2.544981e-01   2.106382e-13   0.000000e+00   0.000000e+00   48
  2.557435e-01   1.133938e-12   3.599905e-04   2.806433e-14   222
  2.567603e-01   8.300125e-13   0.000000e+00   1.459207e-14   120
  2.575100e-01   4.849747e-13   4.866699e-09   1.585586e-21   24
  2.586015e-01   5.206916e-13   3.715625e-04   2.580851e-14   312
  2.609797e-01   1.194814e-13   3.483547e-04   3.179977e-15   72
  2.619630e-01   3.691985e-13   2.809790e-09   3.061285e-14   96
  2.629726e-01   2.838463e-13   3.547511e-04   1.789820e-14   192
  2.641613e-01   7.855974e-14   4.495664e-09   2.646652e-15   120
  2.648900e-01   4.849378e-14   0.000000e+00   3.062913e-15   144
  2.663415e-01   4.849941e-14   0.000000e+00   7.007368e-23   48
  2.673732e-01   1.317180e-13   3.567146e-04   9.766294e-15   336
  2.685040e-01   8.391306e-14   0.000000e+00   1.141762e-14   48
  2.699360e-01   3.284508e-13   0.000000e+00   2.129658e-14   192
  2.706492e-01   3.882571e-13   0.000000e+00   7.927932e-22   48
  2.726764e-01   5.990502e-13   2.476067e-04   1.133523e-13   56
  2.736844e-01   3.902008e-13   3.180112e-04   9.416154e-15   336
  2.748894e-01   7.107117e-13   3.532127e-09   1.674376e-13   54
  2.759390e-01   1.410137e-12   3.492904e-04   8.795284e-14   240
  2.781181e-01   1.125008e-12   3.344484e-04   2.665051e-14   228
  2.790651e-01   7.495736e-13   3.746387e-09   3.188324e-14   72
  2.799844e-01   9.033565e-13   3.244231e-04   7.296197e-14   144
  2.811298e-01   6.786750e-13   0.000000e+00   6.809643e-14   96
  2.818146e-01   3.177856e-13   4.495664e-09   2.003079e-14   240
  2.831793e-01   2.835716e-12   3.973643e-09   0.000000e+00   24
  2.840530e-01   9.004068e-13   3.064151e-04   2.905812e-14   336
  2.852142e-01   8.324750e-14   0.000000e+00   4.506045e-15   72
  2.862741e-01   6.842805e-13   3.332831e-04   1.581722e-14   168
  2.872346e-01   6.474012e-13   0.000000e+00   1.121640e-14   72
  2.885737e-01   1.095033e-12   0.000000e+00   4.554438e-14   96
  2.896108e-01   6.870571e-13   3.307829e-04   4.209200e-14   216
  2.905708e-01   7.713836e-14   3.973643e-09   5.407114e-15   96
  2.918946e-01   2.648599e-13   0.000000e+00   1.977369e-14   192
  2.925542e-01   7.266517e-13   3.746387e-09   5.907663e-14   144
  2.938691e-01   1.396681e-12   0.000000e+00   3.171173e-21   48
  2.947794e-01   5.003880e-13   3.189136e-04   4.203364e-14   246
  2.960164e-01   7.702851e-14   2.940434e-04   1.005880e-14   168
  2.971308e-01   5.679499e-14   5.506041e-09   4.555010e-15   120
  2.977788e-01   1.216239e-13   0.000000e+00   6.737633e-15   240
  2.990707e-01   2.340400e-13   3.973643e-09   0.000000e+00   24
  3.001001e-01   1.635247e-13   3.147475e-04   1.348351e-14   360
  3.013820e-01   2.683302e-13   3.134082e-04   1.511455e-14   120
  3.022763e-01   1.018155e-13   0.000000e+00   5.924082e-15   144
  3.029133e-01   2.875062e-13   0.000000e+00   1.480927e-14   96
  3.048165e-01   9.846065e-14   0.000000e+00   1.133816e-14   144
  3.054482e-01   3.300774e-13   0.000000e+00   1.482667e-14   132
  3.063360e-01   3.030683e-13   3.093292e-04   1.663599e-14   176
  3.076248e-01   3.343081e-13   3.123602e-04   1.237280e-14   312
  3.092116e-01   1.721738e-13   0.000000e+00   1.374997e-14   96
  3.098343e-01   3.008714e-13   0.000000e+00   1.168313e-14   144
  3.107899e-01   1.028298e-12   3.092271e-04   2.870457e-14   312
  3.123131e-01   4.352994e-13   0.000000e+00   0.000000e+00   48
  3.129297e-01   1.281192e-12   3.973643e-09   3.147373e-14   192
  3.141593e-01   8.578564e-13   0.000000e+00   0.000000e+00   6
  3.149762e-01   6.559011e-13   2.884066e-04   3.878007e-14   288
  3.162994e-01   1.045614e-12   3.047203e-04   4.700674e-14   192
  3.172124e-01   7.510709e-13   9.345130e-09   2.387437e-14   216
  3.178195e-01   1.129093e-12   0.000000e+00   5.149002e-14   72
  3.193321e-01   6.712260e-13   3.018264e-04   4.130187e-14   192
  3.203366e-01   4.738299e-13   2.241224e-04   2.871615e-14   288
  3.214381e-01   1.295989e-13   0.000000e+00   0.000000e+00   24
  3.222890e-01   4.461521e-13   2.952626e-04   1.226299e-14   456
  3.238280e-01   6.119019e-14   5.619580e-09   7.617785e-15   48
  3.247789e-01   7.955404e-14   2.908218e-04   5.264771e-15   240
  3.258718e-01   2.648677e-13   2.939082e-04   1.459796e-14   216
  3.267908e-01   1.175016e-13   0.000000e+00   6.287888e-15   72
  3.273801e-01   1.747251e-13   1.015467e-08   1.714141e-14   168
  3.290441e-01   7.178012e-14   2.184577e-04   2.741921e-15   288
  3.299773e-01   8.544363e-14   2.890570e-04   6.185104e-15   168
  3.314762e-01   6.599167e-14   0.000000e+00   5.119750e-15   192
  3.320572e-01   5.594790e-14   3.746387e-09   5.044533e-15   144
  3.332162e-01   9.698646e-13   0.000000e+00   6.124059e-14   36
  3.341991e-01   1.638941e-13   2.639705e-04   9.328178e-15   342
  3.351389e-01   1.063946e-13   2.710657e-04   5.795525e-15   144
  3.363470e-01   1.790826e-13   2.842800e-04   8.837475e-15   384
  3.378125e-01   6.460458e-14   7.786718e-09   2.832373e-15   120
  3.385379e-01   5.421320e-13   2.534951e-04   3.533493e-14   264
  3.395201e-01   5.065244e-13   1.256576e-08   2.369436e-14   192
  3.404451e-01   6.957665e-13   2.731894e-04   1.477870e-14   152
  3.412191e-01   9.807778e-13   7.492773e-09   2.776938e-14   144
  3.428472e-01   5.242062e-13   1.768108e-04   1.954649e-14   216
  3.436008e-01   6.193945e-13   2.362665e-04   1.681024e-14   312
  3.449274e-01   3.762336e-13   2.738281e-04   1.520785e-14   240
  3.457090e-01   5.617400e-13   3.973643e-09   5.793583e-15   96
  3.471927e-01   4.590229e-13   2.617995e-04   3.015713e-14   144
  3.481071e-01   4.787502e-13   2.573258e-04   1.726035e-14   456
  3.495904e-01   7.056849e-14   0.000000e+00   3.872097e-15   120
  3.501414e-01   3.515353e-13   0.000000e+00   2.088690e-14   144
  3.512407e-01   6.143226e-13   0.000000e+00   0.000000e+00   24
  3.519456e-01   4.202843e-13   2.473498e-04   1.619438e-14   336
  3.531645e-01   3.060894e-13   2.727931e-04   1.760315e-14   198
  3.543067e-01   1.456216e-13   2.652756e-04   4.345517e-15   432
  3.556041e-01   1.524043e-13   0.000000e+00   1.938135e-15   48
  3.562810e-01   2.107417e-13   2.341925e-04   1.100842e-14   384
  3.574963e-01   3.745245e-13   2.696052e-04   3.190187e-14   144
  3.585975e-01   8.084994e-14   2.676825e-04   3.586652e-15   264
  3.599147e-01   5.409710e-14   0.000000e+00   9.909915e-23   48
  3.607984e-01   1.151381e-13   2.545223e-04   9.900228e-15   276
  3.616510e-01   2.273976e-13   2.307176e-04   2.846102e-14   192
  3.627906e-01   1.906700e-13   2.592759e-04   1.542246e-14   552
  3.641741e-01   6.128498e-13   8.991328e-09   5.182250e-14   120
  3.649965e-01   4.169343e-14   2.624511e-04   4.146847e-15   216
  3.657587e-01   7.537118e-15   4.495664e-09   3.008254e-16   120
  3.671201e-01   4.538190e-13   2.584500e-04   2.779197e-14   408
  3.683844e-01   1.263255e-15   5.619580e-09   0.000000e+00   24
  3.691684e-01   2.183377e-13   2.610810e-04   1.179243e-14   384
  3.702633e-01   3.850097e-13   2.550855e-04   2.453416e-14   240
  3.712141e-01   4.414662e-13   2.569535e-04   2.186834e-14   168
  3.725471e-01   6.755036e-13   6.357829e-09   4.502731e-14   120
  3.734064e-01   2.307876e-13   2.678605e-04   1.158023e-14   350
  3.748037e-01   3.457569e-13   4.409502e-04   1.776521e-14   384
  3.756388e-01   1.261740e-13   0.000000e+00   6.934759e-15   144
  3.771752e-01   1.632388e-13   1.059638e-08   9.798354e-15   288
  3.779773e-01   5.298314e-14   2.524053e-04   2.841869e-15   336
  3.790686e-01   4.449139e-13   2.297941e-04   3.227401e-14   168
  3.797219e-01   8.994471e-14   4.541306e-09   5.780251e-15   336
  3.810732e-01   2.031000e-13   2.385126e-04   8.042264e-15   288
  3.818848e-01   2.248168e-13   2.247398e-04   1.722947e-14   264
  3.832590e-01   4.125056e-13   0.000000e+00   2.976573e-14   240
  3.837616e-01   1.483137e-13   7.947286e-09   1.379068e-14   96
  3.855656e-01   7.610992e-14   3.056310e-04   1.780001e-15   360
  3.864075e-01   1.817212e-13   2.253025e-04   2.247429e-14   168
  3.874713e-01   2.619572e-13   2.456032e-04   1.392341e-14   456
  3.887523e-01   4.108546e-13   7.064254e-09   1.433207e-14   108
  3.894728e-01   1.608858e-13   2.464311e-04   1.487929e-14   264
  3.903716e-01   2.011691e-13   2.198567e-04   1.011431e-14   264
  3.916025e-01   2.792388e-13   2.074668e-04   2.210428e-14   312
  3.931351e-01   1.286315e-13   1.541705e-04   1.454692e-14   270
  3.937775e-01   1.031299e-13   1.957388e-04   6.032753e-15   240
  3.949323e-01   2.187286e-13   2.421536e-04   1.261621e-14   384
  3.956334e-01   2.987215e-13   0.000000e+00   2.810356e-14   192
  3.969952e-01   2.110604e-13   1.942960e-04   3.029115e-14   240
  3.977852e-01   3.254996e-13   2.397927e-04   1.605735e-14   336
  3.992708e-01   2.016708e-13   2.413972e-04   7.952527e-15   480
  4.004761e-01   5.730915e-13   0.000000e+00   4.752675e-14   72
  4.011493e-01   3.313311e-13   2.353842e-04   1.617972e-14   240
  4.020650e-01   2.583453e-13   2.212289e-04   1.079985e-14   312
  4.031147e-01   2.621415e-13   2.390954e-04   1.736688e-14   240
  4.047009e-01   1.786623e-13   1.816506e-04   7.662756e-15   408
  4.053288e-01   1.862419e-13   1.663482e-04   1.434219e-14   336
  4.065560e-01   2.601297e-13   2.112212e-04   1.815389e-14   264
  4.071591e-01   1.756205e-13   0.000000e+00   9.765524e-15   144
  4.088370e-01   1.453682e-13   2.927651e-04   1.168332e-14   464
  4.097211e-01   8.143261e-14   2.328083e-04   2.896825e-15   168
  4.105939e-01   1.404684e-13   2.120376e-04   9.135467e-15   336
  4.121713e-01   1.777874e-13   2.227870e-04   8.843242e-15   414
  4.130606e-01   1.765296e-13   2.319080e-04   6.623731e-15   216
  4.141998e-01   1.986392e-13   5.619580e-09   2.515811e-14   96
  4.146649e-01   1.549535e-13   1.685874e-08   9.780056e-15   384
  4.162944e-01   2.048860e-13   2.314600e-04   9.379505e-15   492
  4.171676e-01   4.787039e-14   2.263480e-04   2.648710e-15   240
  4.181546e-01   3.928525e-14   2.298225e-04   2.563965e-15   312
  4.195176e-01   1.694279e-13   2.297469e-04   1.995972e-14   192
  4.203810e-01   2.291689e-13   2.226525e-04   1.656167e-14   504
  4.215265e-01   1.693322e-13   1.473998e-04   1.395237e-14   408
  4.224284e-01   6.312588e-14   4.515774e-04   6.210704e-15   168
  4.235571e-01   1.784755e-13   2.145032e-04   1.735764e-14   288
  4.245041e-01   1.846766e-13   2.238525e-04   9.974968e-15   288
  4.254743e-01   1.003213e-13   2.251410e-04   5.593522e-15   432
  4.268815e-01   9.742143e-14   2.129084e-04   1.016919e-14   216
  4.276334e-01   4.539312e-14   2.124592e-04   2.252842e-15   360
  4.289721e-01   1.329795e-13   2.073582e-04   9.276803e-15   312
  4.301803e-01   3.801051e-14   0.000000e+00   0.000000e+00   48
  4.308767e-01   1.798813e-13   2.223178e-04   9.659346e-15   432
  4.321240e-01   3.859359e-13   3.708284e-04   3.271993e-14   414
  4.328606e-01   2.761635e-13   1.956255e-08   2.120201e-14   312
  4.342347e-01   1.771435e-13   3.253813e-04   6.564555e-15   528
  4.351620e-01   4.125858e-13   1.707976e-04   5.624035e-14   264
  4.362761e-01   5.700269e-13   2.025191e-04   5.606516e-14   480
  4.377318e-01   6.436864e-13   0.000000e+00   7.441694e-14   288
  4.383604e-01   5.556071e-13   2.176005e-04   4.056702e-14   168
  4.395105e-01   1.885062e-13   3.444610e-04   1.172809e-14   504
  4.408036e-01   1.734223e-13   7.492773e-09   1.461949e-15   144
  4.416171e-01   1.661848e-13   2.212265e-04   1.183966e-14   464
  4.428396e-01   9.164920e-14   3.246624e-04   7.952792e-15   432
  4.434197e-01   6.947897e-14   5.619580e-09   8.183803e-15   192
  4.449189e-01   9.229603e-14   2.406833e-04   6.634636e-15   396
  4.458042e-01   1.191728e-13   2.162000e-04   7.986895e-15   288
  4.466990e-01   1.121099e-13   2.135686e-04   5.433067e-15   336
  4.481283e-01   7.606354e-14   1.352359e-04   5.817369e-15   432
  4.490354e-01   1.245855e-13   3.505126e-04   5.871794e-15   360
  4.500539e-01   7.957945e-14   2.073334e-04   6.064719e-15   384
  4.515004e-01   5.371309e-13   1.830116e-04   2.604967e-14   198
  4.521974e-01   4.708416e-13   2.080246e-04   4.166460e-14   552
  4.534970e-01   9.386669e-13   2.912202e-04   9.600196e-14   432
  4.545821e-01   4.884785e-14   0.000000e+00   2.616590e-15   168
  4.554927e-01   2.384274e-13   3.610065e-04   1.955496e-14   480
  4.566974e-01   3.545189e-14   0.000000e+00   2.384838e-15   120
  4.572396e-01   1.967912e-13   2.948545e-04   1.598674e-14   336
  4.585628e-01   1.627119e-13   2.080152e-04   7.907282e-15   672
  4.598711e-01   1.821416e-13   3.025866e-04   9.756640e-15   528
  4.604805e-01   6.508973e-14   9.082613e-09   3.282581e-15   168
  4.618883e-01   2.870480e-14   3.375333e-04   1.971648e-15   456
  4.627474e-01   1.130035e-13   2.061344e-04   1.138173e-14   168
  4.636392e-01   2.812946e-13   2.057643e-04   1.215899e-14   504
  4.651216e-01   1.467036e-13   2.647872e-04   1.129526e-14   336
  4.660180e-01   2.096821e-13   1.908802e-04   1.272282e-14   312
  4.670124e-01   2.602779e-13   1.865029e-04   1.863781e-14   504
  4.683210e-01   2.277778e-13   1.294009e-04   1.609859e-14   432
  4.689362e-01   9.454165e-14   1.999672e-04   5.393752e-15   312
  4.702151e-01   5.627016e-14   2.049761e-04   2.879286e-15   384
  4.715504e-01   2.089514e-11   1.741510e-04   3.887160e-12   126
  4.723748e-01   7.380580e-13   3.057676e-04   1.094410e-13   492
  4.734278e-01   4.894294e-13   1.958445e-04   5.926813e-14   528
  4.747438e-01   6.176801e-13   1.989360e-04   7.695156e-14   480
  4.755596e-01   3.704067e-13   2.748289e-04   4.470803e-14   432
  4.767402e-01   4.826151e-14   2.161166e-04   3.771732e-15   440
  4.781114e-01   2.076441e-13   1.074739e-04   1.183766e-14   312
  4.786259e-01   9.226005e-14   1.610586e-04   6.470202e-15   480
  4.796813e-01   1.763013e-13   3.153497e-04   1.239060e-14   408
  4.812233e-01   1.283736e-13   1.888588e-04   9.613726e-15   360
  4.818747e-01   1.358522e-13   1.822418e-04   9.024784e-15   408
  4.830820e-01   5.739311e-14   1.854542e-04   4.359683e-15   456
  4.844414e-01   5.381269e-14   1.772485e-04   2.819577e-15   264
  4.851959e-01   6.888172e-14   1.923591e-04   3.208185e-15   384
  4.862943e-01   9.322646e-14   3.238501e-04   4.131466e-15   672
  4.875640e-01   1.092527e-13   1.937042e-04   5.852273e-15   240
  4.882967e-01   1.014285e-13   1.965613e-04   6.853119e-15   264
  4.893308e-01   1.364022e-13   2.424259e-04   5.475917e-15   624
  4.908739e-01   2.704683e-11   0.000000e+00   1.084194e-11   150
  4.914232e-01   1.691321e-11   2.716574e-04   2.566674e-12   600
  4.925819e-01   4.139770e-13   1.874909e-04   5.951483e-14   672
  4.938939e-01   1.887221e-13   1.763484e-04   2.398198e-14   336
  4.946248e-01   7.335774e-13   1.918157e-04   7.825874e-14   408
  4.957926e-01   1.291519e-13   1.913639e-04   8.994884e-15   408
  4.970915e-01   2.153090e-13   9.676385e-05   1.461105e-14   360
  4.978921e-01   1.857906e-13   3.552857e-04   1.712977e-14   456
  4.988592e-01   1.646295e-13   1.932065e-04   1.455712e-14   384
  5.000902e-01   7.534953e-14   1.783541e-04   3.855073e-15   348
  5.007554e-01   2.188460e-13   2.198754e-04   1.241206e-14   576
  5.020050e-01   1.282642e-13   1.810385e-04   9.565606e-15   504
  5.032833e-01   5.121325e-14   2.553443e-04   4.851407e-15   432
  5.043991e-01   7.264484e-14   3.473946e-04   3.676780e-15   576
  5.051948e-01   1.064579e-13   0.000000e+00   7.062797e-15   264
  5.064571e-01   1.206951e-13   2.764393e-04   4.192960e-15   768
  5.075549e-01   2.570578e-14   3.721752e-04   1.838046e-15   240
  5.084277e-01   4.972633e-14   3.282233e-04   5.311788e-15   192
  5.096990e-01   6.145669e-14   2.416124e-04   4.241537e-15   504
  5.106418e-01   1.375825e-11   3.255818e-04   2.650590e-12   590
  5.115460e-01   5.870119e-12   3.647966e-04   1.108876e-12   384
  5.126798e-01   1.425443e-13   3.048625e-04   4.502467e-15   504
  5.140486e-01   7.128817e-13   2.933830e-04   5.973751e-14   648
  5.153764e-01   2.474098e-13   7.967896e-05   1.759193e-14   504
  5.159117e-01   1.589248e-13   1.817627e-04   7.719485e-15   312
  5.168569e-01   1.315810e-13   2.618753e-04   5.212481e-15   576
  5.181545e-01   1.121480e-13   1.822405e-04   8.261898e-15   240
  5.189109e-01   7.193936e-14   1.841453e-04   3.123413e-15   552
  5.199816e-01   1.484108e-13   1.729082e-04   7.390744e-15   600
  5.215067e-01   8.231570e-14   2.111937e-04   3.919447e-15   600
  5.224237e-01   9.450876e-14   3.382099e-04   7.808301e-15   312
  5.233368e-01   1.992156e-13   2.945474e-04   1.350771e-14   480
  5.244775e-01   7.827376e-14   1.837693e-04   4.497435e-15   576
  5.254818e-01   8.454561e-14   2.959085e-04   5.523000e-15   408
  5.263729e-01   7.948586e-14   3.451909e-04   2.952328e-15   216
  5.275243e-01   9.679999e-14   2.643774e-04   5.945240e-15   516
  5.287578e-01   1.328898e-13   2.522429e-04   5.719440e-15   744
  5.300304e-01   5.107855e-13   1.684760e-04   1.476868e-13   462
  5.307494e-01   5.181197e-13   1.712315e-04   8.358652e-14   432
  5.318647e-01   5.228076e-13   1.588547e-04   5.076782e-14   648
  5.331761e-01   3.902187e-13   2.324340e-04   4.893482e-14   528
  5.342295e-01   2.465348e-13   2.799086e-04   2.048448e-14   600
  5.352820e-01   1.022444e-13   3.528915e-04   7.444447e-15   240
  5.363014e-01   1.201316e-13   2.703115e-04   9.613436e-15   720
  5.374863e-01   1.499599e-13   2.138653e-04   6.208327e-15   720
  5.387997e-01   6.047607e-14   0.000000e+00   4.703023e-15   144
  5.394909e-01   1.169454e-13   2.757364e-04   4.165098e-15   720
  5.404742e-01   5.093708e-14   1.653370e-04   1.956891e-15   384
  5.417051e-01   9.298473e-14   1.832848e-04   6.418249e-15   672
  5.428730e-01   1.811845e-13   3.209115e-04   1.515892e-14   336
  5.434308e-01   1.299993e-13   0.000000e+00   9.199687e-15   288
  5.447967e-01   2.304421e-14   2.539800e-04   1.070761e-15   776
  5.460612e-01   4.351584e-14   2.173184e-04   2.780752e-15   720
  5.471231e-01   4.342743e-14   1.750659e-04   1.885322e-15   432
  5.479725e-01   8.736340e-14   2.495786e-04   5.685972e-15   504
  5.489174e-01   1.226992e-13   1.748652e-04   6.807147e-15   528
  5.502396e-01   1.017407e-12   2.382437e-04   1.275097e-13   438
  5.513273e-01   3.352626e-13   2.772938e-04   3.502487e-14   624
  5.521470e-01   1.741662e-13   3.396475e-04   1.516732e-14   312
  5.532738e-01   1.435786e-13   1.829935e-04   6.633166e-15   696
  5.544390e-01   2.517938e-13   1.655760e-04   2.127170e-14   552
  5.556509e-01   1.924376e-13   1.281006e-04   1.496319e-14   516
  5.564006e-01   2.633031e-13   2.558713e-04   2.018533e-14   528
  5.573133e-01   3.929766e-14   1.664001e-04   1.598969e-15   528
  5.586097e-01   4.726090e-14   2.194479e-04   2.142926e-15   864
  5.594897e-01   1.372877e-13   3.005985e-04   8.638565e-15   408
  5.603706e-01   1.209744e-13   2.978186e-04   5.038467e-15   192
  5.616191e-01   1.360933e-13   2.464592e-04   4.611266e-15   720
  5.626731e-01   8.933795e-14   2.272475e-04   4.677505e-15   696
  5.639255e-01   6.117969e-14   2.454294e-04   2.758514e-15   720
  5.650713e-01   8.558795e-14   3.326501e-04   4.195860e-15   432
  5.657395e-01   1.134030e-13   1.958109e-04   4.881808e-15   264
  5.669418e-01   1.612061e-13   2.704061e-04   5.624435e-15   672
  5.680171e-01   1.043405e-13   2.768544e-04   5.724484e-15   600
  5.692933e-01   9.165284e-14   1.620980e-04   9.432538e-15   270
  5.699366e-01   7.224357e-14   2.440026e-04   3.865491e-15   528
  5.709591e-01   1.018238e-13   1.670843e-04   4.672513e-15   840
  5.723613e-01   1.702931e-13   3.194952e-04   1.160437e-14   888
  5.736568e-01   7.375543e-14   2.380474e-04   3.232509e-15   744
  5.747517e-01   1.225843e-13   1.223216e-04   1.393687e-14   456
  5.752963e-01   1.100769e-13   1.671601e-04   6.951781e-15   360
  5.762282e-01   7.687833e-14   1.448348e-04   6.879807e-15   384
  5.776580e-01   1.208741e-13   2.323137e-04   4.863483e-15   816
  5.787308e-01   1.100435e-13   3.370546e-04   7.268089e-15   824
  5.800348e-01   9.182631e-14   1.566791e-04   5.922176e-15   360
  5.807331e-01   6.702213e-14   2.311994e-04   2.208677e-15   624
  5.816941e-01   5.295384e-14   1.562320e-04   2.619000e-15   360
  5.829744e-01   9.419049e-14   2.125215e-04   3.431499e-15   876
  5.841306e-01   5.612843e-14   2.524119e-04   2.593907e-15   696
  5.852967e-01   8.336492e-14   1.629911e-04   5.017819e-15   336
  5.859080e-01   7.703601e-14   1.628079e-04   3.478891e-15   504
  5.869176e-01   6.076555e-14   1.642187e-04   3.100122e-15   672
  5.884155e-01   3.423491e-14   3.269213e-04   2.371873e-15   720
  5.894543e-01   1.730860e-13   2.469541e-04   1.630743e-14   774
  5.906010e-01   1.399748e-13   1.413501e-04   1.140153e-14   384
  5.912015e-01   4.330903e-14   2.720183e-04   2.779798e-15   528
  5.921335e-01   1.001757e-13   2.592486e-04   4.965836e-15   744
  5.936327e-01   5.018004e-14   2.138251e-04   3.419778e-15   768
  5.946281e-01   1.583907e-13   2.400348e-04   1.255301e-14   552
  5.958700e-01   1.079288e-13   2.616108e-04   8.501109e-15   696
  5.967938e-01   1.938000e-13   3.179026e-04   9.878690e-15   408
  5.975272e-01   2.355930e-13   1.373364e-04   2.255050e-14   504
  5.986899e-01   3.359099e-14   2.467198e-04   1.547662e-15   888
  5.998339e-01   9.480796e-14   2.564132e-04   4.873551e-15   648
  6.010230e-01   6.700558e-14   2.542153e-04   2.397982e-15   648
  6.021418e-01   2.980470e-14   2.741064e-04   1.644920e-15   792
  6.033268e-01   6.695369e-14   4.010364e-04   4.513897e-15   600
  6.042000e-01   3.637985e-14   2.717856e-04   1.278182e-15   456
  6.051191e-01   6.076681e-14   1.324567e-04   2.650645e-15   648
  6.062996e-01   5.722068e-14   2.583099e-04   2.384351e-15   936
  6.075741e-01   5.122567e-14   1.586356e-04   2.667608e-15   384
  6.086836e-01   8.498522e-14   1.334798e-08   6.934963e-15   198
  6.095398e-01   1.198375e-13   4.024720e-04   5.075815e-15   1224
  6.104634e-01   5.299362e-14   2.931235e-04   2.415752e-15   420
  6.115558e-01   6.653885e-14   2.836822e-04   3.065889e-15   792
  6.126238e-01   9.077131e-14   2.345810e-04   4.716067e-15   680
  6.138428e-01   4.474323e-14   2.154033e-04   1.512446e-15   600
  6.148235e-01   9.807930e-14   3.123938e-04   3.914467e-15   840
  6.161330e-01   5.770280e-14   1.474979e-04   2.868978e-15   432
  6.166334e-01   6.293699e-14   1.382249e-04   2.409376e-15   720
  6.177213e-01   6.700789e-14   2.768404e-04   2.696799e-15   960
  6.190745e-01   5.675163e-14   2.467829e-04   3.015316e-15   528
  6.200634e-01   5.456580e-14   2.522592e-04   2.656080e-15   624
  6.212404e-01   8.757820e-14   1.982740e-04   3.451246e-15   816
  6.224086e-01   4.874969e-14   3.260658e-04   2.101900e-15   696
  6.236996e-01   1.023962e-13   2.202416e-08   6.643160e-15   240
  6.241851e-01   6.857535e-14   1.922888e-04   2.988244e-15   672
  6.252686e-01   5.551344e-14   3.436476e-04   2.960757e-15   864
  6.264840e-01   1.009995e-13   2.636938e-04   3.576651e-15   816
  6.275795e-01   5.724480e-14   1.509292e-04   2.785225e-15   648
  6.287594e-01   2.016716e-13   1.542771e-04   1.039330e-14   843
  6.297611e-01   1.201876e-13   2.775825e-04   9.172151e-15   780
  6.309548e-01   3.724752e-14   1.489456e-04   2.702717e-15   216
  6.316911e-01   9.011708e-14   3.591661e-04   4.048527e-15   1056
  6.328235e-01   1.241279e-13   2.938382e-04   1.322861e-14   228
  6.338720e-01   9.435063e-14   3.658358e-04   3.860934e-15   924
  6.349484e-01   8.963355e-14   1.357046e-04   5.294418e-15   696
  6.360882e-01   7.763045e-14   2.415153e-04   3.016129e-15   996
  6.372543e-01   8.365923e-14   1.425858e-04   6.686037e-15   576
  6.384675e-01   7.346704e-14   2.200718e-04   4.548927e-15   552
  6.393519e-01   4.471890e-14   2.627580e-04   3.032224e-15   516
  6.402494e-01   8.347103e-14   3.821047e-04   4.095467e-15   744
  6.412749e-01   3.022451e-14   1.874451e-04   2.042377e-15   576
  6.421669e-01   2.148667e-14   1.929285e-04   1.791285e-15   792
  6.434346e-01   5.283009e-14   2.205530e-04   2.509303e-15   792
  6.443636e-01   4.221211e-14   2.378641e-04   1.533078e-15   720
  6.456200e-01   5.853201e-14   2.711104e-04   3.501903e-15   656
  6.467974e-01   6.972144e-14   2.960385e-04   3.417143e-15   816
  6.480043e-01   6.669956e-14   1.596190e-04   3.712832e-15   492
  6.486903e-01   6.736842e-14   2.296231e-04   3.893529e-15   552
  6.499778e-01   3.654332e-14   3.992867e-04   1.566378e-15   780
  6.508139e-01   1.977875e-14   2.452771e-04   9.527284e-16   528
  6.517148e-01   5.786520e-14   2.863130e-04   2.858265e-15   600
  6.530425e-01   6.314529e-14   2.379487e-04   2.974086e-15   900
  6.539577e-01   1.379989e-13   1.317325e-04   1.120978e-14   696
  6.552168e-01   9.387451e-14   3.330907e-04   6.763806e-15   696
  6.564349e-01   2.853229e-14   1.351317e-04   1.107771e-15   552
  6.574592e-01   5.236137e-14   1.571457e-04   2.854087e-15   708
  6.585322e-01   6.695716e-14   2.594565e-04   2.032167e-15   876
  6.596487e-01   7.704325e-14   1.377663e-04   4.148575e-15   216
  6.603980e-01   8.918454e-14   3.768094e-04   5.128975e-15   1032
  6.615201e-01   3.317558e-14   4.195357e-04   3.032206e-15   600
  6.626848e-01   6.684948e-14   2.001869e-04   3.849110e-15   600
  6.635732e-01   4.068416e-14   3.535112e-04   2.279046e-15   528
  6.646233e-01   8.447230e-14   1.940622e-04   4.946596e-15   732
  6.657296e-01   1.090344e-13   1.432973e-04   1.332433e-14   336
  6.670031e-01   8.587848e-14   2.042271e-04   4.351502e-15   912
  6.679548e-01   8.056208e-14   2.049821e-04   2.719944e-15   624
  6.689946e-01   7.649015e-14   1.727341e-04   6.048508e-15   768
  6.702082e-01   7.182976e-14   3.116463e-04   3.651616e-15   792
  6.713995e-01   4.842754e-14   1.545014e-04   1.873518e-15   660
  6.722471e-01   1.175553e-13   2.276826e-04   5.915642e-15   504
  6.731238e-01   2.299926e-14   3.719898e-04   1.113823e-15   480
  6.744376e-01   9.712808e-14   3.440421e-04   4.528776e-15   912
  6.754664e-01   1.284101e-13   3.831443e-04   6.514940e-15   432
  6.764380e-01   6.650553e-14   2.275021e-04   3.010676e-15   564
  6.773006e-01   6.205225e-14   2.177508e-04   2.657062e-15   600
  6.785149e-01   9.775841e-14   3.035240e-04   3.464430e-15   876
  6.794272e-01   6.379646e-14   1.364735e-04   5.519555e-15   264
  6.806846e-01   7.899949e-14   2.648123e-04   3.356738e-15   560
  6.816953e-01   4.670689e-14   1.799457e-04   1.832495e-15   840
  6.829222e-01   7.071217e-14   2.774244e-04   3.396806e-15   1008
  6.840568e-01   2.631937e-14   1.241010e-04   1.347680e-15   456
  6.850930e-01   8.221051e-14   1.607553e-04   7.724656e-15   576
  6.860509e-01   9.087515e-14   2.470177e-04   4.704403e-15   612
  6.873140e-01   3.742978e-14   2.206269e-04   1.301055e-15   780
  6.883444e-01   8.784305e-14   2.528284e-04   6.740977e-15   648
  6.893992e-01   1.175792e-13   1.178213e-04   1.893891e-14   312
  6.900734e-01   6.410854e-14   2.993645e-04   4.729907e-15   528
  6.912414e-01   2.870546e-14   3.909551e-04   1.172320e-15   720
  6.923583e-01   1.305103e-13   3.921794e-04   1.293571e-14   576
  6.937124e-01   7.169380e-14   3.383053e-04   7.724155e-15   444
  6.945549e-01   7.132207e-14   3.317685e-04   3.229301e-15   996
  6.955874e-01   8.994855e-14   2.771265e-04   5.580021e-15   432
  6.965633e-01   1.086605e-13   3.033990e-04   1.243838e-14   504
  6.974062e-01   4.012998e-14   1.367883e-04   3.432743e-15   504
  6.986065e-01   1.213860e-13   2.692009e-04   8.328302e-15   876
  6.996926e-01   6.835048e-14   3.098246e-04   3.147453e-15   504
  7.008236e-01   8.337225e-14   1.975899e-04   3.640715e-15   696
  7.017583e-01   1.982484e-14   1.689187e-04   1.343496e-15   492
  7.030300e-01   2.779349e-14   2.418152e-04   2.210624e-15   432
  7.039719e-01   5.676290e-14   2.264335e-04   2.211237e-15   768
  7.050885e-01   6.118342e-14   2.820533e-04   2.404865e-15   648
  7.061547e-01   8.879547e-14   1.840095e-04   5.479413e-15   456
  7.073798e-01   9.529027e-14   2.530430e-04   4.185416e-15   552
  7.082306e-01   9.693629e-14   1.734358e-04   4.216482e-15   648
  7.094016e-01   3.629340e-14   2.826907e-04   1.802726e-15   840
  7.105454e-01   3.891615e-14   1.348092e-04   1.413346e-15   432
  7.116906e-01   1.124177e-13   1.651183e-04   5.018915e-15   600
  7.124870e-01   2.857048e-14   1.759227e-04   1.275846e-15   432
  7.138248e-01   6.237910e-14   1.751482e-04   4.580725e-15   560
  7.147308e-01   7.675669e-14   2.772412e-04   3.161945e-15   840
  7.158652e-01   4.646439e-14   1.642140e-04   2.695989e-15   504
  7.167662e-01   2.538897e-14   3.351509e-04   1.386059e-15   696
  7.180362e-01   4.011937e-14   1.830475e-04   5.164062e-15   384
  7.190254e-01   7.158807e-14   2.681431e-04   4.522105e-15   576
  7.202219e-01   5.430762e-14   1.654845e-04   3.262832e-15   360
  7.211864e-01   4.737517e-14   2.464465e-04   2.434202e-15   828
  7.222268e-01   7.244959e-14   2.195064e-04   1.066274e-14   372
  7.231800e-01   3.820062e-14   3.352284e-04   2.190024e-15   576
  7.244428e-01   7.179010e-14   1.403933e-04   4.032519e-15   636
  7.253425e-01   4.317601e-14   2.706420e-04   1.715400e-15   648
  7.265596e-01   4.003084e-14   2.200024e-04   2.323020e-15   576
  7.274333e-01   6.905316e-14   3.548870e-04   8.183892e-15   528
  7.285953e-01   2.954276e-14   1.517289e-04   2.722434e-15   360
  7.295571e-01   4.503230e-14   3.490332e-04   2.573138e-15   672
  7.308130e-01   3.741331e-14   1.787806e-04   1.466551e-15   804
  7.318582e-01   3.838792e-14   1.972163e-04   1.409739e-15   408
  7.330145e-01   9.828161e-14   1.219011e-04   8.479478e-15   384
  7.337931e-01   2.319548e-14   2.789567e-04   1.721885e-15   480
  7.348913e-01   4.894966e-14   1.802469e-04   3.185916e-15   432
  7.359446e-01   5.437456e-14   3.321566e-04   3.342099e-15   648
  7.371913e-01   2.944904e-14   2.061016e-04   1.356965e-15   624
  7.381033e-01   5.156412e-14   1.874668e-04   1.809240e-15   456
  7.393486e-01   4.518819e-14   2.560963e-04   2.158270e-15   588
  7.401831e-01   8.310777e-14   1.633884e-04   3.255101e-15   600
  7.414016e-01   5.124412e-14   2.548458e-04   2.998235e-15   708
  7.423640e-01   7.375950e-14   1.605479e-04   5.924961e-15   360
  7.434275e-01   5.743026e-14   1.845541e-04   5.049819e-15   552
  7.444470e-01   8.015998e-14   1.294691e-04   4.484678e-15   288
  7.454820e-01   3.915939e-14   2.434372e-04   2.476593e-15   528
  7.464545e-01   4.310906e-14   1.642340e-04   1.999420e-15   456
  7.475410e-01   6.233202e-14   2.912225e-04   2.063208e-15   608
  7.486338e-01   5.094518e-14   1.408967e-04   2.897739e-15   504
  7.498278e-01   7.613874e-14   3.024972e-04   4.075105e-15   540
  7.507642e-01   6.448393e-14   3.247222e-04   2.914640e-15   360
  7.517735e-01   5.731761e-14   1.470509e-04   2.942483e-15   540
  7.526661e-01   6.514161e-14   1.262606e-04   3.699777e-15   576
  7.539642e-01   6.403336e-14   2.927555e-04   3.984202e-15   588
  7.551985e-01   3.456173e-14   4.039143e-04   2.194436e-15   672
  7.562588e-01   7.053867e-14   3.087151e-04   7.316485e-15   552
  7.571135e-01   1.081632e-13   3.088712e-04   6.739585e-15   144
  7.582042e-01   6.257273e-14   2.624178e-04   3.977589e-15   600
  7.592383e-01   4.842257e-14   3.288668e-04   1.941908e-15   504
  7.603860e-01   9.010435e-14   3.378126e-04   1.251350e-14   336
  7.615932e-01   8.126623e-14   3.797028e-04   5.169293e-15   600
  7.626744e-01   3.398118e-14   2.450478e-04   3.144412e-15   636
  7.638413e-01   7.182329e-14   1.970206e-04   4.431126e-15   384
  7.646595e-01   5.170203e-14   2.748205e-04   5.416514e-15   504
  7.658387e-01   6.715122e-14   1.153383e-04   4.249711e-15   240
  7.667694e-01   2.845726e-14   2.709461e-04   1.097184e-15   744
  7.678860e-01   3.559686e-14   1.850150e-04   1.321218e-15   648
  7.688783e-01   8.271141e-14   1.228185e-04   4.737911e-15   120
  7.700414e-01   4.397065e-14   1.929319e-04   1.572325e-15   564
  7.709202e-01   4.957441e-14   3.030111e-04   3.310273e-15   432
  7.720932e-01   5.748140e-14   2.351965e-04   3.720084e-15   480
  7.729764e-01   3.616466e-14   1.731106e-04   3.685590e-15   456
  7.740189e-01   5.116918e-14   2.864725e-04   2.345154e-15   444
  7.752020e-01   6.193069e-14   4.383180e-04   2.577538e-15   528
  7.762412e-01   4.248555e-14   3.255297e-04   2.416652e-15   264
  7.772498e-01   3.733991e-14   3.336195e-04   2.463786e-15   444
  7.786065e-01   5.796686e-14   3.654311e-04   2.061169e-15   696
  7.797327e-01   4.005737e-14   1.954448e-04   2.101746e-15   384
  7.805563e-01   5.906996e-14   2.469609e-04   1.907882e-15   432
  7.818373e-01   4.717796e-14   1.706384e-04   1.409270e-15   488
  7.826690e-01   6.403115e-14   2.571733e-04   4.752180e-15   480
  7.838749e-01   3.797691e-14   2.868014e-04   3.703225e-15   480
  7.848089e-01   3.129547e-14   1.203331e-04   3.376435e-15   240
  7.858692e-01   4.367331e-14   2.810886e-04   2.753142e-15   600
  7.868694e-01   4.018247e-14   2.449399e-04   1.752315e-15   288
  7.879343e-01   4.433832e-14   2.356143e-04   2.686551e-15   480
  7.890129e-01   3.065645e-14   4.191157e-04   1.252759e-15   504
  7.900748e-01   4.903220e-14   1.798267e-04   3.648846e-15   216
  7.914291e-01   4.426803e-14   2.944050e-04   1.867912e-15   504
  7.924838e-01   3.640982e-14   2.367912e-04   3.193428e-15   456
  7.936384e-01   4.678961e-14   1.358038e-04   3.056477e-15   384
  7.944031e-01   5.417644e-14   2.756326e-04   3.079871e-15   480
  7.954897e-01   4.624869e-14   2.420363e-04   2.207896e-15   504
  7.964966e-01   3.910434e-14   1.535327e-04   2.848105e-15   312
  7.975815e-01   4.949484e-14   2.474127e-04   2.112470e-15   492
  7.985417e-01   2.632761e-14   2.318919e-04   1.096369e-15   312
  7.997779e-01   2.757671e-14   3.766899e-04   1.147747e-15   576
  8.008661e-01   3.529334e-14   3.477153e-04   3.316044e-15   336
  8.017699e-01   3.719109e-14   2.677247e-04   1.921793e-15   240
  8.030228e-01   7.496480e-14   3.549351e-04   6.795051e-15   468
  8.041047e-01   3.439634e-14   2.222407e-04   1.798651e-15   192
  8.052370e-01   3.639483e-14   2.229031e-04   2.359004e-15   324
  8.060669e-01   4.659657e-14   1.617794e-04   3.354077e-15   600
  8.071978e-01   6.032819e-14   2.624704e-04   2.883918e-15   456
  8.080377e-01   5.185993e-14   1.180592e-04   3.040668e-15   336
  8.094297e-01   4.467839e-14   3.535027e-04   2.581530e-15   612
  8.104424e-01   2.783991e-14   2.966749e-04   2.152232e-15   144
  8.114002e-01   2.499784e-14   3.462957e-04   2.597417e-15   552
  8.127025e-01   4.691740e-14   1.363755e-04   4.264070e-15   264
  8.134384e-01   5.079926e-14   3.157441e-04   2.216190e-15   336
  8.145992e-01   2.809492e-14   2.086329e-04   1.884634e-15   384
  8.156059e-01   9.620351e-15   1.174397e-04   4.027551e-16   216
  8.167203e-01   2.364456e-14   2.489964e-04   1.401765e-15   344
  8.177364e-01   3.284108e-14   3.715143e-04   3.356457e-15   408
  8.189746e-01   6.294020e-14   2.854845e-04   3.649160e-15   264
  8.200718e-01   4.062017e-14   3.979796e-04   2.174149e-15   612
  8.211681e-01   4.705858e-14   2.048307e-04   4.251913e-15   408
  8.222956e-01   3.215070e-14   2.051251e-04   2.291546e-15   444
  8.231239e-01   5.466095e-14   1.147249e-04   9.216453e-15   120
  8.242338e-01   1.245534e-13   3.169640e-04   1.618894e-14   336
  8.250576e-01   1.807227e-14   1.101437e-04   1.640728e-15   288
  8.261708e-01   3.235932e-14   3.427692e-04   1.507023e-15   552
  8.277012e-01   3.099702e-14   1.835347e-08   6.548809e-16   72
  8.284882e-01   4.209951e-14   3.404572e-04   3.001409e-15   504
  8.294074e-01   5.193682e-14   1.095558e-04   2.919327e-15   216
  8.305983e-01   1.640223e-14   1.956043e-04   1.137704e-15   312
  8.316675e-01   4.221222e-14   2.227263e-04   3.269579e-15   336
  8.326865e-01   2.127555e-14   3.087236e-04   3.239157e-15   204
  8.337014e-01   1.975998e-14   3.587838e-04   2.006306e-15   504
  8.347777e-01   3.373519e-14   3.416652e-04   2.947622e-15   396
  8.358127e-01   7.653259e-14   3.133249e-04   5.809603e-15   312
  8.370674e-01   8.800090e-14   1.914750e-04   8.057256e-15   216
  8.379516e-01   9.884109e-15   1.039172e-04   6.128022e-16   168
  8.390260e-01   3.451343e-14   2.623966e-04   1.592485e-15   588
  8.402521e-01   8.650669e-14   3.561727e-04   7.556563e-15   240
  8.412047e-01   2.795483e-14   3.145601e-04   1.466088e-15   264
  8.423219e-01   3.973833e-14   3.890183e-04   3.258052e-15   288
  8.433131e-01   2.369997e-14   1.942596e-04   1.581386e-15   288
  8.445693e-01   2.809387e-14   1.824406e-04   1.807422e-15   288
  8.454153e-01   5.152147e-14   2.113423e-04   5.930333e-15   192
  8.464795e-01   7.884828e-14   2.248894e-04   4.605805e-15   264
  8.474933e-01   5.346798e-14   3.699119e-04   4.465249e-15   372
  8.485844e-01   6.008042e-14   3.995208e-04   4.422396e-15   360
  8.499161e-01   1.881259e-13   1.690810e-04   1.502789e-14   144
  8.506044e-01   7.630364e-15   2.348461e-04   4.490532e-16   296
  8.516909e-01   7.629309e-14   2.530345e-04   8.166730e-15   288
  8.529347e-01   2.455633e-14   3.781537e-04   1.676034e-15   480
  8.540076e-01   2.885621e-14   3.142096e-04   3.197752e-15   192
  8.550509e-01   1.180992e-14   3.370327e-04   1.081919e-15   192
  8.559992e-01   4.208857e-14   2.147949e-04   5.288650e-15   288
  8.573180e-01   4.756892e-14   1.869760e-04   9.536168e-15   108
  8.579823e-01   1.460086e-14   1.797545e-04   1.117548e-15   240
  8.591554e-01   1.875484e-14   3.353363e-04   1.474811e-15   384
  8.603605e-01   1.315144e-14   4.090723e-04   1.066527e-15   108
  8.614261e-01   5.240764e-14   2.398466e-04   4.465110e-15   348
  8.625466e-01   6.573348e-14   2.503134e-04   5.201054e-15   312
  8.635474e-01   3.231398e-14   2.432319e-04   2.596005e-15   96
  8.644677e-01   1.883476e-14   3.238194e-04   1.371700e-15   384
  8.654984e-01   1.598427e-14   2.227222e-04   1.401545e-15   144
  8.665066e-01   3.210765e-14   3.422225e-04   1.505119e-15   408
  8.677598e-01   5.650995e-14   1.526554e-04   6.625890e-15   144
  8.689437e-01   6.787054e-14   2.934816e-04   6.562212e-15   192
  8.696459e-01   2.538632e-14   3.303190e-04   3.414767e-15   144
  8.707904e-01   1.452127e-14   2.685615e-04   1.739415e-15   144
  8.718702e-01   5.154693e-14   3.282257e-04   4.231028e-15   336
  8.731927e-01   1.466158e-14   2.428454e-04   1.173142e-15   240
  8.740312e-01   4.243429e-14   1.102739e-04   4.351600e-15   96
  8.752007e-01   4.615597e-14   3.233803e-04   4.566041e-15   372
  8.763838e-01   3.366484e-14   3.846540e-04   3.073858e-15   132
  8.774230e-01   1.475915e-14   2.380193e-04   1.208545e-15   264
  8.783527e-01   1.025458e-14   1.827880e-04   1.139850e-15   168
  8.793449e-01   1.128092e-13   2.922429e-04   1.265219e-14   216
  8.802213e-01   1.546830e-14   1.787978e-04   1.490701e-15   216
  8.814979e-01   1.519148e-14   3.280196e-04   6.905719e-16   96
  8.826561e-01   2.741170e-14   2.140028e-04   2.415759e-15   120
  8.837183e-01   2.839709e-14   2.720578e-04   4.456377e-15   216
  8.845934e-01   4.274320e-15   1.188902e-04   1.895533e-16   200
  8.857519e-01   2.169540e-14   3.077557e-04   9.799909e-16   288
  8.872378e-01   1.818999e-14   8.097649e-05   8.830921e-16   144
  8.878635e-01   5.508466e-14   2.519939e-04   6.659653e-15   168
  8.891412e-01   1.896287e-13   2.835956e-04   5.306326e-14   159
  8.901386e-01   6.329972e-14   2.975600e-04   1.425470e-14   174
  8.911039e-01   4.288373e-14   2.698170e-04   4.641711e-15   144
  8.923678e-01   2.540230e-14   1.557998e-04   5.941052e-15   222
  8.932131e-01   1.593891e-14   1.572158e-04   1.792525e-15   168
  8.946732e-01   6.508091e-14   3.448346e-04   1.589014e-14   30
  8.952763e-01   7.630750e-15   3.044637e-04   2.315697e-16   72
  8.964123e-01   1.713572e-14   2.717302e-04   1.786121e-15   258
  8.976612e-01   3.001726e-14   1.701916e-04   1.881544e-15   264
  8.982857e-01   3.223379e-15   0.000000e+00   4.340973e-16   72
  8.995871e-01   1.882921e-14   3.373270e-04   3.278370e-15   174
  9.007654e-01   4.971628e-14   3.591909e-04   5.727817e-15   168
  9.017127e-01   8.475624e-16   1.123916e-08   0.000000e+00   48
  9.027297e-01   1.114592e-14   2.028435e-04   1.116481e-15   150
  9.039088e-01   8.681308e-15   3.731453e-04   6.097416e-16   168
  9.050911e-01   8.038296e-15   2.273028e-04   8.772474e-16   144
  9.061784e-01   3.544755e-14   2.123525e-04   4.645227e-15   102
  9.069882e-01   3.717281e-14   3.143182e-04   3.261429e-15   96
  9.082731e-01   7.635590e-15   3.119397e-04   6.020574e-16   120
  9.092246e-01   2.817143e-14   3.345635e-04   2.602940e-15   168
  9.102538e-01   3.622530e-14   2.470487e-04   5.342186e-15   126
  9.111308e-01   3.625373e-14   1.863241e-04   1.914922e-15   168
  9.123389e-01   3.884780e-14   2.987709e-04   5.750213e-15   72
  9.133947e-01   2.325177e-14   3.741278e-04   1.277568e-15   168
  9.143196e-01   1.639655e-14   1.025668e-04   4.778968e-15   78
  9.155870e-01   2.332242e-14   1.684070e-04   5.976514e-15   60
  9.166075e-01   3.315197e-14   2.731835e-04   3.088345e-15   96
  9.176659e-01   2.771914e-14   3.314854e-04   2.711611e-15   168
  9.186605e-01   1.560182e-14   2.097511e-04   1.915498e-15   86
  9.197042e-01   1.610626e-14   1.874678e-04   1.736878e-15   120
  9.212002e-01   1.335256e-14   1.336894e-04   1.317263e-15   168
  9.220069e-01   1.281041e-14   0.000000e+00   0.000000e+00   48
  9.230934e-01   1.166023e-13   2.435676e-04   1.719566e-14   120
  9.237177e-01   2.261235e-14   1.776924e-04   6.472880e-15   126
  9.252418e-01   5.432613e-14   3.125113e-04   1.977575e-15   96
  9.262310e-01   7.446904e-14   9.011285e-05   1.132794e-14   96
  9.270111e-01   1.997306e-15   0.000000e+00   5.097743e-17   72
  9.286731e-01   7.488346e-15   1.123916e-08   0.000000e+00   24
  9.297104e-01   1.515701e-14   1.854501e-04   1.130684e-15   120
  9.305196e-01   1.977701e-14   2.705147e-04   2.082016e-15   126
  9.314194e-01   2.341574e-14   2.255107e-04   2.988465e-15   96
  9.324708e-01   3.240830e-14   3.897482e-04   1.246526e-15   72
  9.336415e-01   1.162243e-14   1.685792e-04   1.328605e-15   144
  9.346046e-01   1.028459e-14   9.723254e-05   6.857304e-16   72
  9.355666e-01   2.104555e-14   1.942081e-04   7.561878e-16   54
  9.364132e-01   4.943665e-14   1.711436e-04   9.283206e-15   108
  9.381728e-01   5.877817e-14   1.677650e-04   3.650872e-15   72
  9.387206e-01   9.282530e-14   9.680617e-05   1.559216e-14   72
  9.400202e-01   1.923552e-14   1.946680e-08   4.954957e-23   24
  9.412498e-01   4.969122e-15   2.047976e-04   6.693818e-16   48
  9.419964e-01   2.137806e-14   1.560029e-04   1.533792e-15   102
  9.431203e-01   1.551807e-14   3.528137e-04   1.939449e-15   168
  9.445889e-01   3.157686e-16   1.924163e-04   4.771600e-17   72
  9.451330e-01   9.073994e-16   0.000000e+00   0.000000e+00   48
  9.462744e-01   3.440096e-14   3.309678e-04   4.261724e-15   120
  9.477807e-01   1.474740e-14   2.033864e-04   8.146832e-16   96
  9.492033e-01   6.000512e-14   2.202416e-08   3.552254e-15   30
  9.508942e-01   3.141560e-14   9.555995e-05   2.877438e-15   72
  9.516372e-01   3.322327e-14   1.123916e-08   0.000000e+00   24
  9.525916e-01   5.110909e-14   1.416435e-04   1.551014e-14   56
  9.536606e-01   5.318739e-14   2.021324e-04   3.678319e-15   96
  9.549399e-01   1.448111e-14   2.232036e-04   1.584434e-15   144
  9.559263e-01   4.731434e-15   1.267263e-04   8.099791e-16   54
  9.573592e-01   3.891874e-14   1.898493e-04   2.649501e-15   108
  9.588012e-01   1.935216e-13   1.005243e-04   2.707717e-14   48
  9.601739e-01   1.242071e-14   3.785063e-04   1.998684e-15   72
  9.634680e-01   2.264919e-14   2.500803e-04   8.441977e-15   78
  9.643808e-01   1.590361e-14   1.884669e-04   1.831608e-15   72
  9.654462e-01   1.833713e-15   1.882329e-04   2.784161e-16   72
  9.665603e-01   7.551876e-15   4.542266e-04   4.585978e-16   96
  9.674408e-01   1.899544e-14   1.878449e-04   1.391213e-15   72
  9.685029e-01   2.245342e-14   0.000000e+00   0.000000e+00   24
  9.695638e-01   3.917836e-15   3.748416e-04   6.576931e-16   72
  9.719599e-01   3.122228e-14   2.380359e-04   1.369023e-15   30
  9.724755e-01   9.445264e-15   0.000000e+00   0.000000e+00   24
  9.752466e-01   5.931849e-14   1.976584e-04   5.469375e-15   48
  9.761159e-01   1.000878e-14   4.253608e-04   8.631664e-16   120
  9.772870e-01   4.881635e-14   1.859776e-04   7.800523e-15   72
  9.784697e-01   1.389179e-13   1.857528e-04   1.357795e-14   36
  9.792826e-01   2.375780e-14   3.671339e-04   7.672888e-15   78
  9.815513e-01   5.374869e-14   1.963888e-04   5.320120e-15   48
  9.844928e-01   1.677378e-16   1.589457e-08   0.000000e+00   24
  9.865884e-01   3.938853e-15   1.367612e-04   2.112883e-16   56
  9.876436e-01   1.298966e-14   2.104496e-04   9.324082e-16   102
  9.889860e-01   5.961323e-15   1.498555e-08   9.868853e-16   72
  9.897653e-01   4.585415e-16   0.000000e+00   0.000000e+00   24
  9.911277e-01   2.919641e-15   1.944913e-04   2.629013e-16   48
  9.936528e-01   7.574212e-16   0.000000e+00   0.000000e+00   24
  9.967520e-01   6.980114e-16   0.000000e+00   0.000000e+00   6
  9.977185e-01   6.939817e-15   0.000000e+00   3.034279e-23   24
  9.983623e-01   5.452752e-14   1.820511e-04   8.717272e-15   72
  9.995384e-01   1.854173e-14   3.396336e-04   2.093495e-15   84
  1.000805e+00   1.916251e-15   0.000000e+00   0.000000e+00   24
  1.001190e+00   2.046928e-13   1.589457e-08   0.000000e+00   24
  1.003114e+00   8.307588e-16   1.123916e-08   0.000000e+00   24
  1.005800e+00   2.146021e-15   0.000000e+00   1.751842e-23   6
  1.009244e+00   5.165384e-15   1.910001e-04   6.220938e-16   48
  1.010072e+00   3.426482e-15   3.598129e-04   9.219965e-17   72
  1.011152e+00   8.517954e-15   1.906396e-04   5.385926e-16   48
  1.012867e+00   2.540196e-16   0.000000e+00   0.000000e+00   24
  1.015148e+00   2.027473e-14   1.123916e-08   0.000000e+00   6
  1.020262e+00   2.715193e-13   0.000000e+00   0.000000e+00   8
  1.020640e+00   5.766294e-16   1.123916e-08   0.000000e+00   48
  1.021546e+00   6.981424e-14   1.848806e-04   9.310989e-15   60
  1.022904e+00   3.327531e-16   0.000000e+00   0.000000e+00   24
  1.024787e+00   1.451991e-13   0.000000e+00   7.927932e-22   6
  1.031723e+00   9.384148e-15   0.000000e+00   2.477479e-23   24
  1.032283e+00   4.216233e-16   1.867372e-04   4.489604e-17   48
  1.033217e+00   4.506066e-15   0.000000e+00   1.238739e-23   24
  1.034708e+00   1.705658e-14   1.123916e-08   0.000000e+00   6
  1.043181e+00   7.963807e-14   1.742080e-04   1.876717e-14   36
  1.043797e+00   1.743606e-15   0.000000e+00   0.000000e+00   24
  1.044904e+00   1.197596e-13   0.000000e+00   5.605894e-22   6
  1.054545e+00   1.169096e-14   1.583190e-04   1.161719e-15   32
  1.055367e+00   1.892275e-14   1.123916e-08   1.716448e-22   6
  1.065728e+00   6.775925e-16   0.000000e+00   0.000000e+00   12
  1.066089e+00   8.888835e-14   0.000000e+00   0.000000e+00   6
  1.077063e+00   1.439301e-14   1.589457e-08   0.000000e+00   6
