# power spectrum of B
# redshift z=10.000000
# k              Pk             sigma(k)       sigma(Pk)      count
  1.963495e-02   4.647955e-41   0.000000e+00   1.614647e-42   6
  2.776802e-02   4.798002e-40   0.000000e+00   1.054643e-40   12
  3.400874e-02   3.496755e-40   3.725290e-10   7.015685e-41   8
  3.926991e-02   4.186534e-41   0.000000e+00   3.889078e-42   6
  4.390509e-02   3.933825e-15   0.000000e+00   0.000000e+00   24
  4.809562e-02   2.656001e-15   7.024475e-10   7.813998e-24   24
  5.553604e-02   5.470829e-41   0.000000e+00   1.643939e-41   12
  5.890486e-02   5.198667e-18   7.947286e-10   4.410961e-19   30
  6.209118e-02   1.026850e-15   0.000000e+00   2.762665e-24   24
  6.512178e-02   4.956322e-16   1.216675e-09   1.953499e-24   24
  6.801748e-02   1.579114e-41   7.450581e-10   4.495063e-42   8
  7.079483e-02   1.645231e-16   9.934107e-10   0.000000e+00   24
  7.346727e-02   2.356724e-16   0.000000e+00   0.000000e+00   48
  7.853982e-02   6.040928e-42   0.000000e+00   6.190907e-43   6
  8.095699e-02   2.200875e-17   1.404895e-09   2.350263e-18   48
  8.330406e-02   7.159926e-17   0.000000e+00   7.941015e-18   36
  8.558678e-02   3.674548e-16   9.934107e-10   1.381333e-24   24
  8.781018e-02   1.382578e-16   0.000000e+00   0.000000e+00   24
  8.997866e-02   3.940349e-16   0.000000e+00   9.767497e-25   48
  9.209610e-02   7.533296e-18   1.404895e-09   0.000000e+00   24
  9.619124e-02   8.615528e-17   1.404895e-09   2.441874e-25   24
  9.817477e-02   8.203956e-18   0.000000e+00   2.563156e-19   30
  1.001190e-01   1.427414e-16   0.000000e+00   1.137909e-17   72
  1.020262e-01   1.732776e-16   1.490116e-09   1.206515e-17   32
  1.057375e-01   3.523797e-16   0.000000e+00   1.708520e-17   72
  1.075451e-01   3.630614e-16   0.000000e+00   0.000000e+00   48
  1.110721e-01   3.984936e-42   0.000000e+00   8.370550e-43   12
  1.127942e-01   4.909278e-16   0.000000e+00   5.749827e-17   48
  1.144905e-01   9.972305e-16   0.000000e+00   1.426304e-16   48
  1.161620e-01   3.698871e-17   1.404895e-09   0.000000e+00   48
  1.178097e-01   1.317217e-16   1.589457e-09   1.160192e-17   30
  1.194348e-01   1.339550e-15   1.404895e-09   3.906999e-24   24
  1.210380e-01   9.038217e-16   2.961779e-09   1.147119e-16   72
  1.241824e-01   2.884496e-17   0.000000e+00   1.079166e-26   24
  1.257251e-01   6.152371e-16   0.000000e+00   2.211229e-17   96
  1.272490e-01   3.645561e-16   0.000000e+00   9.767497e-25   48
  1.287550e-01   1.018471e-15   2.433349e-09   0.000000e+00   24
  1.302436e-01   1.212499e-15   2.433349e-09   4.785077e-24   24
  1.317153e-01   5.802383e-16   0.000000e+00   4.851816e-17   72
  1.331707e-01   1.567493e-16   0.000000e+00   0.000000e+00   48
  1.360350e-01   1.802903e-41   1.490116e-09   3.636937e-42   8
  1.374447e-01   1.778618e-15   1.766064e-09   8.453238e-17   54
  1.388401e-01   9.197320e-16   0.000000e+00   6.618862e-17   84
  1.402216e-01   8.082561e-16   0.000000e+00   6.777017e-17   48
  1.415897e-01   7.125006e-17   1.986821e-09   2.441874e-25   24
  1.429446e-01   5.016977e-17   1.873193e-09   3.684947e-19   72
  1.442869e-01   8.474412e-16   0.000000e+00   7.337119e-18   96
  1.469345e-01   2.199514e-15   0.000000e+00   0.000000e+00   48
  1.482407e-01   1.299909e-15   0.000000e+00   1.877972e-16   48
  1.495354e-01   1.269999e-15   1.986821e-09   3.906999e-24   24
  1.508189e-01   7.919739e-16   0.000000e+00   5.079436e-17   72
  1.533539e-01   1.081895e-15   1.873193e-09   1.442579e-16   72
  1.546058e-01   1.503607e-15   0.000000e+00   9.604925e-17   96
  1.570796e-01   1.216604e-42   0.000000e+00   1.956382e-43   6
  1.583021e-01   1.134118e-15   0.000000e+00   1.031530e-16   96
  1.595151e-01   9.997322e-16   1.986821e-09   1.334846e-16   96
  1.607190e-01   2.641707e-16   0.000000e+00   0.000000e+00   24
  1.619140e-01   4.310526e-16   2.809790e-09   3.321846e-17   48
  1.631002e-01   7.342825e-16   0.000000e+00   1.321057e-17   96
  1.642778e-01   1.438268e-15   0.000000e+00   0.000000e+00   48
  1.666081e-01   3.291258e-16   0.000000e+00   3.914216e-17   36
  1.677611e-01   9.176704e-16   3.441276e-09   2.063499e-17   48
  1.689063e-01   1.022056e-15   3.893359e-09   1.059635e-16   120
  1.700437e-01   1.789729e-15   0.000000e+00   9.863446e-17   56
  1.711736e-01   3.996776e-16   1.986821e-09   0.000000e+00   24
  1.722960e-01   1.971196e-15   0.000000e+00   1.368532e-16   96
  1.734112e-01   1.231475e-15   0.000000e+00   1.953499e-24   48
  1.756204e-01   1.487770e-15   0.000000e+00   0.000000e+00   24
  1.767146e-01   6.202880e-16   0.000000e+00   6.064391e-17   102
  1.778021e-01   9.974244e-16   0.000000e+00   1.369975e-16   48
  1.788829e-01   1.536332e-15   0.000000e+00   1.247504e-16   72
  1.799573e-01   9.925620e-16   0.000000e+00   1.953499e-24   48
  1.810253e-01   1.241812e-15   0.000000e+00   1.800548e-16   48
  1.820871e-01   1.300749e-15   4.495664e-09   1.103476e-16   120
  1.841922e-01   1.013836e-15   2.809790e-09   2.762665e-24   24
  1.852358e-01   1.534865e-15   2.649095e-09   9.956523e-17   144
  1.862735e-01   1.640796e-15   3.178914e-09   1.046509e-16   120
  1.873055e-01   2.097500e-16   2.809790e-09   4.883749e-25   48
  1.893526e-01   7.240259e-16   2.809790e-09   0.000000e+00   48
  1.903679e-01   3.525730e-16   2.809790e-09   2.944705e-17   96
  1.930487e-01   1.047783e-15   4.711199e-04   5.933522e-17   72
  1.943761e-01   8.955043e-16   3.532127e-09   4.379621e-17   108
  1.953653e-01   1.083005e-15   0.000000e+00   1.752875e-16   72
  1.963495e-01   1.323519e-15   0.000000e+00   1.220720e-16   30
  1.973288e-01   7.646744e-16   0.000000e+00   5.153039e-17   168
  1.983033e-01   1.644990e-15   0.000000e+00   1.502843e-16   48
  2.002380e-01   8.856340e-16   0.000000e+00   5.679169e-17   72
  2.011984e-01   1.102005e-15   0.000000e+00   2.951144e-18   96
  2.021542e-01   1.161250e-15   5.298191e-09   1.660328e-16   72
  2.031055e-01   2.234864e-15   0.000000e+00   1.858214e-16   72
  2.047049e-01   1.235887e-15   4.350048e-04   9.207180e-17   104
  2.059331e-01   2.924709e-15   3.746387e-09   1.659827e-16   144
  2.087224e-01   2.393530e-15   6.282881e-09   4.108387e-16   96
  2.096439e-01   3.727017e-15   0.000000e+00   3.616273e-16   96
  2.111095e-01   3.091111e-15   4.475232e-04   6.085964e-17   120
  2.123845e-01   3.320579e-15   0.000000e+00   1.984293e-16   120
  2.132902e-01   7.535398e-16   0.000000e+00   3.841905e-17   72
  2.150901e-01   2.238787e-15   0.000000e+00   0.000000e+00   48
  2.159845e-01   1.571973e-15   4.235416e-09   8.422185e-17   78
  2.171286e-01   5.461321e-15   4.007142e-04   2.134394e-16   168
  2.195255e-01   1.532382e-15   3.746387e-09   6.568385e-17   144
  2.204018e-01   6.105293e-16   3.746387e-09   5.094564e-18   144
  2.229436e-01   2.992703e-15   2.307791e-04   3.460026e-16   156
  2.238729e-01   1.774402e-15   4.866699e-09   2.579289e-16   48
  2.247323e-01   1.059358e-15   3.178914e-09   8.046774e-17   120
  2.255884e-01   3.983419e-17   0.000000e+00   2.820965e-18   48
  2.271022e-01   1.122626e-15   3.532495e-04   7.000500e-17   216
  2.289809e-01   9.463002e-16   0.000000e+00   7.201594e-17   48
  2.298212e-01   9.698108e-16   2.809790e-09   6.033411e-17   96
  2.310160e-01   2.479903e-15   4.128272e-04   1.830227e-16   168
  2.323239e-01   1.961514e-15   2.809790e-09   3.906999e-24   48
  2.331522e-01   1.160017e-15   0.000000e+00   3.112018e-17   96
  2.339775e-01   2.320520e-16   0.000000e+00   0.000000e+00   48
  2.356194e-01   1.861857e-15   3.178914e-09   1.700321e-16   30
  2.364362e-01   2.131431e-15   2.809790e-09   1.577527e-16   96
  2.374123e-01   1.555270e-15   3.244455e-04   1.003705e-16   240
  2.386674e-01   1.252707e-16   3.500299e-04   1.264820e-17   32
  2.396752e-01   7.443170e-16   0.000000e+00   8.097991e-17   168
  2.404781e-01   9.078030e-16   0.000000e+00   5.886891e-17   120
  2.420760e-01   1.999783e-15   5.923557e-09   8.577070e-17   72
  2.428710e-01   8.095844e-16   3.746387e-09   5.704549e-17   144
  2.436634e-01   7.443282e-16   0.000000e+00   5.353226e-17   96
  2.444532e-01   1.592427e-15   0.000000e+00   4.596898e-17   96
  2.460253e-01   2.068030e-15   4.588368e-09   1.442582e-16   72
  2.468075e-01   1.151577e-15   3.973643e-09   5.074726e-17   96
  2.483647e-01   6.249448e-16   0.000000e+00   0.000000e+00   24
  2.491396e-01   1.198232e-15   0.000000e+00   3.433017e-17   192
  2.500522e-01   1.215877e-15   2.970416e-04   4.971768e-17   132
  2.514501e-01   1.186380e-15   0.000000e+00   8.399210e-17   96
  2.522156e-01   1.435547e-15   0.000000e+00   5.688071e-17   96
  2.529787e-01   3.872901e-16   3.178914e-09   3.036851e-17   120
  2.544981e-01   1.267868e-15   0.000000e+00   0.000000e+00   48
  2.557435e-01   6.326470e-16   3.599905e-04   5.317154e-17   222
  2.567603e-01   9.319352e-16   0.000000e+00   6.093108e-17   120
  2.575100e-01   2.501804e-15   4.866699e-09   0.000000e+00   24
  2.586015e-01   1.116919e-15   3.715625e-04   5.760492e-17   312
  2.609797e-01   3.301581e-16   3.483547e-04   4.549362e-17   72
  2.619630e-01   7.046390e-17   2.809790e-09   3.214893e-18   96
  2.629726e-01   7.645219e-16   3.547511e-04   4.873373e-17   192
  2.641613e-01   9.307106e-16   4.495664e-09   1.146457e-16   120
  2.648900e-01   9.930125e-16   0.000000e+00   7.262533e-17   144
  2.663415e-01   3.308248e-16   0.000000e+00   0.000000e+00   48
  2.673732e-01   5.049717e-16   3.567146e-04   2.296030e-17   336
  2.685040e-01   9.584116e-17   0.000000e+00   4.095789e-18   48
  2.699360e-01   5.074900e-16   0.000000e+00   3.079499e-17   192
  2.706492e-01   1.046962e-15   0.000000e+00   3.383560e-24   48
  2.726764e-01   1.268254e-15   2.476067e-04   1.571058e-16   56
  2.736844e-01   5.298895e-16   3.180112e-04   2.719814e-17   336
  2.748894e-01   1.355469e-15   3.532127e-09   6.573194e-17   54
  2.759390e-01   4.088787e-15   3.492904e-04   4.615249e-16   240
  2.781181e-01   2.813594e-15   3.344484e-04   2.576215e-16   228
  2.790651e-01   1.623744e-15   3.746387e-09   8.154331e-18   72
  2.799844e-01   7.942752e-16   3.244231e-04   7.640679e-17   144
  2.811298e-01   1.201123e-15   0.000000e+00   6.841008e-17   96
  2.818146e-01   9.157329e-16   4.495664e-09   5.904595e-17   240
  2.831793e-01   1.070664e-15   3.973643e-09   0.000000e+00   24
  2.840530e-01   1.744344e-15   3.064151e-04   7.544194e-17   336
  2.852142e-01   1.635825e-16   0.000000e+00   2.490296e-17   72
  2.862741e-01   2.467750e-15   3.332831e-04   1.839397e-16   168
  2.872346e-01   2.282013e-15   0.000000e+00   2.289042e-17   72
  2.885737e-01   1.881380e-15   0.000000e+00   1.651849e-16   96
  2.896108e-01   6.982633e-16   3.307829e-04   4.488074e-17   216
  2.905708e-01   8.486631e-16   3.973643e-09   4.794340e-17   96
  2.918946e-01   5.267100e-16   0.000000e+00   3.065323e-17   192
  2.925542e-01   1.216988e-15   3.746387e-09   6.420772e-17   144
  2.938691e-01   8.140432e-16   0.000000e+00   1.953499e-24   48
  2.947794e-01   1.594696e-15   3.189136e-04   1.705153e-16   246
  2.960164e-01   1.828126e-15   2.940434e-04   2.704769e-16   168
  2.971308e-01   1.212583e-15   5.506041e-09   5.463501e-17   120
  2.977788e-01   5.509160e-16   0.000000e+00   2.405366e-17   240
  2.990707e-01   1.340670e-16   3.973643e-09   0.000000e+00   24
  3.001001e-01   3.350671e-16   3.147475e-04   1.217684e-17   360
  3.013820e-01   5.305200e-16   3.134082e-04   4.111873e-17   120
  3.022763e-01   3.342815e-16   0.000000e+00   2.011472e-17   144
  3.029133e-01   6.037483e-16   0.000000e+00   4.106570e-18   96
  3.048165e-01   4.005103e-16   0.000000e+00   3.165615e-17   144
  3.054482e-01   1.853287e-16   0.000000e+00   2.494068e-17   132
  3.063360e-01   6.116508e-17   3.093292e-04   5.361232e-18   176
  3.076248e-01   6.000988e-16   3.123602e-04   2.868667e-17   312
  3.092116e-01   6.578699e-16   0.000000e+00   2.732036e-17   96
  3.098343e-01   6.205326e-16   0.000000e+00   4.016892e-17   144
  3.107899e-01   3.874132e-16   3.092271e-04   2.642861e-17   312
  3.123131e-01   2.620161e-16   0.000000e+00   0.000000e+00   48
  3.129297e-01   3.927027e-16   3.973643e-09   3.462506e-17   192
  3.141593e-01   2.465764e-41   0.000000e+00   2.038687e-42   6
  3.149762e-01   8.508577e-16   2.884066e-04   4.534847e-17   288
  3.162994e-01   1.085538e-15   3.047203e-04   1.274982e-16   192
  3.172124e-01   1.760477e-15   9.345130e-09   1.311581e-16   216
  3.178195e-01   1.176670e-15   0.000000e+00   8.503580e-17   72
  3.193321e-01   1.180334e-15   3.018264e-04   7.714877e-17   192
  3.203366e-01   1.317069e-15   2.241224e-04   6.783463e-17   288
  3.214381e-01   3.335076e-15   0.000000e+00   0.000000e+00   24
  3.222890e-01   6.899366e-16   2.952626e-04   2.173317e-17   456
  3.238280e-01   2.082277e-15   5.619580e-09   1.633961e-16   48
  3.247789e-01   2.086493e-15   2.908218e-04   1.328253e-16   240
  3.258718e-01   3.180294e-15   2.939082e-04   1.589259e-16   216
  3.267908e-01   2.291671e-15   0.000000e+00   4.015476e-17   72
  3.273801e-01   1.303855e-15   1.015467e-08   4.520191e-17   168
  3.290441e-01   1.949363e-15   2.184577e-04   1.469302e-16   288
  3.299773e-01   2.283242e-15   2.890570e-04   2.173400e-16   168
  3.314762e-01   1.425116e-15   0.000000e+00   6.984959e-17   192
  3.320572e-01   1.774359e-15   3.746387e-09   1.435797e-16   144
  3.332162e-01   6.149707e-16   0.000000e+00   7.306747e-17   36
  3.341991e-01   9.442653e-16   2.639705e-04   4.230713e-17   342
  3.351389e-01   1.396705e-15   2.710657e-04   1.187372e-16   144
  3.363470e-01   1.662469e-15   2.842800e-04   8.599926e-17   384
  3.378125e-01   9.184443e-16   7.786718e-09   8.659585e-17   120
  3.385379e-01   7.037363e-16   2.534951e-04   3.221716e-17   264
  3.395201e-01   1.912631e-15   1.256576e-08   1.455124e-16   192
  3.404451e-01   1.106598e-15   2.731894e-04   6.539644e-17   152
  3.412191e-01   1.033292e-15   7.492773e-09   4.566585e-17   144
  3.428472e-01   9.706929e-16   1.768108e-04   6.756252e-17   216
  3.436008e-01   1.077721e-15   2.362665e-04   5.533563e-17   312
  3.449274e-01   1.239930e-15   2.738281e-04   5.047477e-17   240
  3.457090e-01   3.522734e-16   3.973643e-09   1.370403e-17   96
  3.471927e-01   4.430043e-16   2.617995e-04   5.998489e-17   144
  3.481071e-01   1.121456e-15   2.573258e-04   5.530811e-17   456
  3.495904e-01   1.713091e-15   0.000000e+00   1.260476e-16   120
  3.501414e-01   1.365460e-15   0.000000e+00   8.655138e-17   144
  3.512407e-01   2.542996e-15   0.000000e+00   0.000000e+00   24
  3.519456e-01   1.115431e-15   2.473498e-04   6.678834e-17   336
  3.531645e-01   7.791591e-16   2.727931e-04   5.844636e-17   198
  3.543067e-01   6.545082e-16   2.652756e-04   2.994048e-17   432
  3.556041e-01   1.388688e-15   0.000000e+00   1.367899e-16   48
  3.562810e-01   8.250462e-16   2.341925e-04   3.387426e-17   384
  3.574963e-01   8.382827e-16   2.696052e-04   6.123444e-17   144
  3.585975e-01   1.846897e-15   2.676825e-04   1.196200e-16   264
  3.599147e-01   5.843498e-16   0.000000e+00   0.000000e+00   48
  3.607984e-01   1.449202e-15   2.545223e-04   6.605485e-17   276
  3.616510e-01   1.285336e-15   2.307176e-04   6.014911e-17   192
  3.627906e-01   1.308472e-15   2.592759e-04   4.274421e-17   552
  3.641741e-01   1.621059e-15   8.991328e-09   9.737897e-17   120
  3.649965e-01   1.716449e-15   2.624511e-04   1.158430e-16   216
  3.657587e-01   2.982726e-15   4.495664e-09   2.244308e-16   120
  3.671201e-01   3.911275e-15   2.584500e-04   2.181948e-16   408
  3.683844e-01   3.432990e-17   5.619580e-09   1.057363e-25   24
  3.691684e-01   2.261645e-15   2.610810e-04   1.798470e-16   384
  3.702633e-01   2.170112e-15   2.550855e-04   1.074288e-16   240
  3.712141e-01   2.395634e-15   2.569535e-04   1.669428e-16   168
  3.725471e-01   1.636053e-15   6.357829e-09   5.620925e-17   120
  3.734064e-01   1.367007e-15   2.678605e-04   5.872487e-17   350
  3.748037e-01   7.731686e-16   4.409502e-04   3.747188e-17   384
  3.756388e-01   9.938612e-16   0.000000e+00   4.913318e-17   144
  3.771752e-01   8.539647e-16   1.059638e-08   3.886740e-17   288
  3.779773e-01   1.893387e-15   2.524053e-04   9.923404e-17   336
  3.790686e-01   1.624464e-15   2.297941e-04   1.117379e-16   168
  3.797219e-01   1.708155e-15   4.541306e-09   1.064989e-16   336
  3.810732e-01   2.371537e-15   2.385126e-04   1.557695e-16   288
  3.818848e-01   7.481058e-16   2.247398e-04   3.352420e-17   264
  3.832590e-01   3.538126e-16   0.000000e+00   2.169911e-17   240
  3.837616e-01   3.817874e-15   7.947286e-09   3.786986e-16   96
  3.855656e-01   2.913557e-16   3.056310e-04   1.955964e-17   360
  3.864075e-01   7.632673e-16   2.253025e-04   5.318234e-17   168
  3.874713e-01   9.129350e-16   2.456032e-04   5.444926e-17   456
  3.887523e-01   2.981801e-16   7.064254e-09   1.665090e-17   108
  3.894728e-01   4.357558e-16   2.464311e-04   2.122415e-17   264
  3.903716e-01   1.132519e-15   2.198567e-04   6.994994e-17   264
  3.916025e-01   1.379183e-15   2.074668e-04   7.204308e-17   312
  3.931351e-01   1.095763e-15   1.541705e-04   1.162597e-16   270
  3.937775e-01   1.247645e-15   1.957388e-04   1.195474e-16   240
  3.949323e-01   2.937843e-15   2.421536e-04   1.926831e-16   384
  3.956334e-01   1.334773e-15   0.000000e+00   9.722661e-17   192
  3.969952e-01   3.050120e-15   1.942960e-04   1.442114e-16   240
  3.977852e-01   8.815678e-16   2.397927e-04   5.724825e-17   336
  3.992708e-01   2.079030e-15   2.413972e-04   1.223593e-16   480
  4.004761e-01   1.125287e-15   0.000000e+00   1.786981e-16   72
  4.011493e-01   1.237094e-15   2.353842e-04   9.382275e-17   240
  4.020650e-01   1.471638e-15   2.212289e-04   9.334516e-17   312
  4.031147e-01   1.590870e-15   2.390954e-04   1.610449e-16   240
  4.047009e-01   2.418530e-15   1.816506e-04   1.864601e-16   408
  4.053288e-01   2.223024e-15   1.663482e-04   2.359696e-16   336
  4.065560e-01   1.569200e-15   2.112212e-04   1.452091e-16   264
  4.071591e-01   6.700976e-16   0.000000e+00   6.238732e-17   144
  4.088370e-01   8.074427e-16   2.927651e-04   5.134581e-17   464
  4.097211e-01   1.975934e-16   2.328083e-04   1.060279e-17   168
  4.105939e-01   1.944275e-16   2.120376e-04   1.126779e-17   336
  4.121713e-01   3.846440e-16   2.227870e-04   1.473584e-17   414
  4.130606e-01   4.055329e-16   2.319080e-04   3.418630e-17   216
  4.141998e-01   1.739846e-15   5.619580e-09   1.419690e-16   96
  4.146649e-01   6.257072e-16   1.685874e-08   1.545722e-17   384
  4.162944e-01   1.875867e-15   2.314600e-04   1.386735e-16   492
  4.171676e-01   3.869799e-15   2.263480e-04   3.479863e-16   240
  4.181546e-01   2.838416e-15   2.298225e-04   2.749411e-16   312
  4.195176e-01   1.257648e-15   2.297469e-04   1.002578e-16   192
  4.203810e-01   1.078387e-15   2.226525e-04   5.968663e-17   504
  4.215265e-01   3.992328e-16   1.473998e-04   1.573591e-17   408
  4.224284e-01   2.008596e-16   4.515774e-04   8.739560e-18   168
  4.235571e-01   1.471237e-15   2.145032e-04   1.121095e-16   288
  4.245041e-01   2.008335e-15   2.238525e-04   1.957031e-16   288
  4.254743e-01   1.552117e-15   2.251410e-04   1.754863e-16   432
  4.268815e-01   1.381601e-15   2.129084e-04   1.538211e-16   216
  4.276334e-01   1.351739e-15   2.124592e-04   1.034257e-16   360
  4.289721e-01   1.605955e-15   2.073582e-04   5.258583e-17   312
  4.301803e-01   3.636326e-15   0.000000e+00   0.000000e+00   48
  4.308767e-01   9.472519e-16   2.223178e-04   4.122696e-17   432
  4.321240e-01   2.121862e-15   3.708284e-04   1.495634e-16   414
  4.328606e-01   3.174815e-15   1.956255e-08   3.900451e-16   312
  4.342347e-01   6.212555e-15   3.253813e-04   5.724937e-16   528
  4.351620e-01   2.684763e-15   1.707976e-04   2.138514e-16   264
  4.362761e-01   2.232544e-15   2.025191e-04   1.119920e-16   480
  4.377318e-01   1.259630e-15   0.000000e+00   1.027726e-16   288
  4.383604e-01   2.914432e-15   2.176005e-04   1.937105e-16   168
  4.395105e-01   4.670340e-15   3.444610e-04   3.087269e-16   504
  4.408036e-01   6.086616e-15   7.492773e-09   5.875769e-16   144
  4.416171e-01   9.441298e-16   2.212265e-04   4.156878e-17   464
  4.428396e-01   1.171446e-15   3.246624e-04   7.320300e-17   432
  4.434197e-01   1.304379e-15   5.619580e-09   4.179470e-17   192
  4.449189e-01   2.716369e-16   2.406833e-04   1.207583e-17   396
  4.458042e-01   3.834471e-16   2.162000e-04   1.653466e-17   288
  4.466990e-01   1.160025e-15   2.135686e-04   5.824943e-17   336
  4.481283e-01   1.229687e-15   1.352359e-04   5.932831e-17   432
  4.490354e-01   1.276953e-15   3.505126e-04   8.665363e-17   360
  4.500539e-01   1.177393e-15   2.073334e-04   4.682724e-17   384
  4.515004e-01   7.720524e-16   1.830116e-04   3.348162e-17   198
  4.521974e-01   3.486655e-15   2.080246e-04   2.903942e-16   552
  4.534970e-01   2.961805e-15   2.912202e-04   2.676637e-16   432
  4.545821e-01   5.744596e-16   0.000000e+00   1.948585e-17   168
  4.554927e-01   8.290401e-15   3.610065e-04   7.170435e-16   480
  4.566974e-01   7.211094e-16   0.000000e+00   3.628621e-17   120
  4.572396e-01   1.951429e-15   2.948545e-04   1.435750e-16   336
  4.585628e-01   7.863501e-16   2.080152e-04   3.469766e-17   672
  4.598711e-01   1.787192e-15   3.025866e-04   1.327611e-16   528
  4.604805e-01   6.991238e-16   9.082613e-09   3.404239e-17   168
  4.618883e-01   2.342690e-15   3.375333e-04   1.891186e-16   456
  4.627474e-01   4.057329e-15   2.061344e-04   3.951194e-16   168
  4.636392e-01   1.138985e-15   2.057643e-04   6.299829e-17   504
  4.651216e-01   2.837242e-16   2.647872e-04   3.474043e-17   336
  4.660180e-01   6.385434e-16   1.908802e-04   4.348410e-17   312
  4.670124e-01   1.035257e-15   1.865029e-04   4.358787e-17   504
  4.683210e-01   8.817360e-16   1.294009e-04   7.175555e-17   432
  4.689362e-01   1.667143e-15   1.999672e-04   1.051727e-16   312
  4.702151e-01   1.052306e-15   2.049761e-04   1.079094e-16   384
  4.715504e-01   9.508002e-14   1.741510e-04   1.725450e-14   126
  4.723748e-01   3.292301e-14   3.057676e-04   4.887407e-15   492
  4.734278e-01   6.541068e-15   1.958445e-04   7.913885e-16   528
  4.747438e-01   1.477118e-15   1.989360e-04   2.142338e-16   480
  4.755596e-01   3.951113e-15   2.748289e-04   4.883676e-16   432
  4.767402e-01   4.108448e-15   2.161166e-04   5.385780e-16   440
  4.781114e-01   2.522559e-15   1.074739e-04   2.275247e-16   312
  4.786259e-01   5.476147e-16   1.610586e-04   3.877996e-17   480
  4.796813e-01   2.872372e-16   3.153497e-04   1.477784e-17   408
  4.812233e-01   1.660308e-15   1.888588e-04   1.114867e-16   360
  4.818747e-01   1.008504e-15   1.822418e-04   9.611675e-17   408
  4.830820e-01   1.392195e-15   1.854542e-04   1.065976e-16   456
  4.844414e-01   1.069954e-15   1.772485e-04   4.920953e-17   264
  4.851959e-01   7.297052e-16   1.923591e-04   3.969645e-17   384
  4.862943e-01   3.519940e-16   3.238501e-04   1.340203e-17   672
  4.875640e-01   4.714553e-16   1.937042e-04   2.281241e-17   240
  4.882967e-01   2.277806e-16   1.965613e-04   1.696586e-17   264
  4.893308e-01   6.268280e-16   2.424259e-04   3.259929e-17   624
  4.908739e-01   1.271649e-15   0.000000e+00   2.067720e-16   150
  4.914232e-01   7.072438e-14   2.716574e-04   9.739204e-15   600
  4.925819e-01   3.490908e-14   1.874909e-04   4.083360e-15   672
  4.938939e-01   6.171745e-16   1.763484e-04   5.769068e-17   336
  4.946248e-01   1.790455e-15   1.918157e-04   1.449928e-16   408
  4.957926e-01   4.457874e-15   1.913639e-04   5.457762e-16   408
  4.970915e-01   1.841384e-15   9.676385e-05   3.110737e-16   360
  4.978921e-01   3.125368e-15   3.552857e-04   3.051092e-16   456
  4.988592e-01   8.064057e-16   1.932065e-04   6.613605e-17   384
  5.000902e-01   7.726761e-16   1.783541e-04   3.842437e-17   348
  5.007554e-01   1.131994e-15   2.198754e-04   3.439532e-17   576
  5.020050e-01   8.882580e-16   1.810385e-04   6.020015e-17   504
  5.032833e-01   6.985344e-16   2.553443e-04   3.844593e-17   432
  5.043991e-01   8.005919e-16   3.473946e-04   4.017407e-17   576
  5.051948e-01   9.802107e-16   0.000000e+00   5.819055e-17   264
  5.064571e-01   3.574127e-16   2.764393e-04   1.032974e-17   768
  5.075549e-01   4.720187e-16   3.721752e-04   1.650083e-17   240
  5.084277e-01   4.358262e-16   3.282233e-04   3.363815e-17   192
  5.096990e-01   3.292907e-16   2.416124e-04   1.336239e-17   504
  5.106418e-01   1.580092e-14   3.255818e-04   3.081288e-15   590
  5.115460e-01   3.880588e-14   3.647966e-04   5.525110e-15   384
  5.126798e-01   1.111705e-14   3.048625e-04   1.484182e-15   504
  5.140486e-01   8.853007e-16   2.933830e-04   5.099578e-17   648
  5.153764e-01   1.629813e-15   7.967896e-05   1.795040e-16   504
  5.159117e-01   2.154492e-16   1.817627e-04   5.800420e-18   312
  5.168569e-01   1.685256e-15   2.618753e-04   1.376546e-16   576
  5.181545e-01   7.773721e-16   1.822405e-04   6.083088e-17   240
  5.189109e-01   5.029405e-16   1.841453e-04   2.201972e-17   552
  5.199816e-01   7.631611e-16   1.729082e-04   3.689100e-17   600
  5.215067e-01   5.059126e-16   2.111937e-04   2.762654e-17   600
  5.224237e-01   7.145010e-16   3.382099e-04   3.497396e-17   312
  5.233368e-01   5.696674e-16   2.945474e-04   2.790713e-17   480
  5.244775e-01   5.246926e-16   1.837693e-04   2.541792e-17   576
  5.254818e-01   4.130156e-16   2.959085e-04   2.260123e-17   408
  5.263729e-01   1.838570e-16   3.451909e-04   7.436912e-18   216
  5.275243e-01   3.520016e-16   2.643774e-04   1.548195e-17   516
  5.287578e-01   2.545816e-16   2.522429e-04   8.577960e-18   744
  5.300304e-01   3.934077e-16   1.684760e-04   2.068308e-17   462
  5.307494e-01   2.512092e-15   1.712315e-04   2.832475e-16   432
  5.318647e-01   6.487873e-16   1.588547e-04   4.123887e-17   648
  5.331761e-01   4.779678e-16   2.324340e-04   5.057500e-17   528
  5.342295e-01   7.166682e-16   2.799086e-04   5.999054e-17   600
  5.352820e-01   6.142689e-16   3.528915e-04   6.176657e-17   240
  5.363014e-01   5.051665e-16   2.703115e-04   1.709303e-17   720
  5.374863e-01   3.277933e-16   2.138653e-04   1.245501e-17   720
  5.387997e-01   2.983864e-16   0.000000e+00   2.413949e-17   144
  5.394909e-01   6.298672e-16   2.757364e-04   3.676577e-17   720
  5.404742e-01   4.252128e-16   1.653370e-04   1.591030e-17   384
  5.417051e-01   4.164948e-16   1.832848e-04   2.169169e-17   672
  5.428730e-01   2.003012e-16   3.209115e-04   8.316659e-18   336
  5.434308e-01   5.186695e-16   0.000000e+00   3.244051e-17   288
  5.447967e-01   6.183720e-16   2.539800e-04   2.436697e-17   776
  5.460612e-01   5.160136e-16   2.173184e-04   2.924874e-17   720
  5.471231e-01   1.216477e-16   1.750659e-04   6.421022e-18   432
  5.479725e-01   7.486203e-16   2.495786e-04   3.219479e-17   504
  5.489174e-01   5.893564e-16   1.748652e-04   2.724890e-17   528
  5.502396e-01   5.915077e-16   2.382437e-04   6.922104e-17   438
  5.513273e-01   8.805358e-16   2.772938e-04   6.874655e-17   624
  5.521470e-01   6.286207e-16   3.396475e-04   5.712933e-17   312
  5.532738e-01   4.429187e-16   1.829935e-04   1.861671e-17   696
  5.544390e-01   4.745625e-16   1.655760e-04   2.805174e-17   552
  5.556509e-01   3.728997e-16   1.281006e-04   1.509096e-17   516
  5.564006e-01   4.215857e-16   2.558713e-04   2.277154e-17   528
  5.573133e-01   3.016256e-16   1.664001e-04   1.075639e-17   528
  5.586097e-01   6.651347e-16   2.194479e-04   2.719286e-17   864
  5.594897e-01   5.751887e-16   3.005985e-04   3.597698e-17   408
  5.603706e-01   2.301690e-16   2.978186e-04   1.795269e-17   192
  5.616191e-01   3.906027e-16   2.464592e-04   2.353444e-17   720
  5.626731e-01   8.406487e-16   2.272475e-04   3.398948e-17   696
  5.639255e-01   6.223673e-16   2.454294e-04   1.854625e-17   720
  5.650713e-01   3.670305e-16   3.326501e-04   7.421853e-18   432
  5.657395e-01   3.110570e-16   1.958109e-04   9.329618e-18   264
  5.669418e-01   3.439898e-16   2.704061e-04   1.381954e-17   672
  5.680171e-01   2.782789e-16   2.768544e-04   1.050509e-17   600
  5.692933e-01   3.312458e-16   1.620980e-04   1.776650e-17   270
  5.699366e-01   3.574819e-16   2.440026e-04   1.592439e-17   528
  5.709591e-01   4.117608e-16   1.670843e-04   1.007068e-17   840
  5.723613e-01   6.888852e-16   3.194952e-04   2.388413e-17   888
  5.736568e-01   5.214230e-16   2.380474e-04   1.935761e-17   744
  5.747517e-01   3.666349e-16   1.223216e-04   2.729030e-17   456
  5.752963e-01   4.952446e-16   1.671601e-04   2.340986e-17   360
  5.762282e-01   4.432832e-16   1.448348e-04   1.690612e-17   384
  5.776580e-01   4.952852e-16   2.323137e-04   1.583714e-17   816
  5.787308e-01   3.781102e-16   3.370546e-04   1.307558e-17   824
  5.800348e-01   1.063302e-15   1.566791e-04   7.363858e-17   360
  5.807331e-01   2.878818e-16   2.311994e-04   9.859299e-18   624
  5.816941e-01   3.460443e-16   1.562320e-04   7.282091e-18   360
  5.829744e-01   4.865039e-16   2.125215e-04   1.617905e-17   876
  5.841306e-01   5.023385e-16   2.524119e-04   1.676611e-17   696
  5.852967e-01   3.074241e-16   1.629911e-04   1.167650e-17   336
  5.859080e-01   4.757421e-16   1.628079e-04   2.012828e-17   504
  5.869176e-01   4.159195e-16   1.642187e-04   1.042247e-17   672
  5.884155e-01   3.425024e-16   3.269213e-04   1.249068e-17   720
  5.894543e-01   1.074461e-15   2.469541e-04   4.498107e-17   774
  5.906010e-01   9.185749e-16   1.413501e-04   4.800494e-17   384
  5.912015e-01   4.666405e-16   2.720183e-04   1.848987e-17   528
  5.921335e-01   5.732004e-16   2.592486e-04   3.500356e-17   744
  5.936327e-01   4.941154e-16   2.138251e-04   1.430205e-17   768
  5.946281e-01   8.181348e-16   2.400348e-04   4.189820e-17   552
  5.958700e-01   2.804549e-16   2.616108e-04   8.780276e-18   696
  5.967938e-01   7.295211e-16   3.179026e-04   4.208704e-17   408
  5.975272e-01   2.061811e-16   1.373364e-04   9.527829e-18   504
  5.986899e-01   5.239814e-16   2.467198e-04   1.663818e-17   888
  5.998339e-01   6.039229e-16   2.564132e-04   2.580995e-17   648
  6.010230e-01   5.003372e-16   2.542153e-04   2.209591e-17   648
  6.021418e-01   6.575246e-16   2.741064e-04   2.271764e-17   792
  6.033268e-01   1.894520e-16   4.010364e-04   6.463282e-18   600
  6.042000e-01   3.622200e-16   2.717856e-04   1.827523e-17   456
  6.051191e-01   5.837336e-16   1.324567e-04   2.027253e-17   648
  6.062996e-01   3.524565e-16   2.583099e-04   1.073620e-17   936
  6.075741e-01   3.607342e-16   1.586356e-04   1.069020e-17   384
  6.086836e-01   3.243011e-16   1.334798e-08   1.697466e-17   198
  6.095398e-01   3.679546e-16   4.024720e-04   1.396230e-17   1224
  6.104634e-01   7.619385e-16   2.931235e-04   3.178794e-17   420
  6.115558e-01   3.672811e-16   2.836822e-04   1.687601e-17   792
  6.126238e-01   5.704187e-16   2.345810e-04   2.790166e-17   680
  6.138428e-01   2.784544e-16   2.154033e-04   1.521510e-17   600
  6.148235e-01   5.257332e-16   3.123938e-04   2.207828e-17   840
  6.161330e-01   7.146841e-16   1.474979e-04   3.312077e-17   432
  6.166334e-01   1.943274e-16   1.382249e-04   7.278332e-18   720
  6.177213e-01   6.042683e-16   2.768404e-04   1.937239e-17   960
  6.190745e-01   2.416014e-16   2.467829e-04   1.211455e-17   528
  6.200634e-01   4.094057e-16   2.522592e-04   1.879633e-17   624
  6.212404e-01   4.376563e-16   1.982740e-04   1.757384e-17   816
  6.224086e-01   2.520820e-16   3.260658e-04   6.771536e-18   696
  6.236996e-01   2.033300e-16   2.202416e-08   8.340026e-18   240
  6.241851e-01   3.199569e-16   1.922888e-04   8.897910e-18   672
  6.252686e-01   1.705957e-16   3.436476e-04   5.658202e-18   864
  6.264840e-01   2.295401e-16   2.636938e-04   8.142778e-18   816
  6.275795e-01   2.476790e-16   1.509292e-04   7.214954e-18   648
  6.287594e-01   5.251344e-16   1.542771e-04   2.371055e-17   843
  6.297611e-01   5.616238e-16   2.775825e-04   3.525778e-17   780
  6.309548e-01   2.976937e-16   1.489456e-04   1.545914e-17   216
  6.316911e-01   4.234028e-16   3.591661e-04   1.338658e-17   1056
  6.328235e-01   1.611505e-16   2.938382e-04   1.243950e-17   228
  6.338720e-01   2.998608e-16   3.658358e-04   8.608082e-18   924
  6.349484e-01   3.984931e-16   1.357046e-04   1.046776e-17   696
  6.360882e-01   3.158482e-16   2.415153e-04   9.111074e-18   996
  6.372543e-01   4.075129e-16   1.425858e-04   1.499101e-17   576
  6.384675e-01   5.225948e-16   2.200718e-04   2.282662e-17   552
  6.393519e-01   2.187783e-16   2.627580e-04   1.208307e-17   516
  6.402494e-01   4.449047e-16   3.821047e-04   1.834595e-17   744
  6.412749e-01   2.778870e-16   1.874451e-04   7.419371e-18   576
  6.421669e-01   2.361147e-16   1.929285e-04   7.265944e-18   792
  6.434346e-01   2.884194e-16   2.205530e-04   8.418359e-18   792
  6.443636e-01   3.222902e-16   2.378641e-04   1.430172e-17   720
  6.456200e-01   3.535643e-16   2.711104e-04   1.597684e-17   656
  6.467974e-01   3.603733e-16   2.960385e-04   1.656606e-17   816
  6.480043e-01   3.674495e-16   1.596190e-04   2.252571e-17   492
  6.486903e-01   3.449924e-16   2.296231e-04   2.576172e-17   552
  6.499778e-01   4.097570e-16   3.992867e-04   4.101304e-17   780
  6.508139e-01   4.411739e-16   2.452771e-04   1.771115e-17   528
  6.517148e-01   3.558719e-16   2.863130e-04   2.156767e-17   600
  6.530425e-01   4.735968e-16   2.379487e-04   4.234639e-17   900
  6.539577e-01   6.707133e-16   1.317325e-04   4.276709e-17   696
  6.552168e-01   4.153517e-16   3.330907e-04   2.742524e-17   696
  6.564349e-01   2.806467e-16   1.351317e-04   1.167783e-17   552
  6.574592e-01   1.913578e-16   1.571457e-04   1.013137e-17   708
  6.585322e-01   3.579910e-16   2.594565e-04   1.673032e-17   876
  6.596487e-01   4.685140e-16   1.377663e-04   2.920297e-17   216
  6.603980e-01   3.279921e-16   3.768094e-04   8.099477e-18   1032
  6.615201e-01   4.336057e-16   4.195357e-04   1.705093e-17   600
  6.626848e-01   3.759595e-16   2.001869e-04   2.318460e-17   600
  6.635732e-01   3.857090e-16   3.535112e-04   2.397385e-17   528
  6.646233e-01   4.912984e-16   1.940622e-04   2.143190e-17   732
  6.657296e-01   3.910056e-16   1.432973e-04   2.484875e-17   336
  6.670031e-01   3.885266e-16   2.042271e-04   2.130834e-17   912
  6.679548e-01   2.257769e-16   2.049821e-04   6.938255e-18   624
  6.689946e-01   5.274575e-16   1.727341e-04   3.074075e-17   768
  6.702082e-01   4.235618e-16   3.116463e-04   1.911529e-17   792
  6.713995e-01   3.238161e-16   1.545014e-04   1.023608e-17   660
  6.722471e-01   2.306056e-16   2.276826e-04   7.320059e-18   504
  6.731238e-01   3.946105e-16   3.719898e-04   3.193612e-17   480
  6.744376e-01   2.992290e-16   3.440421e-04   1.677814e-17   912
  6.754664e-01   1.807034e-16   3.831443e-04   5.712691e-18   432
  6.764380e-01   1.866560e-16   2.275021e-04   8.758121e-18   564
  6.773006e-01   2.468775e-16   2.177508e-04   1.248509e-17   600
  6.785149e-01   2.311171e-16   3.035240e-04   7.075173e-18   876
  6.794272e-01   1.923175e-16   1.364735e-04   7.678301e-18   264
  6.806846e-01   5.855537e-16   2.648123e-04   4.361030e-17   560
  6.816953e-01   3.530599e-16   1.799457e-04   2.421564e-17   840
  6.829222e-01   1.740464e-16   2.774244e-04   4.019935e-18   1008
  6.840568e-01   3.184940e-16   1.241010e-04   1.292791e-17   456
  6.850930e-01   2.518253e-16   1.607553e-04   1.121132e-17   576
  6.860509e-01   3.562635e-16   2.470177e-04   1.126436e-17   612
  6.873140e-01   1.908089e-16   2.206269e-04   5.879948e-18   780
  6.883444e-01   3.464032e-16   2.528284e-04   1.111793e-17   648
  6.893992e-01   2.071258e-16   1.178213e-04   1.480785e-17   312
  6.900734e-01   2.805489e-16   2.993645e-04   7.620177e-18   528
  6.912414e-01   3.698105e-16   3.909551e-04   1.085025e-17   720
  6.923583e-01   2.665404e-16   3.921794e-04   1.017344e-17   576
  6.937124e-01   5.476411e-16   3.383053e-04   3.158621e-17   444
  6.945549e-01   1.199179e-15   3.317685e-04   1.113643e-16   996
  6.955874e-01   3.728394e-16   2.771265e-04   1.294811e-17   432
  6.965633e-01   8.328992e-16   3.033990e-04   3.961826e-17   504
  6.974062e-01   3.693062e-16   1.367883e-04   2.505611e-17   504
  6.986065e-01   3.500114e-16   2.692009e-04   1.212508e-17   876
  6.996926e-01   5.945959e-16   3.098246e-04   2.353877e-17   504
  7.008236e-01   4.027617e-16   1.975899e-04   2.389323e-17   696
  7.017583e-01   5.361836e-16   1.689187e-04   2.209327e-17   492
  7.030300e-01   6.496231e-16   2.418152e-04   3.432061e-17   432
  7.039719e-01   4.494646e-16   2.264335e-04   2.443178e-17   768
  7.050885e-01   4.703967e-16   2.820533e-04   1.748652e-17   648
  7.061547e-01   3.523241e-16   1.840095e-04   1.848991e-17   456
  7.073798e-01   3.595160e-16   2.530430e-04   2.555410e-17   552
  7.082306e-01   9.456803e-16   1.734358e-04   6.640340e-17   648
  7.094016e-01   1.215838e-15   2.826907e-04   1.132411e-16   840
  7.105454e-01   5.288969e-16   1.348092e-04   1.922719e-17   432
  7.116906e-01   3.789592e-16   1.651183e-04   1.584819e-17   600
  7.124870e-01   4.084440e-16   1.759227e-04   2.304185e-17   432
  7.138248e-01   3.311244e-16   1.751482e-04   1.091442e-17   560
  7.147308e-01   2.627841e-16   2.772412e-04   1.823687e-17   840
  7.158652e-01   1.862437e-16   1.642140e-04   8.539559e-18   504
  7.167662e-01   2.090962e-16   3.351509e-04   7.628735e-18   696
  7.180362e-01   4.040121e-16   1.830475e-04   3.629353e-17   384
  7.190254e-01   2.040908e-16   2.681431e-04   1.067143e-17   576
  7.202219e-01   2.697441e-16   1.654845e-04   1.566240e-17   360
  7.211864e-01   2.797278e-16   2.464465e-04   7.791157e-18   828
  7.222268e-01   9.075626e-16   2.195064e-04   1.509509e-16   372
  7.231800e-01   5.727231e-16   3.352284e-04   4.729878e-17   576
  7.244428e-01   5.360407e-16   1.403933e-04   2.299763e-17   636
  7.253425e-01   4.384863e-16   2.706420e-04   2.173040e-17   648
  7.265596e-01   4.177101e-16   2.200024e-04   3.782037e-17   576
  7.274333e-01   7.772190e-16   3.548870e-04   4.737304e-17   528
  7.285953e-01   4.590455e-16   1.517289e-04   2.918691e-17   360
  7.295571e-01   7.143545e-16   3.490332e-04   2.799696e-17   672
  7.308130e-01   6.702141e-16   1.787806e-04   3.040532e-17   804
  7.318582e-01   1.025931e-15   1.972163e-04   4.713159e-17   408
  7.330145e-01   6.229281e-16   1.219011e-04   4.891270e-17   384
  7.337931e-01   4.086040e-16   2.789567e-04   2.941825e-17   480
  7.348913e-01   5.346260e-16   1.802469e-04   3.621485e-17   432
  7.359446e-01   7.557143e-16   3.321566e-04   3.132942e-17   648
  7.371913e-01   6.005829e-16   2.061016e-04   4.176130e-17   624
  7.381033e-01   2.678367e-16   1.874668e-04   1.731151e-17   456
  7.393486e-01   7.229581e-16   2.560963e-04   4.418784e-17   588
  7.401831e-01   4.637269e-16   1.633884e-04   2.577687e-17   600
  7.414016e-01   5.026667e-16   2.548458e-04   1.685871e-17   708
  7.423640e-01   4.481156e-16   1.605479e-04   2.781179e-17   360
  7.434275e-01   6.098134e-16   1.845541e-04   2.954190e-17   552
  7.444470e-01   1.043543e-16   1.294691e-04   6.211121e-18   288
  7.454820e-01   1.755416e-16   2.434372e-04   1.047350e-17   528
  7.464545e-01   2.988502e-16   1.642340e-04   1.215476e-17   456
  7.475410e-01   3.134665e-16   2.912225e-04   1.219017e-17   608
  7.486338e-01   8.572559e-17   1.408967e-04   3.695760e-18   504
  7.498278e-01   4.927480e-16   3.024972e-04   3.355060e-17   540
  7.507642e-01   2.323475e-16   3.247222e-04   2.153534e-17   360
  7.517735e-01   2.701611e-16   1.470509e-04   1.104322e-17   540
  7.526661e-01   3.438161e-16   1.262606e-04   1.536267e-17   576
  7.539642e-01   3.260154e-16   2.927555e-04   2.019315e-17   588
  7.551985e-01   2.283307e-16   4.039143e-04   1.064391e-17   672
  7.562588e-01   3.031003e-16   3.087151e-04   9.008521e-18   552
  7.571135e-01   1.490007e-16   3.088712e-04   9.041989e-18   144
  7.582042e-01   3.550068e-16   2.624178e-04   1.580857e-17   600
  7.592383e-01   1.547916e-16   3.288668e-04   5.260064e-18   504
  7.603860e-01   4.345749e-16   3.378126e-04   2.573572e-17   336
  7.615932e-01   4.087473e-16   3.797028e-04   1.476027e-17   600
  7.626744e-01   4.382775e-16   2.450478e-04   2.006868e-17   636
  7.638413e-01   6.478033e-16   1.970206e-04   5.332862e-17   384
  7.646595e-01   4.765800e-16   2.748205e-04   2.828014e-17   504
  7.658387e-01   4.850944e-17   1.153383e-04   2.618076e-18   240
  7.667694e-01   3.570049e-16   2.709461e-04   1.981426e-17   744
  7.678860e-01   3.199242e-16   1.850150e-04   1.589964e-17   648
  7.688783e-01   8.984053e-16   1.228185e-04   1.233326e-16   120
  7.700414e-01   3.185615e-16   1.929319e-04   1.161738e-17   564
  7.709202e-01   4.288305e-16   3.030111e-04   3.664620e-17   432
  7.720932e-01   3.238618e-16   2.351965e-04   1.542134e-17   480
  7.729764e-01   3.184976e-16   1.731106e-04   1.439279e-17   456
  7.740189e-01   1.469956e-16   2.864725e-04   1.261899e-17   444
  7.752020e-01   3.957578e-16   4.383180e-04   2.359619e-17   528
  7.762412e-01   9.999855e-17   3.255297e-04   6.552221e-18   264
  7.772498e-01   1.812087e-16   3.336195e-04   1.469859e-17   444
  7.786065e-01   2.825135e-16   3.654311e-04   1.018909e-17   696
  7.797327e-01   3.480759e-16   1.954448e-04   2.277007e-17   384
  7.805563e-01   1.719148e-16   2.469609e-04   4.789040e-18   432
  7.818373e-01   1.898655e-16   1.706384e-04   6.631658e-18   488
  7.826690e-01   2.493079e-16   2.571733e-04   1.607988e-17   480
  7.838749e-01   2.181686e-16   2.868014e-04   6.993689e-18   480
  7.848089e-01   1.497631e-16   1.203331e-04   9.296595e-18   240
  7.858692e-01   2.728626e-16   2.810886e-04   9.148689e-18   600
  7.868694e-01   2.940126e-16   2.449399e-04   1.447244e-17   288
  7.879343e-01   2.864328e-16   2.356143e-04   1.164041e-17   480
  7.890129e-01   2.085131e-16   4.191157e-04   6.387040e-18   504
  7.900748e-01   3.616281e-16   1.798267e-04   2.317745e-17   216
  7.914291e-01   1.914830e-16   2.944050e-04   4.925788e-18   504
  7.924838e-01   2.923491e-16   2.367912e-04   1.492222e-17   456
  7.936384e-01   5.364984e-16   1.358038e-04   1.696680e-17   384
  7.944031e-01   3.537071e-16   2.756326e-04   1.775668e-17   480
  7.954897e-01   2.697769e-16   2.420363e-04   1.042682e-17   504
  7.964966e-01   2.134591e-16   1.535327e-04   8.201517e-18   312
  7.975815e-01   2.594789e-16   2.474127e-04   9.387464e-18   492
  7.985417e-01   1.581470e-16   2.318919e-04   5.817932e-18   312
  7.997779e-01   2.067768e-16   3.766899e-04   1.221844e-17   576
  8.008661e-01   3.806097e-16   3.477153e-04   2.390863e-17   336
  8.017699e-01   8.689384e-17   2.677247e-04   5.816239e-18   240
  8.030228e-01   1.812837e-16   3.549351e-04   6.293553e-18   468
  8.041047e-01   1.661792e-16   2.222407e-04   5.080971e-18   192
  8.052370e-01   1.609527e-16   2.229031e-04   1.260987e-17   324
  8.060669e-01   1.639053e-16   1.617794e-04   5.792023e-18   600
  8.071978e-01   2.914557e-16   2.624704e-04   1.623683e-17   456
  8.080377e-01   1.936193e-16   1.180592e-04   5.449983e-18   336
  8.094297e-01   2.297507e-16   3.535027e-04   9.226549e-18   612
  8.104424e-01   1.479915e-16   2.966749e-04   1.038844e-17   144
  8.114002e-01   1.508029e-16   3.462957e-04   4.967689e-18   552
  8.127025e-01   1.676864e-16   1.363755e-04   9.875056e-18   264
  8.134384e-01   2.559209e-16   3.157441e-04   1.600696e-17   336
  8.145992e-01   4.044889e-16   2.086329e-04   2.111458e-17   384
  8.156059e-01   3.586644e-16   1.174397e-04   1.705349e-17   216
  8.167203e-01   1.702931e-16   2.489964e-04   6.088298e-18   344
  8.177364e-01   2.833738e-16   3.715143e-04   1.519837e-17   408
  8.189746e-01   2.613681e-16   2.854845e-04   1.207996e-17   264
  8.200718e-01   2.211920e-16   3.979796e-04   8.840111e-18   612
  8.211681e-01   2.797822e-16   2.048307e-04   8.807292e-18   408
  8.222956e-01   3.428822e-16   2.051251e-04   2.880936e-17   444
  8.231239e-01   6.428592e-16   1.147249e-04   6.861973e-17   120
  8.242338e-01   2.166516e-16   3.169640e-04   1.038186e-17   336
  8.250576e-01   2.972383e-16   1.101437e-04   1.054700e-17   288
  8.261708e-01   3.531668e-16   3.427692e-04   2.012350e-17   552
  8.277012e-01   4.965473e-16   1.835347e-08   1.453058e-18   72
  8.284882e-01   4.085856e-16   3.404572e-04   2.673529e-17   504
  8.294074e-01   2.958967e-16   1.095558e-04   2.244721e-17   216
  8.305983e-01   4.853760e-16   1.956043e-04   2.944876e-17   312
  8.316675e-01   2.624531e-16   2.227263e-04   1.400319e-17   336
  8.326865e-01   2.675305e-16   3.087236e-04   1.116061e-17   204
  8.337014e-01   3.848271e-16   3.587838e-04   1.942027e-17   504
  8.347777e-01   8.883570e-17   3.416652e-04   5.118726e-18   396
  8.358127e-01   1.587918e-16   3.133249e-04   8.593265e-18   312
  8.370674e-01   2.134896e-16   1.914750e-04   2.067114e-17   216
  8.379516e-01   3.807176e-16   1.039172e-04   1.855878e-17   168
  8.390260e-01   3.223737e-16   2.623966e-04   1.198720e-17   588
  8.402521e-01   3.944818e-16   3.561727e-04   2.153304e-17   240
  8.412047e-01   3.124810e-16   3.145601e-04   1.263296e-17   264
  8.423219e-01   2.392162e-16   3.890183e-04   1.082879e-17   288
  8.433131e-01   3.104645e-16   1.942596e-04   1.959418e-17   288
  8.445693e-01   1.623617e-16   1.824406e-04   7.052585e-18   288
  8.454153e-01   6.633059e-16   2.113423e-04   2.150867e-17   192
  8.464795e-01   2.744135e-16   2.248894e-04   1.666128e-17   264
  8.474933e-01   1.685407e-16   3.699119e-04   7.425832e-18   372
  8.485844e-01   5.573065e-16   3.995208e-04   3.990611e-17   360
  8.499161e-01   4.557843e-16   1.690810e-04   3.044493e-17   144
  8.506044e-01   2.167505e-16   2.348461e-04   1.009040e-17   296
  8.516909e-01   3.610777e-16   2.530345e-04   1.474780e-17   288
  8.529347e-01   4.357885e-16   3.781537e-04   3.456981e-17   480
  8.540076e-01   5.413793e-16   3.142096e-04   8.590239e-17   192
  8.550509e-01   1.207690e-15   3.370327e-04   1.901298e-16   192
  8.559992e-01   5.142406e-16   2.147949e-04   4.532506e-17   288
  8.573180e-01   2.898768e-16   1.869760e-04   1.990541e-17   108
  8.579823e-01   9.782464e-16   1.797545e-04   6.975924e-17   240
  8.591554e-01   2.718542e-16   3.353363e-04   1.344103e-17   384
  8.603605e-01   2.013542e-16   4.090723e-04   1.095885e-17   108
  8.614261e-01   5.057784e-16   2.398466e-04   7.614116e-17   348
  8.625466e-01   3.080268e-16   2.503134e-04   4.187106e-17   312
  8.635474e-01   1.843886e-16   2.432319e-04   3.218376e-17   96
  8.644677e-01   5.390163e-16   3.238194e-04   2.777436e-17   384
  8.654984e-01   1.345642e-16   2.227222e-04   8.147626e-18   144
  8.665066e-01   5.423253e-16   3.422225e-04   4.744120e-17   408
  8.677598e-01   4.192728e-16   1.526554e-04   3.022942e-17   144
  8.689437e-01   2.854484e-16   2.934816e-04   1.449168e-17   192
  8.696459e-01   3.894135e-16   3.303190e-04   2.171141e-17   144
  8.707904e-01   4.696478e-16   2.685615e-04   4.250690e-17   144
  8.718702e-01   2.084477e-16   3.282257e-04   1.250413e-17   336
  8.731927e-01   6.781325e-16   2.428454e-04   7.182514e-17   240
  8.740312e-01   1.767518e-16   1.102739e-04   9.441905e-18   96
  8.752007e-01   3.038318e-16   3.233803e-04   1.357313e-17   372
  8.763838e-01   9.838896e-17   3.846540e-04   1.228873e-17   132
  8.774230e-01   2.362441e-16   2.380193e-04   2.224907e-17   264
  8.783527e-01   2.434198e-16   1.827880e-04   2.145453e-17   168
  8.793449e-01   6.345515e-16   2.922429e-04   6.611812e-17   216
  8.802213e-01   3.696466e-16   1.787978e-04   1.230398e-17   216
  8.814979e-01   3.320899e-17   3.280196e-04   2.363816e-19   96
  8.826561e-01   3.327211e-16   2.140028e-04   2.854553e-17   120
  8.837183e-01   2.354525e-16   2.720578e-04   3.050507e-17   216
  8.845934e-01   4.256542e-16   1.188902e-04   1.842900e-17   200
  8.857519e-01   3.798456e-16   3.077557e-04   2.970340e-17   288
  8.872378e-01   2.832476e-16   8.097649e-05   1.130835e-17   144
  8.878635e-01   3.622491e-16   2.519939e-04   4.893192e-17   168
  8.891412e-01   2.180284e-16   2.835956e-04   1.265669e-17   159
  8.901386e-01   2.869372e-16   2.975600e-04   9.785030e-18   174
  8.911039e-01   5.778043e-16   2.698170e-04   8.251196e-17   144
  8.923678e-01   3.883810e-16   1.557998e-04   2.183259e-17   222
  8.932131e-01   4.736236e-17   1.572158e-04   3.120677e-18   168
  8.946732e-01   1.130750e-16   3.448346e-04   4.998002e-19   30
  8.952763e-01   2.890225e-16   3.044637e-04   3.638251e-19   72
  8.964123e-01   3.929470e-16   2.717302e-04   2.999272e-17   258
  8.976612e-01   3.079831e-16   1.701916e-04   2.640745e-17   264
  8.982857e-01   1.603357e-16   0.000000e+00   2.722264e-18   72
  8.995871e-01   1.697671e-16   3.373270e-04   1.023510e-17   174
  9.007654e-01   3.662590e-16   3.591909e-04   2.688366e-17   168
  9.017127e-01   8.019883e-17   1.123916e-08   0.000000e+00   48
  9.027297e-01   1.198011e-16   2.028435e-04   1.162251e-17   150
  9.039088e-01   1.976298e-16   3.731453e-04   6.600228e-18   168
  9.050911e-01   1.226653e-16   2.273028e-04   9.153302e-18   144
  9.061784e-01   4.550963e-16   2.123525e-04   3.024774e-17   102
  9.069882e-01   3.142390e-16   3.143182e-04   4.181724e-17   96
  9.082731e-01   3.047703e-16   3.119397e-04   3.298766e-17   120
  9.092246e-01   7.477220e-17   3.345635e-04   8.813273e-18   168
  9.102538e-01   1.158444e-16   2.470487e-04   9.439038e-18   126
  9.111308e-01   2.254500e-16   1.863241e-04   1.646822e-17   168
  9.123389e-01   3.084381e-16   2.987709e-04   1.561509e-17   72
  9.133947e-01   7.698032e-17   3.741278e-04   3.449734e-18   168
  9.143196e-01   2.792828e-16   1.025668e-04   3.491922e-17   78
  9.155870e-01   1.813727e-16   1.684070e-04   1.954316e-17   60
  9.166075e-01   2.833217e-16   2.731835e-04   2.754328e-17   96
  9.176659e-01   2.705629e-16   3.314854e-04   1.921195e-17   168
  9.186605e-01   3.381283e-16   2.097511e-04   5.358603e-17   86
  9.197042e-01   1.821775e-16   1.874678e-04   7.481383e-18   120
  9.212002e-01   1.132052e-16   1.336894e-04   6.089521e-18   168
  9.220069e-01   1.048448e-17   0.000000e+00   0.000000e+00   48
  9.230934e-01   5.308265e-17   2.435676e-04   3.667577e-18   120
  9.237177e-01   2.575760e-16   1.776924e-04   2.344699e-17   126
  9.252418e-01   1.286065e-16   3.125113e-04   3.468246e-18   96
  9.262310e-01   2.653620e-16   9.011285e-05   2.156418e-17   96
  9.270111e-01   2.109917e-16   0.000000e+00   7.890204e-18   72
  9.286731e-01   4.668037e-16   1.123916e-08   1.381333e-24   24
  9.297104e-01   1.213551e-16   1.854501e-04   1.013824e-17   120
  9.305196e-01   3.090491e-16   2.705147e-04   4.961296e-17   126
  9.314194e-01   2.550048e-16   2.255107e-04   1.587529e-17   96
  9.324708e-01   1.493482e-16   3.897482e-04   1.047149e-17   72
  9.336415e-01   4.602841e-17   1.685792e-04   4.902258e-18   144
  9.346046e-01   1.201080e-16   9.723254e-05   1.811228e-17   72
  9.355666e-01   3.128897e-16   1.942081e-04   1.438928e-17   54
  9.364132e-01   1.215715e-16   1.711436e-04   6.025628e-18   108
  9.381728e-01   2.115292e-16   1.677650e-04   3.484225e-17   72
  9.387206e-01   3.371743e-16   9.680617e-05   4.287322e-17   72
  9.400202e-01   1.161565e-15   1.946680e-08   3.906999e-24   24
  9.412498e-01   3.726873e-16   2.047976e-04   2.626055e-17   48
  9.419964e-01   1.245627e-16   1.560029e-04   1.068209e-17   102
  9.431203e-01   1.817691e-16   3.528137e-04   8.997998e-18   168
  9.445889e-01   3.737581e-17   1.924163e-04   4.883888e-18   72
  9.451330e-01   7.008475e-17   0.000000e+00   0.000000e+00   48
  9.462744e-01   7.460294e-17   3.309678e-04   3.870578e-18   120
  9.477807e-01   6.692002e-17   2.033864e-04   5.024134e-18   96
  9.492033e-01   8.650072e-16   2.202416e-08   9.850124e-17   30
  9.508942e-01   1.673039e-16   9.555995e-05   6.106913e-18   72
  9.516372e-01   2.478725e-16   1.123916e-08   0.000000e+00   24
  9.525916e-01   1.461600e-16   1.416435e-04   8.031177e-18   56
  9.536606e-01   9.732663e-17   2.021324e-04   4.264874e-18   96
  9.549399e-01   1.242721e-16   2.232036e-04   1.013535e-17   144
  9.559263e-01   3.992957e-16   1.267263e-04   1.206813e-16   54
  9.573592e-01   1.438063e-16   1.898493e-04   1.931585e-17   108
  9.588012e-01   1.952957e-16   1.005243e-04   2.703560e-17   48
  9.601739e-01   2.482643e-17   3.785063e-04   1.316208e-18   72
  9.634680e-01   2.161629e-16   2.500803e-04   3.235054e-17   78
  9.643808e-01   3.950270e-17   1.884669e-04   1.777500e-18   72
  9.654462e-01   7.827210e-17   1.882329e-04   6.432842e-18   72
  9.665603e-01   7.589706e-17   4.542266e-04   1.150867e-17   96
  9.674408e-01   1.108274e-16   1.878449e-04   1.698405e-17   72
  9.685029e-01   1.194693e-15   0.000000e+00   0.000000e+00   24
  9.695638e-01   1.199983e-16   3.748416e-04   4.830319e-18   72
  9.719599e-01   3.205622e-17   2.380359e-04   4.276720e-18   30
  9.724755e-01   1.954430e-16   0.000000e+00   8.458901e-25   24
  9.752466e-01   7.527750e-17   1.976584e-04   4.334819e-18   48
  9.761159e-01   4.068544e-17   4.253608e-04   5.798860e-18   120
  9.772870e-01   8.184963e-17   1.859776e-04   4.213972e-18   72
  9.784697e-01   2.021324e-16   1.857528e-04   2.042651e-17   36
  9.792826e-01   1.790895e-16   3.671339e-04   1.328490e-17   78
  9.815513e-01   1.938304e-16   1.963888e-04   2.781896e-17   48
  9.844928e-01   5.885167e-17   1.589457e-08   1.726666e-25   24
  9.865884e-01   8.861240e-17   1.367612e-04   4.852951e-18   56
  9.876436e-01   7.879628e-17   2.104496e-04   1.217535e-17   102
  9.889860e-01   1.174110e-16   1.498555e-08   7.080439e-18   72
  9.897653e-01   3.149161e-17   0.000000e+00   0.000000e+00   24
  9.911277e-01   1.214110e-16   1.944913e-04   1.588996e-17   48
  9.936528e-01   2.725594e-16   0.000000e+00   9.767497e-25   24
  9.967520e-01   2.157520e-17   0.000000e+00   0.000000e+00   6
  9.977185e-01   3.906339e-17   0.000000e+00   8.633329e-26   24
  9.983623e-01   6.260520e-17   1.820511e-04   9.711859e-18   72
  9.995384e-01   1.416463e-16   3.396336e-04   1.178610e-17   84
  1.000805e+00   1.116328e-19   0.000000e+00   0.000000e+00   24
  1.001190e+00   8.605521e-17   1.589457e-08   2.441874e-25   24
  1.003114e+00   2.484404e-16   1.123916e-08   6.906663e-25   24
  1.005800e+00   1.332030e-16   0.000000e+00   0.000000e+00   6
  1.009244e+00   4.892898e-17   1.910001e-04   5.462957e-18   48
  1.010072e+00   1.728508e-16   3.598129e-04   1.166974e-17   72
  1.011152e+00   2.224207e-16   1.906396e-04   1.405438e-17   48
  1.012867e+00   7.471261e-18   0.000000e+00   0.000000e+00   24
  1.015148e+00   3.349263e-16   1.123916e-08   1.953499e-24   6
  1.020262e+00   1.234705e-42   0.000000e+00   3.402431e-43   8
  1.020640e+00   7.896951e-18   1.123916e-08   0.000000e+00   48
  1.021546e+00   3.680561e-16   1.848806e-04   5.771604e-17   60
  1.022904e+00   5.321330e-16   0.000000e+00   0.000000e+00   24
  1.024787e+00   3.223869e-17   0.000000e+00   0.000000e+00   6
  1.031723e+00   3.749332e-16   0.000000e+00   0.000000e+00   24
  1.032283e+00   5.274845e-17   1.867372e-04   6.533375e-18   48
  1.033217e+00   5.428283e-16   0.000000e+00   0.000000e+00   24
  1.034708e+00   9.828012e-16   1.123916e-08   0.000000e+00   6
  1.043181e+00   3.963164e-16   1.742080e-04   8.298407e-17   36
  1.043797e+00   3.930220e-16   0.000000e+00   1.381333e-24   24
  1.044904e+00   2.443587e-17   0.000000e+00   0.000000e+00   6
  1.054545e+00   2.721838e-16   1.583190e-04   2.804908e-17   32
  1.055367e+00   9.850352e-16   1.123916e-08   9.570154e-24   6
  1.065728e+00   3.732932e-16   0.000000e+00   0.000000e+00   12
  1.066089e+00   6.073272e-17   0.000000e+00   0.000000e+00   6
  1.077063e+00   9.776798e-17   1.589457e-08   6.906663e-25   6
