# power spectrum of hij
# redshift z=0.000000
# k              Pk             sigma(k)       sigma(Pk)      count
  1.963495e-02   2.483997e-37   0.000000e+00   1.158074e-37   6
  2.776802e-02   4.301670e-13   0.000000e+00   3.963966e-22   12
  3.400874e-02   2.116035e-37   3.725290e-10   3.039309e-38   8
  3.926991e-02   1.145046e-36   0.000000e+00   6.075615e-37   6
  4.390509e-02   1.788879e-14   0.000000e+00   0.000000e+00   24
  4.809562e-02   1.838499e-13   7.024475e-10   0.000000e+00   24
  5.553604e-02   6.371007e-14   0.000000e+00   3.963966e-22   12
  5.890486e-02   2.556949e-14   7.947286e-10   2.350948e-15   30
  6.209118e-02   4.298828e-15   0.000000e+00   0.000000e+00   24
  6.512178e-02   7.878481e-14   1.216675e-09   0.000000e+00   24
  6.801748e-02   9.914185e-38   7.450581e-10   7.476957e-39   8
  7.079483e-02   7.397528e-15   9.934107e-10   1.517140e-23   24
  7.346727e-02   9.413337e-15   0.000000e+00   8.759210e-24   48
  7.853982e-02   1.016115e-36   0.000000e+00   1.155789e-37   6
  8.095699e-02   3.255444e-15   1.404895e-09   8.952640e-16   48
  8.330406e-02   5.976161e-14   0.000000e+00   9.707839e-15   36
  8.558678e-02   6.743016e-15   9.934107e-10   0.000000e+00   24
  8.781018e-02   1.133179e-15   0.000000e+00   0.000000e+00   24
  8.997866e-02   3.213374e-14   0.000000e+00   0.000000e+00   48
  9.209610e-02   1.805526e-14   1.404895e-09   0.000000e+00   24
  9.619124e-02   6.692265e-14   1.404895e-09   1.401474e-22   24
  9.817477e-02   5.127937e-15   0.000000e+00   4.825219e-16   30
  1.001190e-01   1.763055e-14   0.000000e+00   1.010486e-15   72
  1.020262e-01   1.249767e-15   1.490116e-09   4.941213e-16   32
  1.057375e-01   1.078642e-14   0.000000e+00   7.246963e-16   72
  1.075451e-01   5.414023e-15   0.000000e+00   0.000000e+00   48
  1.110721e-01   5.021750e-14   0.000000e+00   0.000000e+00   12
  1.127942e-01   4.531015e-15   0.000000e+00   1.331379e-16   48
  1.144905e-01   5.391312e-15   0.000000e+00   1.039206e-16   48
  1.161620e-01   3.738509e-15   1.404895e-09   5.474506e-25   48
  1.178097e-01   2.500495e-15   1.589457e-09   4.177100e-16   30
  1.194348e-01   1.276348e-16   1.404895e-09   1.094901e-24   24
  1.210380e-01   1.165785e-14   2.961779e-09   5.390333e-16   72
  1.241824e-01   1.710346e-15   0.000000e+00   0.000000e+00   24
  1.257251e-01   6.601542e-15   0.000000e+00   5.655187e-16   96
  1.272490e-01   3.762051e-15   0.000000e+00   0.000000e+00   48
  1.287550e-01   1.049680e-15   2.433349e-09   1.751842e-23   24
  1.302436e-01   5.662094e-15   2.433349e-09   6.068559e-23   24
  1.317153e-01   3.345240e-15   0.000000e+00   9.393025e-17   72
  1.331707e-01   2.178662e-15   0.000000e+00   3.871061e-25   48
  1.360350e-01   2.356596e-37   1.490116e-09   1.049759e-38   8
  1.374447e-01   1.435230e-15   1.766064e-09   1.374317e-17   54
  1.388401e-01   1.218126e-14   0.000000e+00   1.160007e-15   84
  1.402216e-01   1.079057e-14   0.000000e+00   3.983212e-16   48
  1.415897e-01   1.716125e-17   1.986821e-09   2.963163e-26   24
  1.429446e-01   4.475782e-15   1.873193e-09   4.469886e-16   72
  1.442869e-01   5.640326e-15   0.000000e+00   4.636453e-16   96
  1.469345e-01   1.675975e-14   0.000000e+00   4.379605e-24   48
  1.482407e-01   1.449499e-15   0.000000e+00   6.317966e-17   48
  1.495354e-01   1.285694e-15   1.986821e-09   1.935530e-25   24
  1.508189e-01   8.397403e-16   0.000000e+00   1.384017e-16   72
  1.533539e-01   3.763334e-15   1.873193e-09   1.397900e-16   72
  1.546058e-01   2.641969e-15   0.000000e+00   1.144860e-17   96
  1.570796e-01   1.449626e-36   0.000000e+00   3.214894e-37   6
  1.583021e-01   2.088971e-15   0.000000e+00   4.987035e-16   96
  1.595151e-01   4.907998e-16   1.986821e-09   3.255661e-17   96
  1.607190e-01   3.344832e-15   0.000000e+00   2.189803e-24   24
  1.619140e-01   4.279259e-16   2.809790e-09   2.768560e-17   48
  1.631002e-01   4.658886e-15   0.000000e+00   1.521230e-16   96
  1.642778e-01   7.402865e-16   0.000000e+00   5.474506e-25   48
  1.666081e-01   1.018490e-14   0.000000e+00   2.240199e-15   36
  1.677611e-01   3.248595e-16   3.441276e-09   3.073659e-19   48
  1.689063e-01   8.667153e-15   3.893359e-09   2.376354e-16   120
  1.700437e-01   1.350581e-14   0.000000e+00   8.532706e-16   56
  1.711736e-01   1.345801e-15   1.986821e-09   4.379605e-24   24
  1.722960e-01   2.889878e-15   0.000000e+00   8.920306e-18   96
  1.734112e-01   1.027106e-14   0.000000e+00   8.759210e-24   48
  1.756204e-01   1.669540e-16   0.000000e+00   0.000000e+00   24
  1.767146e-01   1.010970e-15   0.000000e+00   3.751376e-17   102
  1.778021e-01   1.407576e-15   0.000000e+00   1.359016e-16   48
  1.788829e-01   2.095919e-15   0.000000e+00   2.416546e-16   72
  1.799573e-01   7.970471e-16   0.000000e+00   0.000000e+00   48
  1.810253e-01   1.157582e-15   0.000000e+00   2.416997e-16   48
  1.820871e-01   5.212008e-15   4.495664e-09   1.409575e-16   120
  1.841922e-01   1.633869e-15   2.809790e-09   0.000000e+00   24
  1.852358e-01   6.464006e-15   2.649095e-09   1.786890e-16   144
  1.862735e-01   1.145351e-15   3.178914e-09   1.171117e-16   120
  1.873055e-01   4.123896e-15   2.809790e-09   1.238739e-23   48
  1.893526e-01   4.436974e-15   2.809790e-09   0.000000e+00   48
  1.903679e-01   1.269465e-15   2.809790e-09   1.922410e-16   96
  1.930487e-01   1.867133e-15   4.711199e-04   7.191316e-17   72
  1.943761e-01   9.565345e-15   3.532127e-09   1.265539e-15   108
  1.953653e-01   2.262587e-15   0.000000e+00   2.001396e-16   72
  1.963495e-01   3.113892e-17   0.000000e+00   2.792893e-20   30
  1.973288e-01   5.561658e-15   0.000000e+00   4.218040e-16   168
  1.983033e-01   5.176894e-16   0.000000e+00   8.342389e-17   48
  2.002380e-01   3.613335e-15   0.000000e+00   2.116535e-16   72
  2.011984e-01   4.933352e-16   0.000000e+00   2.409177e-18   96
  2.021542e-01   4.181912e-16   5.298191e-09   2.177467e-17   72
  2.031055e-01   6.288401e-16   0.000000e+00   7.428120e-17   72
  2.047049e-01   1.277730e-15   4.350048e-04   3.136415e-16   104
  2.059331e-01   2.524831e-15   3.746387e-09   4.549426e-17   144
  2.087224e-01   1.289300e-15   6.282881e-09   9.430119e-18   96
  2.096439e-01   5.362512e-15   0.000000e+00   2.260268e-16   96
  2.111095e-01   9.799567e-16   4.475232e-04   2.021872e-16   120
  2.123845e-01   5.306316e-15   0.000000e+00   8.634365e-17   120
  2.132902e-01   3.265498e-15   0.000000e+00   2.048456e-16   72
  2.150901e-01   3.575451e-16   0.000000e+00   1.094901e-24   48
  2.159845e-01   4.840972e-15   4.235416e-09   1.114286e-16   78
  2.171286e-01   3.206415e-15   4.007142e-04   1.777610e-16   168
  2.195255e-01   7.266103e-16   3.746387e-09   4.335447e-17   144
  2.204018e-01   2.593173e-15   3.746387e-09   3.430845e-16   144
  2.229436e-01   3.308483e-15   2.307791e-04   8.191764e-16   156
  2.238729e-01   9.732192e-16   4.866699e-09   5.072931e-18   48
  2.247323e-01   2.633918e-15   3.178914e-09   1.288429e-16   120
  2.255884e-01   1.940769e-15   0.000000e+00   2.162338e-17   48
  2.271022e-01   2.774521e-15   3.532495e-04   3.070431e-16   216
  2.289809e-01   2.664849e-16   0.000000e+00   4.188988e-17   48
  2.298212e-01   6.992939e-16   2.809790e-09   9.207463e-17   96
  2.310160e-01   1.988513e-15   4.128272e-04   1.462218e-16   168
  2.323239e-01   5.777047e-15   2.809790e-09   0.000000e+00   48
  2.331522e-01   1.370090e-15   0.000000e+00   2.277237e-16   96
  2.339775e-01   3.473342e-15   0.000000e+00   0.000000e+00   48
  2.356194e-01   2.115366e-15   3.178914e-09   1.636989e-17   30
  2.364362e-01   4.032857e-15   2.809790e-09   3.841892e-16   96
  2.374123e-01   3.771216e-15   3.244455e-04   1.579921e-16   240
  2.386674e-01   1.177445e-16   3.500299e-04   9.496297e-18   32
  2.396752e-01   2.358614e-15   0.000000e+00   8.189518e-17   168
  2.404781e-01   6.201493e-16   0.000000e+00   1.711692e-16   120
  2.420760e-01   1.153753e-14   5.923557e-09   7.134853e-16   72
  2.428710e-01   4.216842e-16   3.746387e-09   4.682705e-17   144
  2.436634e-01   1.100281e-15   0.000000e+00   1.164046e-16   96
  2.444532e-01   8.288162e-16   0.000000e+00   2.259883e-16   96
  2.460253e-01   7.331522e-16   4.588368e-09   7.899542e-17   72
  2.468075e-01   7.087069e-15   3.973643e-09   3.579445e-16   96
  2.483647e-01   2.977103e-17   0.000000e+00   1.935530e-25   24
  2.491396e-01   2.253983e-15   0.000000e+00   1.100331e-16   192
  2.500522e-01   2.874956e-15   2.970416e-04   5.753577e-16   132
  2.514501e-01   8.215893e-16   0.000000e+00   1.532320e-17   96
  2.522156e-01   6.238896e-15   0.000000e+00   2.255905e-16   96
  2.529787e-01   1.587883e-15   3.178914e-09   3.829204e-17   120
  2.544981e-01   4.961651e-15   0.000000e+00   0.000000e+00   48
  2.557435e-01   1.329764e-15   3.599905e-04   2.801063e-17   222
  2.567603e-01   1.431679e-15   0.000000e+00   3.980715e-16   120
  2.575100e-01   1.800751e-15   4.866699e-09   0.000000e+00   24
  2.586015e-01   1.743013e-15   3.715625e-04   1.041221e-16   312
  2.609797e-01   2.572804e-15   3.483547e-04   1.125375e-15   72
  2.619630e-01   1.235889e-15   2.809790e-09   6.324660e-17   96
  2.629726e-01   1.179900e-15   3.547511e-04   2.947608e-17   192
  2.641613e-01   1.566535e-15   4.495664e-09   6.706607e-17   120
  2.648900e-01   2.572005e-15   0.000000e+00   1.220927e-16   144
  2.663415e-01   5.378496e-16   0.000000e+00   1.548424e-24   48
  2.673732e-01   1.422126e-15   3.567146e-04   6.039940e-17   336
  2.685040e-01   3.533181e-15   0.000000e+00   2.940834e-16   48
  2.699360e-01   2.064936e-15   0.000000e+00   1.781969e-17   192
  2.706492e-01   5.016446e-16   0.000000e+00   0.000000e+00   48
  2.726764e-01   1.893309e-16   2.476067e-04   1.430323e-18   56
  2.736844e-01   1.835727e-15   3.180112e-04   8.073712e-17   336
  2.748894e-01   2.968189e-15   3.532127e-09   1.141553e-16   54
  2.759390e-01   7.656911e-16   3.492904e-04   8.087830e-17   240
  2.781181e-01   2.690085e-15   3.344484e-04   5.620740e-16   228
  2.790651e-01   5.174065e-16   3.746387e-09   9.990386e-17   72
  2.799844e-01   1.187468e-15   3.244231e-04   7.789052e-18   144
  2.811298e-01   2.169616e-15   0.000000e+00   1.120251e-16   96
  2.818146e-01   1.990904e-15   4.495664e-09   4.887008e-17   240
  2.831793e-01   3.747081e-16   3.973643e-09   0.000000e+00   24
  2.840530e-01   1.045962e-15   3.064151e-04   4.965578e-17   336
  2.852142e-01   3.465828e-16   0.000000e+00   1.219487e-17   72
  2.862741e-01   1.413118e-15   3.332831e-04   5.135052e-17   168
  2.872346e-01   9.762874e-16   0.000000e+00   9.361382e-17   72
  2.885737e-01   1.513503e-15   0.000000e+00   1.736560e-16   96
  2.896108e-01   1.162037e-15   3.307829e-04   6.343292e-17   216
  2.905708e-01   8.410409e-16   3.973643e-09   1.155192e-17   96
  2.918946e-01   9.282402e-16   0.000000e+00   6.691169e-17   192
  2.925542e-01   7.192858e-16   3.746387e-09   1.082775e-16   144
  2.938691e-01   2.936408e-15   0.000000e+00   0.000000e+00   48
  2.947794e-01   1.081490e-15   3.189136e-04   5.394780e-17   246
  2.960164e-01   1.275126e-15   2.940434e-04   2.328134e-16   168
  2.971308e-01   4.390015e-16   5.506041e-09   9.163466e-17   120
  2.977788e-01   1.946451e-15   0.000000e+00   8.804817e-17   240
  2.990707e-01   1.724021e-16   3.973643e-09   0.000000e+00   24
  3.001001e-01   3.124766e-15   3.147475e-04   1.162799e-16   360
  3.013820e-01   9.150223e-16   3.134082e-04   4.502401e-17   120
  3.022763e-01   1.841965e-15   0.000000e+00   1.367086e-16   144
  3.029133e-01   1.577844e-15   0.000000e+00   5.779899e-17   96
  3.048165e-01   3.078467e-15   0.000000e+00   8.613775e-17   144
  3.054482e-01   1.471290e-15   0.000000e+00   3.146139e-16   132
  3.063360e-01   1.172715e-15   3.093292e-04   1.138749e-16   176
  3.076248e-01   1.366262e-15   3.123602e-04   3.018805e-17   312
  3.092116e-01   2.886715e-15   0.000000e+00   3.537311e-17   96
  3.098343e-01   1.661285e-15   0.000000e+00   5.824856e-17   144
  3.107899e-01   1.268968e-15   3.092271e-04   3.283883e-17   312
  3.123131e-01   3.521064e-15   0.000000e+00   0.000000e+00   48
  3.129297e-01   6.366500e-16   3.973643e-09   4.298315e-17   192
  3.141593e-01   8.513846e-38   0.000000e+00   4.985934e-39   6
  3.149762e-01   2.611241e-15   2.884066e-04   1.717782e-16   288
  3.162994e-01   3.305077e-16   3.047203e-04   2.443572e-17   192
  3.172124e-01   1.337421e-15   9.345130e-09   7.173653e-17   216
  3.178195e-01   9.237375e-16   0.000000e+00   6.890606e-18   72
  3.193321e-01   5.617327e-16   3.018264e-04   8.176325e-17   192
  3.203366e-01   1.969689e-15   2.241224e-04   7.254058e-17   288
  3.214381e-01   9.422307e-16   0.000000e+00   0.000000e+00   24
  3.222890e-01   9.609064e-16   2.952626e-04   4.210769e-17   456
  3.238280e-01   1.029715e-15   5.619580e-09   1.217125e-19   48
  3.247789e-01   9.996558e-16   2.908218e-04   3.389383e-17   240
  3.258718e-01   1.094116e-15   2.939082e-04   7.156687e-17   216
  3.267908e-01   4.290207e-16   0.000000e+00   7.607147e-17   72
  3.273801e-01   1.116796e-15   1.015467e-08   6.550293e-17   168
  3.290441e-01   1.093269e-15   2.184577e-04   5.990070e-17   288
  3.299773e-01   7.497954e-16   2.890570e-04   2.460423e-17   168
  3.314762e-01   6.215428e-16   0.000000e+00   5.564679e-17   192
  3.320572e-01   1.679848e-15   3.746387e-09   4.443548e-17   144
  3.332162e-01   6.941170e-15   0.000000e+00   9.799010e-16   36
  3.341991e-01   7.609718e-16   2.639705e-04   3.169575e-17   342
  3.351389e-01   3.107671e-16   2.710657e-04   1.460895e-17   144
  3.363470e-01   1.276840e-15   2.842800e-04   1.076267e-16   384
  3.378125e-01   8.499817e-16   7.786718e-09   3.524375e-17   120
  3.385379e-01   1.720684e-16   2.534951e-04   1.753211e-17   264
  3.395201e-01   1.882877e-15   1.256576e-08   2.685580e-17   192
  3.404451e-01   5.628073e-16   2.731894e-04   6.729460e-17   152
  3.412191e-01   2.530207e-15   7.492773e-09   1.849451e-16   144
  3.428472e-01   1.862059e-15   1.768108e-04   1.130624e-16   216
  3.436008e-01   9.742582e-16   2.362665e-04   5.299176e-17   312
  3.449274e-01   7.572031e-16   2.738281e-04   2.353435e-17   240
  3.457090e-01   1.261927e-15   3.973643e-09   1.801467e-18   96
  3.471927e-01   1.686701e-15   2.617995e-04   7.770926e-17   144
  3.481071e-01   1.155104e-15   2.573258e-04   3.640291e-17   456
  3.495904e-01   7.348899e-16   0.000000e+00   2.528106e-17   120
  3.501414e-01   6.507442e-16   0.000000e+00   3.017902e-17   144
  3.512407e-01   5.030972e-16   0.000000e+00   1.548424e-24   24
  3.519456e-01   1.180795e-15   2.473498e-04   3.777202e-17   336
  3.531645e-01   1.036462e-15   2.727931e-04   5.126668e-17   198
  3.543067e-01   1.394039e-15   2.652756e-04   8.120799e-17   432
  3.556041e-01   4.315621e-16   0.000000e+00   2.615543e-17   48
  3.562810e-01   7.592338e-16   2.341925e-04   1.394484e-17   384
  3.574963e-01   5.990641e-16   2.696052e-04   2.407505e-17   144
  3.585975e-01   1.436530e-15   2.676825e-04   9.660993e-17   264
  3.599147e-01   4.552842e-16   0.000000e+00   3.792849e-24   48
  3.607984e-01   9.203454e-16   2.545223e-04   5.782977e-17   276
  3.616510e-01   7.080290e-16   2.307176e-04   7.516872e-17   192
  3.627906e-01   7.669030e-16   2.592759e-04   4.937380e-17   552
  3.641741e-01   5.133139e-16   8.991328e-09   1.868932e-17   120
  3.649965e-01   4.340295e-16   2.624511e-04   7.366449e-18   216
  3.657587e-01   5.085001e-16   4.495664e-09   1.963669e-17   120
  3.671201e-01   1.884003e-15   2.584500e-04   5.458930e-17   408
  3.683844e-01   3.655724e-16   5.619580e-09   2.189803e-24   24
  3.691684e-01   1.031102e-15   2.610810e-04   5.974463e-17   384
  3.702633e-01   1.145957e-15   2.550855e-04   7.236389e-17   240
  3.712141e-01   1.223803e-15   2.569535e-04   3.805861e-17   168
  3.725471e-01   1.796328e-16   6.357829e-09   8.105553e-18   120
  3.734064e-01   5.484518e-16   2.678605e-04   1.893358e-17   350
  3.748037e-01   8.445879e-16   4.409502e-04   4.359986e-17   384
  3.756388e-01   7.179115e-16   0.000000e+00   4.997564e-17   144
  3.771752e-01   8.858778e-16   1.059638e-08   5.109866e-17   288
  3.779773e-01   8.071692e-16   2.524053e-04   4.159657e-17   336
  3.790686e-01   5.838677e-16   2.297941e-04   5.316339e-17   168
  3.797219e-01   2.845764e-16   4.541306e-09   2.764492e-17   336
  3.810732e-01   9.583795e-16   2.385126e-04   2.735810e-17   288
  3.818848e-01   1.111300e-15   2.247398e-04   5.115733e-17   264
  3.832590e-01   1.446941e-15   0.000000e+00   3.055746e-17   240
  3.837616e-01   2.163535e-15   7.947286e-09   1.008719e-16   96
  3.855656e-01   1.142960e-15   3.056310e-04   9.413694e-17   360
  3.864075e-01   9.245967e-16   2.253025e-04   3.921945e-17   168
  3.874713e-01   6.203356e-16   2.456032e-04   2.008335e-17   456
  3.887523e-01   4.428861e-15   7.064254e-09   6.774876e-16   108
  3.894728e-01   6.146033e-16   2.464311e-04   3.506695e-17   264
  3.903716e-01   1.388057e-15   2.198567e-04   9.371741e-17   264
  3.916025e-01   6.180435e-16   2.074668e-04   2.998928e-17   312
  3.931351e-01   7.295087e-16   1.541705e-04   5.032710e-17   270
  3.937775e-01   1.803432e-15   1.957388e-04   1.687732e-16   240
  3.949323e-01   6.298531e-16   2.421536e-04   2.426429e-17   384
  3.956334e-01   5.168245e-16   0.000000e+00   3.091961e-17   192
  3.969952e-01   7.496794e-16   1.942960e-04   1.493982e-16   240
  3.977852e-01   5.768313e-16   2.397927e-04   4.647452e-17   336
  3.992708e-01   4.390867e-16   2.413972e-04   1.783308e-17   480
  4.004761e-01   2.642504e-15   0.000000e+00   2.577461e-16   72
  4.011493e-01   1.547338e-15   2.353842e-04   3.945252e-17   240
  4.020650e-01   7.415273e-16   2.212289e-04   4.298317e-17   312
  4.031147e-01   4.214827e-16   2.390954e-04   7.268133e-17   240
  4.047009e-01   8.450092e-16   1.816506e-04   2.100011e-17   408
  4.053288e-01   6.762384e-16   1.663482e-04   4.357106e-17   336
  4.065560e-01   7.883816e-16   2.112212e-04   7.298565e-17   264
  4.071591e-01   1.254684e-15   0.000000e+00   5.012373e-17   144
  4.088370e-01   1.410149e-15   2.927651e-04   6.376991e-17   464
  4.097211e-01   5.309437e-16   2.328083e-04   4.576780e-17   168
  4.105939e-01   1.526790e-15   2.120376e-04   6.556095e-17   336
  4.121713e-01   4.939015e-16   2.227870e-04   1.740509e-17   414
  4.130606e-01   6.428521e-16   2.319080e-04   3.205494e-17   216
  4.141998e-01   1.412701e-15   5.619580e-09   3.759074e-17   96
  4.146649e-01   7.112299e-16   1.685874e-08   3.495337e-17   384
  4.162944e-01   1.188673e-15   2.314600e-04   7.003154e-17   492
  4.171676e-01   4.903242e-16   2.263480e-04   2.253895e-17   240
  4.181546e-01   1.271645e-15   2.298225e-04   6.746871e-17   312
  4.195176e-01   1.327673e-15   2.297469e-04   9.589474e-17   192
  4.203810e-01   8.573713e-16   2.226525e-04   1.877833e-17   504
  4.215265e-01   7.175163e-16   1.473998e-04   3.366258e-17   408
  4.224284e-01   5.863966e-16   4.515774e-04   3.390542e-17   168
  4.235571e-01   7.129534e-16   2.145032e-04   3.858023e-17   288
  4.245041e-01   4.949488e-16   2.238525e-04   3.117412e-17   288
  4.254743e-01   9.496092e-16   2.251410e-04   4.097293e-17   432
  4.268815e-01   8.301283e-16   2.129084e-04   7.151048e-17   216
  4.276334e-01   6.914620e-16   2.124592e-04   4.088485e-17   360
  4.289721e-01   8.050457e-16   2.073582e-04   6.968835e-17   312
  4.301803e-01   6.879278e-16   0.000000e+00   0.000000e+00   48
  4.308767e-01   1.132039e-15   2.223178e-04   7.986300e-17   432
  4.321240e-01   3.152062e-16   3.708284e-04   1.996186e-17   414
  4.328606e-01   7.879377e-16   1.956255e-08   5.554440e-17   312
  4.342347e-01   9.836588e-16   3.253813e-04   2.116896e-17   528
  4.351620e-01   1.219716e-15   1.707976e-04   1.221989e-17   264
  4.362761e-01   1.252391e-15   2.025191e-04   4.023207e-17   480
  4.377318e-01   3.905907e-16   0.000000e+00   8.819423e-18   288
  4.383604e-01   7.143679e-16   2.176005e-04   4.952437e-17   168
  4.395105e-01   8.756317e-16   3.444610e-04   2.113317e-17   504
  4.408036e-01   4.699805e-16   7.492773e-09   2.147540e-17   144
  4.416171e-01   6.050100e-16   2.212265e-04   1.903991e-17   464
  4.428396e-01   5.135964e-16   3.246624e-04   2.051478e-17   432
  4.434197e-01   5.781817e-16   5.619580e-09   2.858255e-17   192
  4.449189e-01   1.046990e-15   2.406833e-04   7.348827e-17   396
  4.458042e-01   1.245730e-15   2.162000e-04   2.349878e-17   288
  4.466990e-01   1.454380e-15   2.135686e-04   3.328118e-17   336
  4.481283e-01   6.229673e-16   1.352359e-04   2.270361e-17   432
  4.490354e-01   1.555456e-15   3.505126e-04   5.581082e-17   360
  4.500539e-01   9.390592e-16   2.073334e-04   5.238094e-17   384
  4.515004e-01   2.754740e-16   1.830116e-04   1.178786e-17   198
  4.521974e-01   8.486066e-16   2.080246e-04   3.617474e-17   552
  4.534970e-01   6.005662e-16   2.912202e-04   2.715682e-17   432
  4.545821e-01   1.046399e-15   0.000000e+00   3.575596e-17   168
  4.554927e-01   6.140364e-16   3.610065e-04   2.620626e-17   480
  4.566974e-01   4.388891e-16   0.000000e+00   2.246582e-17   120
  4.572396e-01   9.674573e-16   2.948545e-04   4.476118e-17   336
  4.585628e-01   9.066946e-16   2.080152e-04   2.461889e-17   672
  4.598711e-01   9.333250e-16   3.025866e-04   1.488037e-17   528
  4.604805e-01   1.025674e-15   9.082613e-09   6.917260e-17   168
  4.618883e-01   9.576147e-16   3.375333e-04   5.653357e-17   456
  4.627474e-01   1.121826e-15   2.061344e-04   3.440676e-16   168
  4.636392e-01   7.585242e-16   2.057643e-04   2.753537e-17   504
  4.651216e-01   1.365853e-15   2.647872e-04   4.078518e-17   336
  4.660180e-01   5.765126e-16   1.908802e-04   4.097334e-17   312
  4.670124e-01   5.024527e-16   1.865029e-04   5.355344e-17   504
  4.683210e-01   1.407847e-15   1.294009e-04   3.105657e-17   432
  4.689362e-01   9.003929e-16   1.999672e-04   2.898711e-17   312
  4.702151e-01   9.384253e-16   2.049761e-04   2.436961e-17   384
  4.715504e-01   7.604194e-16   1.741510e-04   6.212718e-18   126
  4.723748e-01   1.123013e-15   3.057676e-04   4.587529e-17   492
  4.734278e-01   9.965413e-16   1.958445e-04   5.409945e-17   528
  4.747438e-01   8.084435e-16   1.989360e-04   1.651102e-17   480
  4.755596e-01   1.158490e-15   2.748289e-04   2.855284e-17   432
  4.767402e-01   4.425044e-16   2.161166e-04   1.531102e-17   440
  4.781114e-01   1.040396e-15   1.074739e-04   3.650701e-17   312
  4.786259e-01   5.412342e-16   1.610586e-04   1.324790e-17   480
  4.796813e-01   7.170411e-16   3.153497e-04   1.808857e-17   408
  4.812233e-01   4.156824e-16   1.888588e-04   2.489928e-17   360
  4.818747e-01   5.894852e-16   1.822418e-04   2.583488e-17   408
  4.830820e-01   1.016804e-15   1.854542e-04   1.450118e-17   456
  4.844414e-01   3.996079e-16   1.772485e-04   7.392194e-17   264
  4.851959e-01   4.878907e-16   1.923591e-04   2.365702e-17   384
  4.862943e-01   9.240784e-16   3.238501e-04   3.268914e-17   672
  4.875640e-01   7.627251e-16   1.937042e-04   1.175856e-17   240
  4.882967e-01   5.960288e-16   1.965613e-04   1.132669e-17   264
  4.893308e-01   6.966683e-16   2.424259e-04   1.357247e-17   624
  4.908739e-01   1.007886e-15   0.000000e+00   6.054583e-17   150
  4.914232e-01   8.936077e-16   2.716574e-04   3.123755e-17   600
  4.925819e-01   7.451765e-16   1.874909e-04   3.586164e-17   672
  4.938939e-01   9.433389e-16   1.763484e-04   4.649492e-17   336
  4.946248e-01   8.701058e-16   1.918157e-04   1.931036e-17   408
  4.957926e-01   1.525263e-15   1.913639e-04   3.015826e-17   408
  4.970915e-01   4.414706e-16   9.676385e-05   4.234480e-17   360
  4.978921e-01   6.957326e-16   3.552857e-04   2.308361e-17   456
  4.988592e-01   9.538731e-16   1.932065e-04   2.714618e-17   384
  5.000902e-01   1.302379e-15   1.783541e-04   1.227777e-16   348
  5.007554e-01   6.509487e-16   2.198754e-04   3.582929e-17   576
  5.020050e-01   6.692382e-16   1.810385e-04   4.382669e-17   504
  5.032833e-01   4.680422e-16   2.553443e-04   1.453770e-17   432
  5.043991e-01   9.085824e-16   3.473946e-04   1.579244e-17   576
  5.051948e-01   1.341777e-15   0.000000e+00   6.117983e-17   264
  5.064571e-01   6.927889e-16   2.764393e-04   2.048342e-17   768
  5.075549e-01   4.012180e-16   3.721752e-04   1.785839e-17   240
  5.084277e-01   1.154026e-15   3.282233e-04   2.427454e-17   192
  5.096990e-01   7.872160e-16   2.416124e-04   3.168836e-17   504
  5.106418e-01   8.032487e-16   3.255818e-04   3.730724e-17   590
  5.115460e-01   6.362211e-16   3.647966e-04   4.035353e-17   384
  5.126798e-01   5.592306e-16   3.048625e-04   3.537788e-17   504
  5.140486e-01   9.293059e-16   2.933830e-04   2.359022e-17   648
  5.153764e-01   4.638601e-16   7.967896e-05   1.471537e-17   504
  5.159117e-01   1.026924e-15   1.817627e-04   5.223491e-17   312
  5.168569e-01   5.811284e-16   2.618753e-04   1.750463e-17   576
  5.181545e-01   4.716949e-16   1.822405e-04   2.544170e-17   240
  5.189109e-01   6.097077e-16   1.841453e-04   1.544791e-17   552
  5.199816e-01   6.949091e-16   1.729082e-04   3.003424e-17   600
  5.215067e-01   7.008558e-16   2.111937e-04   1.969305e-17   600
  5.224237e-01   9.015994e-16   3.382099e-04   5.050604e-17   312
  5.233368e-01   7.310238e-16   2.945474e-04   2.188071e-17   480
  5.244775e-01   8.326226e-16   1.837693e-04   3.780907e-17   576
  5.254818e-01   8.344957e-16   2.959085e-04   2.355257e-17   408
  5.263729e-01   4.406779e-16   3.451909e-04   1.850619e-17   216
  5.275243e-01   1.023803e-15   2.643774e-04   8.809717e-17   516
  5.287578e-01   8.266710e-16   2.522429e-04   1.851168e-17   744
  5.300304e-01   6.276651e-16   1.684760e-04   2.037296e-17   462
  5.307494e-01   5.165370e-16   1.712315e-04   3.638762e-17   432
  5.318647e-01   5.587375e-16   1.588547e-04   1.261018e-17   648
  5.331761e-01   7.316541e-16   2.324340e-04   4.068957e-17   528
  5.342295e-01   8.005604e-16   2.799086e-04   2.409011e-17   600
  5.352820e-01   1.243235e-15   3.528915e-04   6.194688e-17   240
  5.363014e-01   8.529932e-16   2.703115e-04   3.144537e-17   720
  5.374863e-01   6.413751e-16   2.138653e-04   3.915944e-17   720
  5.387997e-01   1.139252e-15   0.000000e+00   2.951700e-17   144
  5.394909e-01   6.656760e-16   2.757364e-04   3.087725e-17   720
  5.404742e-01   6.601515e-16   1.653370e-04   3.337393e-17   384
  5.417051e-01   9.575721e-16   1.832848e-04   2.090880e-17   672
  5.428730e-01   6.623997e-16   3.209115e-04   3.206656e-17   336
  5.434308e-01   4.303653e-16   0.000000e+00   1.701702e-17   288
  5.447967e-01   9.219856e-16   2.539800e-04   1.438580e-17   776
  5.460612e-01   5.837287e-16   2.173184e-04   1.644012e-17   720
  5.471231e-01   5.914582e-16   1.750659e-04   1.761344e-17   432
  5.479725e-01   1.048267e-15   2.495786e-04   6.587047e-17   504
  5.489174e-01   7.620711e-16   1.748652e-04   3.323526e-17   528
  5.502396e-01   6.425574e-16   2.382437e-04   7.463360e-18   438
  5.513273e-01   5.979131e-16   2.772938e-04   2.711119e-17   624
  5.521470e-01   9.026042e-16   3.396475e-04   4.939712e-17   312
  5.532738e-01   6.592549e-16   1.829935e-04   1.702829e-17   696
  5.544390e-01   5.397022e-16   1.655760e-04   2.455633e-17   552
  5.556509e-01   1.080532e-15   1.281006e-04   8.203307e-17   516
  5.564006e-01   1.062023e-15   2.558713e-04   5.159104e-17   528
  5.573133e-01   6.589325e-16   1.664001e-04   2.913475e-17   528
  5.586097e-01   6.250284e-16   2.194479e-04   2.330943e-17   864
  5.594897e-01   9.422640e-16   3.005985e-04   2.840928e-17   408
  5.603706e-01   9.040412e-16   2.978186e-04   4.147295e-17   192
  5.616191e-01   5.923203e-16   2.464592e-04   2.000098e-17   720
  5.626731e-01   7.316599e-16   2.272475e-04   4.556327e-17   696
  5.639255e-01   4.717063e-16   2.454294e-04   1.638257e-17   720
  5.650713e-01   6.462142e-16   3.326501e-04   1.224452e-17   432
  5.657395e-01   7.244201e-16   1.958109e-04   1.744211e-17   264
  5.669418e-01   8.342768e-16   2.704061e-04   1.241599e-17   672
  5.680171e-01   7.799930e-16   2.768544e-04   2.088818e-17   600
  5.692933e-01   6.812626e-16   1.620980e-04   3.260638e-17   270
  5.699366e-01   6.895358e-16   2.440026e-04   3.943527e-17   528
  5.709591e-01   9.852417e-16   1.670843e-04   1.252087e-17   840
  5.723613e-01   4.696098e-16   3.194952e-04   1.574564e-17   888
  5.736568e-01   7.784032e-16   2.380474e-04   2.420536e-17   744
  5.747517e-01   6.463584e-16   1.223216e-04   4.743639e-17   456
  5.752963e-01   9.794122e-16   1.671601e-04   2.978072e-17   360
  5.762282e-01   1.280281e-15   1.448348e-04   4.265078e-17   384
  5.776580e-01   5.560717e-16   2.323137e-04   2.655733e-17   816
  5.787308e-01   8.723832e-16   3.370546e-04   4.165369e-17   824
  5.800348e-01   9.830433e-16   1.566791e-04   6.763538e-17   360
  5.807331e-01   6.670334e-16   2.311994e-04   2.313414e-17   624
  5.816941e-01   5.741524e-16   1.562320e-04   1.845962e-17   360
  5.829744e-01   1.133066e-15   2.125215e-04   2.097839e-17   876
  5.841306e-01   7.071387e-16   2.524119e-04   1.195858e-17   696
  5.852967e-01   5.345452e-16   1.629911e-04   4.220149e-17   336
  5.859080e-01   6.443815e-16   1.628079e-04   1.739096e-17   504
  5.869176e-01   7.352948e-16   1.642187e-04   1.621498e-17   672
  5.884155e-01   7.688988e-16   3.269213e-04   2.985131e-17   720
  5.894543e-01   6.205802e-16   2.469541e-04   2.244353e-17   774
  5.906010e-01   5.245292e-16   1.413501e-04   4.141986e-17   384
  5.912015e-01   8.746885e-16   2.720183e-04   2.638079e-17   528
  5.921335e-01   6.333882e-16   2.592486e-04   1.917071e-17   744
  5.936327e-01   7.864530e-16   2.138251e-04   2.028392e-17   768
  5.946281e-01   9.291722e-16   2.400348e-04   1.628661e-17   552
  5.958700e-01   6.341161e-16   2.616108e-04   2.790975e-17   696
  5.967938e-01   6.655030e-16   3.179026e-04   3.569448e-17   408
  5.975272e-01   7.802650e-16   1.373364e-04   2.077327e-17   504
  5.986899e-01   1.195005e-15   2.467198e-04   3.096950e-17   888
  5.998339e-01   5.842415e-16   2.564132e-04   2.101224e-17   648
  6.010230e-01   7.833707e-16   2.542153e-04   1.412550e-17   648
  6.021418e-01   6.721937e-16   2.741064e-04   2.036097e-17   792
  6.033268e-01   7.415322e-16   4.010364e-04   2.293652e-17   600
  6.042000e-01   9.792271e-16   2.717856e-04   2.052340e-17   456
  6.051191e-01   7.054107e-16   1.324567e-04   3.123272e-17   648
  6.062996e-01   6.959474e-16   2.583099e-04   1.734734e-17   936
  6.075741e-01   8.190717e-16   1.586356e-04   1.068868e-17   384
  6.086836e-01   1.288415e-15   1.334798e-08   3.647271e-17   198
  6.095398e-01   5.286773e-16   4.024720e-04   1.842954e-17   1224
  6.104634e-01   1.165156e-15   2.931235e-04   5.129502e-17   420
  6.115558e-01   5.206511e-16   2.836822e-04   3.185766e-17   792
  6.126238e-01   6.625954e-16   2.345810e-04   1.966347e-17   680
  6.138428e-01   7.885538e-16   2.154033e-04   2.614588e-17   600
  6.148235e-01   6.402490e-16   3.123938e-04   1.827058e-17   840
  6.161330e-01   6.637229e-16   1.474979e-04   3.338306e-17   432
  6.166334e-01   6.322703e-16   1.382249e-04   1.676731e-17   720
  6.177213e-01   8.421666e-16   2.768404e-04   3.572660e-17   960
  6.190745e-01   7.991929e-16   2.467829e-04   3.684249e-17   528
  6.200634e-01   3.678067e-16   2.522592e-04   1.010186e-17   624
  6.212404e-01   1.186798e-15   1.982740e-04   2.434968e-17   816
  6.224086e-01   7.749196e-16   3.260658e-04   6.924572e-18   696
  6.236996e-01   2.919259e-16   2.202416e-08   2.359931e-17   240
  6.241851e-01   6.942570e-16   1.922888e-04   2.295455e-17   672
  6.252686e-01   9.197314e-16   3.436476e-04   2.339134e-17   864
  6.264840e-01   6.663337e-16   2.636938e-04   2.325736e-17   816
  6.275795e-01   8.088328e-16   1.509292e-04   1.231734e-17   648
  6.287594e-01   8.614998e-16   1.542771e-04   2.434056e-17   843
  6.297611e-01   7.165180e-16   2.775825e-04   9.774298e-18   780
  6.309548e-01   1.219366e-15   1.489456e-04   1.517857e-16   216
  6.316911e-01   1.056170e-15   3.591661e-04   6.148412e-17   1056
  6.328235e-01   7.064208e-16   2.938382e-04   4.044928e-17   228
  6.338720e-01   9.494180e-16   3.658358e-04   5.746664e-17   924
  6.349484e-01   8.779690e-16   1.357046e-04   2.455771e-17   696
  6.360882e-01   7.904471e-16   2.415153e-04   2.028343e-17   996
  6.372543e-01   6.417870e-16   1.425858e-04   4.489924e-17   576
  6.384675e-01   9.719751e-16   2.200718e-04   6.298535e-17   552
  6.393519e-01   9.235534e-16   2.627580e-04   3.040453e-17   516
  6.402494e-01   7.677440e-16   3.821047e-04   2.386327e-17   744
  6.412749e-01   7.312464e-16   1.874451e-04   2.371107e-17   576
  6.421669e-01   7.668763e-16   1.929285e-04   2.761244e-17   792
  6.434346e-01   8.383926e-16   2.205530e-04   1.227392e-17   792
  6.443636e-01   4.609003e-16   2.378641e-04   3.846269e-17   720
  6.456200e-01   4.808245e-16   2.711104e-04   1.913295e-17   656
  6.467974e-01   7.914463e-16   2.960385e-04   1.323099e-17   816
  6.480043e-01   1.135163e-15   1.596190e-04   2.422462e-17   492
  6.486903e-01   8.359015e-16   2.296231e-04   2.646836e-17   552
  6.499778e-01   9.023412e-16   3.992867e-04   8.466360e-17   780
  6.508139e-01   4.987829e-16   2.452771e-04   1.153307e-17   528
  6.517148e-01   7.077571e-16   2.863130e-04   2.005282e-17   600
  6.530425e-01   9.011214e-16   2.379487e-04   2.383649e-17   900
  6.539577e-01   1.085557e-15   1.317325e-04   2.331770e-17   696
  6.552168e-01   5.721698e-16   3.330907e-04   1.545363e-17   696
  6.564349e-01   5.334062e-16   1.351317e-04   2.606852e-17   552
  6.574592e-01   7.790066e-16   1.571457e-04   3.160355e-17   708
  6.585322e-01   7.066125e-16   2.594565e-04   3.345578e-17   876
  6.596487e-01   9.468004e-16   1.377663e-04   7.879847e-17   216
  6.603980e-01   1.197493e-15   3.768094e-04   3.131924e-17   1032
  6.615201e-01   7.483880e-16   4.195357e-04   9.729085e-18   600
  6.626848e-01   9.927163e-16   2.001869e-04   3.832184e-17   600
  6.635732e-01   6.308915e-16   3.535112e-04   4.947399e-17   528
  6.646233e-01   6.219595e-16   1.940622e-04   1.293876e-17   732
  6.657296e-01   9.245608e-16   1.432973e-04   4.204482e-17   336
  6.670031e-01   9.321521e-16   2.042271e-04   5.463536e-17   912
  6.679548e-01   6.076016e-16   2.049821e-04   1.860136e-17   624
  6.689946e-01   7.536626e-16   1.727341e-04   6.574315e-17   768
  6.702082e-01   6.643074e-16   3.116463e-04   1.518163e-17   792
  6.713995e-01   7.686820e-16   1.545014e-04   2.310165e-17   660
  6.722471e-01   8.855912e-16   2.276826e-04   2.419995e-17   504
  6.731238e-01   6.238296e-16   3.719898e-04   2.725142e-17   480
  6.744376e-01   7.222692e-16   3.440421e-04   9.180557e-18   912
  6.754664e-01   9.561716e-16   3.831443e-04   2.306522e-17   432
  6.764380e-01   4.654968e-16   2.275021e-04   2.076750e-17   564
  6.773006e-01   7.649305e-16   2.177508e-04   2.847906e-17   600
  6.785149e-01   6.576299e-16   3.035240e-04   1.903892e-17   876
  6.794272e-01   7.355777e-16   1.364735e-04   1.864565e-17   264
  6.806846e-01   9.901430e-16   2.648123e-04   2.227279e-17   560
  6.816953e-01   7.688476e-16   1.799457e-04   3.016003e-17   840
  6.829222e-01   5.752306e-16   2.774244e-04   1.192862e-17   1008
  6.840568e-01   4.755471e-16   1.241010e-04   1.742028e-17   456
  6.850930e-01   5.558312e-16   1.607553e-04   2.272948e-17   576
  6.860509e-01   5.933577e-16   2.470177e-04   1.313193e-17   612
  6.873140e-01   7.355435e-16   2.206269e-04   1.445617e-17   780
  6.883444e-01   9.697230e-16   2.528284e-04   3.925895e-17   648
  6.893992e-01   4.616046e-16   1.178213e-04   9.161661e-17   312
  6.900734e-01   9.407292e-16   2.993645e-04   2.234935e-17   528
  6.912414e-01   6.953227e-16   3.909551e-04   2.157026e-17   720
  6.923583e-01   6.506261e-16   3.921794e-04   2.518554e-17   576
  6.937124e-01   6.894498e-16   3.383053e-04   1.989770e-17   444
  6.945549e-01   9.605605e-16   3.317685e-04   2.335337e-17   996
  6.955874e-01   1.342489e-15   2.771265e-04   8.067087e-17   432
  6.965633e-01   8.087326e-16   3.033990e-04   1.280443e-17   504
  6.974062e-01   6.819883e-16   1.367883e-04   1.014052e-17   504
  6.986065e-01   5.889749e-16   2.692009e-04   1.554147e-17   876
  6.996926e-01   4.783865e-16   3.098246e-04   1.563402e-17   504
  7.008236e-01   6.679695e-16   1.975899e-04   1.904839e-17   696
  7.017583e-01   9.373901e-16   1.689187e-04   3.772537e-17   492
  7.030300e-01   4.620647e-16   2.418152e-04   2.941462e-17   432
  7.039719e-01   1.029408e-15   2.264335e-04   3.801415e-17   768
  7.050885e-01   6.268512e-16   2.820533e-04   2.016515e-17   648
  7.061547e-01   6.615884e-16   1.840095e-04   3.395388e-17   456
  7.073798e-01   6.961181e-16   2.530430e-04   1.947798e-17   552
  7.082306e-01   8.960905e-16   1.734358e-04   2.978122e-17   648
  7.094016e-01   6.810907e-16   2.826907e-04   1.685817e-17   840
  7.105454e-01   6.772066e-16   1.348092e-04   1.679501e-17   432
  7.116906e-01   8.694912e-16   1.651183e-04   2.745110e-17   600
  7.124870e-01   1.113958e-15   1.759227e-04   7.502919e-17   432
  7.138248e-01   5.966869e-16   1.751482e-04   1.016101e-17   560
  7.147308e-01   6.784768e-16   2.772412e-04   3.170774e-17   840
  7.158652e-01   8.622178e-16   1.642140e-04   3.046339e-17   504
  7.167662e-01   8.575885e-16   3.351509e-04   1.153356e-17   696
  7.180362e-01   1.345897e-15   1.830475e-04   2.740450e-17   384
  7.190254e-01   9.249542e-16   2.681431e-04   2.790684e-17   576
  7.202219e-01   6.301651e-16   1.654845e-04   1.828723e-17   360
  7.211864e-01   6.431434e-16   2.464465e-04   2.093245e-17   828
  7.222268e-01   7.650729e-16   2.195064e-04   5.437718e-17   372
  7.231800e-01   9.806048e-16   3.352284e-04   2.688697e-17   576
  7.244428e-01   1.060228e-15   1.403933e-04   5.501627e-17   636
  7.253425e-01   6.388069e-16   2.706420e-04   2.235829e-17   648
  7.265596e-01   6.583635e-16   2.200024e-04   4.667548e-17   576
  7.274333e-01   9.205875e-16   3.548870e-04   2.140134e-17   528
  7.285953e-01   5.690874e-16   1.517289e-04   6.671260e-17   360
  7.295571e-01   7.021856e-16   3.490332e-04   1.548526e-17   672
  7.308130e-01   7.442818e-16   1.787806e-04   1.122330e-17   804
  7.318582e-01   1.017106e-15   1.972163e-04   4.393485e-17   408
  7.330145e-01   4.381576e-16   1.219011e-04   1.957228e-17   384
  7.337931e-01   8.581594e-16   2.789567e-04   1.983109e-17   480
  7.348913e-01   7.444076e-16   1.802469e-04   2.470056e-17   432
  7.359446e-01   9.801347e-16   3.321566e-04   2.677853e-17   648
  7.371913e-01   6.275178e-16   2.061016e-04   3.796080e-17   624
  7.381033e-01   7.685872e-16   1.874668e-04   1.255095e-17   456
  7.393486e-01   6.115662e-16   2.560963e-04   2.225741e-17   588
  7.401831e-01   1.235944e-15   1.633884e-04   2.183622e-17   600
  7.414016e-01   1.057763e-15   2.548458e-04   1.596204e-17   708
  7.423640e-01   7.180597e-16   1.605479e-04   5.303738e-17   360
  7.434275e-01   9.058768e-16   1.845541e-04   2.856422e-17   552
  7.444470e-01   4.133599e-16   1.294691e-04   3.541194e-17   288
  7.454820e-01   4.852809e-16   2.434372e-04   3.315989e-17   528
  7.464545e-01   4.918044e-16   1.642340e-04   2.689562e-17   456
  7.475410e-01   1.085742e-15   2.912225e-04   3.113080e-17   608
  7.486338e-01   8.120944e-16   1.408967e-04   1.201905e-17   504
  7.498278e-01   1.031965e-15   3.024972e-04   6.353420e-17   540
  7.507642e-01   6.125897e-16   3.247222e-04   1.539895e-17   360
  7.517735e-01   9.342324e-16   1.470509e-04   1.973437e-17   540
  7.526661e-01   7.867270e-16   1.262606e-04   2.004545e-17   576
  7.539642e-01   6.935472e-16   2.927555e-04   1.850129e-17   588
  7.551985e-01   1.046235e-15   4.039143e-04   2.618358e-17   672
  7.562588e-01   9.610916e-16   3.087151e-04   6.640075e-17   552
  7.571135e-01   7.356080e-16   3.088712e-04   3.056959e-17   144
  7.582042e-01   7.467862e-16   2.624178e-04   2.199180e-17   600
  7.592383e-01   8.106370e-16   3.288668e-04   2.597395e-17   504
  7.603860e-01   6.738346e-16   3.378126e-04   3.125120e-17   336
  7.615932e-01   7.288333e-16   3.797028e-04   1.543660e-17   600
  7.626744e-01   6.256518e-16   2.450478e-04   2.513507e-17   636
  7.638413e-01   1.367223e-15   1.970206e-04   1.320535e-17   384
  7.646595e-01   1.028604e-15   2.748205e-04   6.856947e-17   504
  7.658387e-01   6.209994e-16   1.153383e-04   9.778825e-18   240
  7.667694e-01   5.955251e-16   2.709461e-04   2.766022e-17   744
  7.678860e-01   7.591253e-16   1.850150e-04   1.088752e-17   648
  7.688783e-01   1.389112e-15   1.228185e-04   1.127181e-16   120
  7.700414e-01   7.178533e-16   1.929319e-04   1.708476e-17   564
  7.709202e-01   7.895443e-16   3.030111e-04   5.486893e-17   432
  7.720932e-01   6.874915e-16   2.351965e-04   1.245181e-17   480
  7.729764e-01   5.331341e-16   1.731106e-04   2.585158e-17   456
  7.740189e-01   5.330654e-16   2.864725e-04   3.776762e-17   444
  7.752020e-01   4.912728e-16   4.383180e-04   2.918867e-17   528
  7.762412e-01   9.313144e-16   3.255297e-04   7.961445e-17   264
  7.772498e-01   1.496452e-15   3.336195e-04   8.602818e-17   444
  7.786065e-01   7.444411e-16   3.654311e-04   2.705569e-17   696
  7.797327e-01   1.014400e-15   1.954448e-04   5.589740e-17   384
  7.805563e-01   6.797829e-16   2.469609e-04   9.837551e-18   432
  7.818373e-01   7.287341e-16   1.706384e-04   1.932584e-17   488
  7.826690e-01   3.842517e-16   2.571733e-04   1.864772e-17   480
  7.838749e-01   5.645729e-16   2.868014e-04   1.592043e-17   480
  7.848089e-01   6.134069e-16   1.203331e-04   1.099380e-17   240
  7.858692e-01   9.359577e-16   2.810886e-04   4.066991e-17   600
  7.868694e-01   5.811770e-16   2.449399e-04   1.526919e-17   288
  7.879343e-01   8.813585e-16   2.356143e-04   2.013318e-17   480
  7.890129e-01   1.078081e-15   4.191157e-04   2.186583e-17   504
  7.900748e-01   1.381130e-15   1.798267e-04   3.692166e-17   216
  7.914291e-01   6.798806e-16   2.944050e-04   2.789566e-17   504
  7.924838e-01   7.190308e-16   2.367912e-04   6.906348e-17   456
  7.936384e-01   1.212881e-15   1.358038e-04   6.291385e-17   384
  7.944031e-01   7.397479e-16   2.756326e-04   2.181835e-17   480
  7.954897e-01   4.864714e-16   2.420363e-04   1.882619e-17   504
  7.964966e-01   7.982732e-16   1.535327e-04   6.662474e-17   312
  7.975815e-01   8.059454e-16   2.474127e-04   3.502695e-17   492
  7.985417e-01   7.348562e-16   2.318919e-04   1.917399e-17   312
  7.997779e-01   9.128647e-16   3.766899e-04   3.024495e-17   576
  8.008661e-01   3.559685e-16   3.477153e-04   2.815806e-17   336
  8.017699e-01   9.201613e-16   2.677247e-04   3.826296e-17   240
  8.030228e-01   5.865137e-16   3.549351e-04   2.281086e-17   468
  8.041047e-01   2.423091e-16   2.222407e-04   1.682592e-17   192
  8.052370e-01   1.499625e-15   2.229031e-04   5.962025e-17   324
  8.060669e-01   5.506628e-16   1.617794e-04   1.497021e-17   600
  8.071978e-01   6.141063e-16   2.624704e-04   2.982740e-17   456
  8.080377e-01   5.853938e-16   1.180592e-04   6.157279e-17   336
  8.094297e-01   8.874157e-16   3.535027e-04   2.299009e-17   612
  8.104424e-01   1.288380e-15   2.966749e-04   2.115753e-17   144
  8.114002e-01   7.291220e-16   3.462957e-04   2.651725e-17   552
  8.127025e-01   9.267762e-16   1.363755e-04   2.655691e-17   264
  8.134384e-01   6.382966e-16   3.157441e-04   4.884131e-17   336
  8.145992e-01   1.000237e-15   2.086329e-04   2.586251e-17   384
  8.156059e-01   5.041408e-16   1.174397e-04   5.948340e-17   216
  8.167203e-01   9.277002e-16   2.489964e-04   2.719054e-17   344
  8.177364e-01   9.241693e-16   3.715143e-04   4.569335e-17   408
  8.189746e-01   6.963485e-16   2.854845e-04   5.717089e-17   264
  8.200718e-01   4.805685e-16   3.979796e-04   1.351034e-17   612
  8.211681e-01   9.834382e-16   2.048307e-04   2.557568e-17   408
  8.222956e-01   1.004370e-15   2.051251e-04   6.985099e-17   444
  8.231239e-01   6.962763e-16   1.147249e-04   3.106303e-17   120
  8.242338e-01   9.412774e-16   3.169640e-04   5.586270e-17   336
  8.250576e-01   3.689313e-16   1.101437e-04   1.618655e-17   288
  8.261708e-01   6.398636e-16   3.427692e-04   2.258321e-17   552
  8.277012e-01   4.034568e-16   1.835347e-08   9.572945e-17   72
  8.284882e-01   7.587698e-16   3.404572e-04   2.011330e-17   504
  8.294074e-01   7.293831e-16   1.095558e-04   1.767870e-17   216
  8.305983e-01   8.862197e-16   1.956043e-04   2.206255e-17   312
  8.316675e-01   5.889887e-16   2.227263e-04   4.129030e-17   336
  8.326865e-01   1.744520e-15   3.087236e-04   9.426580e-17   204
  8.337014e-01   5.488532e-16   3.587838e-04   2.243088e-17   504
  8.347777e-01   6.229062e-16   3.416652e-04   4.066255e-17   396
  8.358127e-01   4.703636e-16   3.133249e-04   2.861424e-17   312
  8.370674e-01   1.030721e-15   1.914750e-04   3.907698e-17   216
  8.379516e-01   7.814805e-16   1.039172e-04   1.713493e-17   168
  8.390260e-01   6.952935e-16   2.623966e-04   2.029472e-17   588
  8.402521e-01   8.126035e-16   3.561727e-04   4.410684e-17   240
  8.412047e-01   7.261395e-16   3.145601e-04   1.776335e-17   264
  8.423219e-01   8.739267e-16   3.890183e-04   4.130379e-17   288
  8.433131e-01   7.136171e-16   1.942596e-04   6.196352e-17   288
  8.445693e-01   4.745992e-16   1.824406e-04   2.206775e-17   288
  8.454153e-01   9.775649e-16   2.113423e-04   7.207318e-17   192
  8.464795e-01   6.070561e-16   2.248894e-04   3.813581e-17   264
  8.474933e-01   7.623245e-16   3.699119e-04   4.175577e-17   372
  8.485844e-01   5.911459e-16   3.995208e-04   3.184262e-17   360
  8.499161e-01   8.233430e-16   1.690810e-04   3.672569e-17   144
  8.506044e-01   4.896757e-16   2.348461e-04   3.010303e-17   296
  8.516909e-01   6.289446e-16   2.530345e-04   2.145489e-17   288
  8.529347e-01   7.069757e-16   3.781537e-04   3.383149e-17   480
  8.540076e-01   3.278827e-16   3.142096e-04   1.650080e-17   192
  8.550509e-01   6.527412e-16   3.370327e-04   8.515071e-17   192
  8.559992e-01   6.243399e-16   2.147949e-04   2.837008e-17   288
  8.573180e-01   4.036049e-16   1.869760e-04   5.276942e-18   108
  8.579823e-01   8.319806e-16   1.797545e-04   2.312105e-17   240
  8.591554e-01   6.259194e-16   3.353363e-04   1.567740e-17   384
  8.603605e-01   2.827218e-15   4.090723e-04   2.861208e-16   108
  8.614261e-01   7.901366e-16   2.398466e-04   5.637272e-17   348
  8.625466e-01   7.892200e-16   2.503134e-04   3.947422e-17   312
  8.635474e-01   8.025132e-16   2.432319e-04   9.236572e-17   96
  8.644677e-01   3.423487e-16   3.238194e-04   5.477218e-17   384
  8.654984e-01   1.266359e-15   2.227222e-04   1.649079e-17   144
  8.665066e-01   9.610451e-16   3.422225e-04   5.760199e-17   408
  8.677598e-01   1.083289e-15   1.526554e-04   9.540592e-18   144
  8.689437e-01   7.153778e-16   2.934816e-04   5.347611e-17   192
  8.696459e-01   1.650664e-15   3.303190e-04   9.530473e-17   144
  8.707904e-01   1.005043e-15   2.685615e-04   4.076907e-17   144
  8.718702e-01   6.453134e-16   3.282257e-04   2.310077e-17   336
  8.731927e-01   7.561007e-16   2.428454e-04   2.999815e-17   240
  8.740312e-01   6.957649e-16   1.102739e-04   4.388257e-17   96
  8.752007e-01   9.241971e-16   3.233803e-04   3.815690e-17   372
  8.763838e-01   6.277397e-16   3.846540e-04   5.918609e-17   132
  8.774230e-01   3.930551e-16   2.380193e-04   3.569097e-17   264
  8.783527e-01   7.527695e-16   1.827880e-04   8.380978e-17   168
  8.793449e-01   1.060031e-15   2.922429e-04   1.611270e-16   216
  8.802213e-01   1.492425e-15   1.787978e-04   4.149096e-17   216
  8.814979e-01   4.884787e-16   3.280196e-04   3.319320e-17   96
  8.826561e-01   5.543972e-16   2.140028e-04   3.900978e-17   120
  8.837183e-01   4.281517e-16   2.720578e-04   3.478545e-17   216
  8.845934e-01   9.881227e-16   1.188902e-04   4.489919e-17   200
  8.857519e-01   8.387275e-16   3.077557e-04   4.419359e-17   288
  8.872378e-01   4.851036e-16   8.097649e-05   3.480502e-17   144
  8.878635e-01   1.244191e-15   2.519939e-04   3.773997e-17   168
  8.891412e-01   1.202633e-15   2.835956e-04   2.977798e-16   159
  8.901386e-01   4.839534e-16   2.975600e-04   7.976819e-17   174
  8.911039e-01   6.092553e-16   2.698170e-04   5.171909e-17   144
  8.923678e-01   6.998803e-16   1.557998e-04   5.402786e-17   222
  8.932131e-01   5.242807e-16   1.572158e-04   1.469568e-17   168
  8.946732e-01   1.632672e-15   3.448346e-04   8.166874e-18   30
  8.952763e-01   2.737085e-16   3.044637e-04   1.943966e-17   72
  8.964123e-01   1.208988e-15   2.717302e-04   5.031800e-17   258
  8.976612e-01   7.164728e-16   1.701916e-04   3.402217e-17   264
  8.982857e-01   5.050572e-16   0.000000e+00   2.877051e-17   72
  8.995871e-01   6.079115e-16   3.373270e-04   2.439469e-17   174
  9.007654e-01   7.064127e-16   3.591909e-04   7.710988e-17   168
  9.017127e-01   2.684516e-16   1.123916e-08   0.000000e+00   48
  9.027297e-01   4.603521e-16   2.028435e-04   6.088159e-17   150
  9.039088e-01   7.094900e-16   3.731453e-04   9.613306e-17   168
  9.050911e-01   4.585505e-16   2.273028e-04   4.414943e-17   144
  9.061784e-01   1.402558e-15   2.123525e-04   5.916681e-17   102
  9.069882e-01   8.936658e-16   3.143182e-04   2.941442e-17   96
  9.082731e-01   4.502502e-16   3.119397e-04   1.873307e-17   120
  9.092246e-01   4.034922e-16   3.345635e-04   6.287504e-17   168
  9.102538e-01   6.743933e-16   2.470487e-04   6.516836e-17   126
  9.111308e-01   7.435730e-16   1.863241e-04   9.826120e-17   168
  9.123389e-01   1.784715e-16   2.987709e-04   1.517316e-17   72
  9.133947e-01   6.260644e-16   3.741278e-04   2.053214e-17   168
  9.143196e-01   9.883300e-16   1.025668e-04   1.988728e-17   78
  9.155870e-01   6.785998e-16   1.684070e-04   3.455351e-17   60
  9.166075e-01   5.218425e-16   2.731835e-04   9.057222e-17   96
  9.176659e-01   6.137342e-16   3.314854e-04   1.524608e-17   168
  9.186605e-01   4.527564e-16   2.097511e-04   3.735763e-17   86
  9.197042e-01   4.568809e-16   1.874678e-04   1.729133e-17   120
  9.212002e-01   4.197503e-16   1.336894e-04   1.410950e-17   168
  9.220069e-01   3.520028e-16   0.000000e+00   0.000000e+00   48
  9.230934e-01   1.110809e-15   2.435676e-04   1.121156e-16   120
  9.237177e-01   7.807326e-16   1.776924e-04   1.168791e-17   126
  9.252418e-01   6.340603e-16   3.125113e-04   6.197449e-17   96
  9.262310e-01   9.559015e-16   9.011285e-05   7.198306e-18   96
  9.270111e-01   1.660585e-15   0.000000e+00   3.548433e-17   72
  9.286731e-01   1.357164e-15   1.123916e-08   1.238739e-23   24
  9.297104e-01   8.112307e-16   1.854501e-04   1.108415e-16   120
  9.305196e-01   6.763653e-16   2.705147e-04   3.791091e-16   126
  9.314194e-01   7.346375e-16   2.255107e-04   3.030017e-17   96
  9.324708e-01   8.801481e-17   3.897482e-04   3.260661e-17   72
  9.336415e-01   3.513016e-16   1.685792e-04   1.776985e-18   144
  9.346046e-01   1.305055e-15   9.723254e-05   2.311982e-18   72
  9.355666e-01   7.598136e-16   1.942081e-04   1.314163e-17   54
  9.364132e-01   3.006704e-16   1.711436e-04   6.473036e-17   108
  9.381728e-01   4.694697e-16   1.677650e-04   1.405325e-16   72
  9.387206e-01   1.051555e-15   9.680617e-05   3.088508e-17   72
  9.400202e-01   1.253392e-15   1.946680e-08   0.000000e+00   24
  9.412498e-01   4.964664e-17   2.047976e-04   2.098494e-18   48
  9.419964e-01   1.660218e-15   1.560029e-04   1.053184e-16   102
  9.431203e-01   3.633235e-16   3.528137e-04   3.440184e-17   168
  9.445889e-01   1.739691e-16   1.924163e-04   3.745297e-17   72
  9.451330e-01   8.061582e-16   0.000000e+00   0.000000e+00   48
  9.462744e-01   5.832285e-16   3.309678e-04   1.422792e-17   120
  9.477807e-01   4.619303e-16   2.033864e-04   1.395378e-17   96
  9.492033e-01   6.611461e-16   2.202416e-08   6.501268e-18   30
  9.508942e-01   2.020276e-15   9.555995e-05   5.173372e-17   72
  9.516372e-01   5.660599e-16   1.123916e-08   0.000000e+00   24
  9.525916e-01   1.146579e-16   1.416435e-04   1.940754e-17   56
  9.536606e-01   1.381124e-16   2.021324e-04   1.571856e-17   96
  9.549399e-01   7.288088e-16   2.232036e-04   9.366914e-18   144
  9.559263e-01   2.928134e-16   1.267263e-04   8.838176e-17   54
  9.573592e-01   7.372868e-16   1.898493e-04   2.126434e-16   108
  9.588012e-01   5.854213e-16   1.005243e-04   9.408537e-18   48
  9.601739e-01   8.522149e-16   3.785063e-04   1.133892e-16   72
  9.634680e-01   2.328818e-15   2.500803e-04   3.516781e-17   78
  9.643808e-01   2.077182e-16   1.884669e-04   1.924264e-17   72
  9.654462e-01   1.888991e-16   1.882329e-04   5.681232e-17   72
  9.665603e-01   5.959076e-16   4.542266e-04   4.499654e-17   96
  9.674408e-01   1.135596e-15   1.878449e-04   6.002336e-17   72
  9.685029e-01   3.622093e-16   0.000000e+00   2.737253e-25   24
  9.695638e-01   2.677228e-16   3.748416e-04   2.566455e-17   72
  9.719599e-01   6.300536e-16   2.380359e-04   6.497292e-18   30
  9.724755e-01   1.256475e-15   0.000000e+00   0.000000e+00   24
  9.752466e-01   8.978042e-17   1.976584e-04   8.529564e-18   48
  9.761159e-01   4.035260e-16   4.253608e-04   5.170355e-17   120
  9.772870e-01   5.823807e-16   1.859776e-04   9.030140e-17   72
  9.784697e-01   5.981636e-16   1.857528e-04   5.169747e-18   36
  9.792826e-01   1.358800e-15   3.671339e-04   6.574573e-17   78
  9.815513e-01   6.941441e-16   1.963888e-04   1.587356e-16   48
  9.844928e-01   5.737284e-16   1.589457e-08   6.704873e-25   24
  9.865884e-01   6.012201e-16   1.367612e-04   3.475991e-18   56
  9.876436e-01   5.034437e-16   2.104496e-04   7.717590e-17   102
  9.889860e-01   1.055831e-15   1.498555e-08   3.865461e-17   72
  9.897653e-01   1.171931e-15   0.000000e+00   0.000000e+00   24
  9.911277e-01   1.669205e-15   1.944913e-04   2.214538e-16   48
  9.936528e-01   3.959293e-16   0.000000e+00   2.189803e-24   24
  9.967520e-01   8.583848e-15   0.000000e+00   2.737253e-25   6
  9.977185e-01   8.754080e-17   0.000000e+00   1.368627e-25   24
  9.983623e-01   1.288301e-16   1.820511e-04   7.648308e-19   72
  9.995384e-01   6.920308e-16   3.396336e-04   8.557437e-17   84
  1.000805e+00   9.929355e-16   0.000000e+00   0.000000e+00   24
  1.001190e+00   1.336938e-16   1.589457e-08   0.000000e+00   24
  1.003114e+00   3.270202e-16   1.123916e-08   0.000000e+00   24
  1.005800e+00   4.217978e-16   0.000000e+00   3.421566e-26   6
  1.009244e+00   3.500095e-17   1.910001e-04   4.739047e-18   48
  1.010072e+00   5.206392e-16   3.598129e-04   5.099092e-17   72
  1.011152e+00   1.133780e-15   1.906396e-04   2.387469e-17   48
  1.012867e+00   3.055855e-16   0.000000e+00   0.000000e+00   24
  1.015148e+00   2.628341e-15   1.123916e-08   0.000000e+00   6
  1.020262e+00   2.063909e-36   0.000000e+00   7.752787e-38   8
  1.020640e+00   9.641000e-16   1.123916e-08   1.368627e-25   48
  1.021546e+00   6.340442e-16   1.848806e-04   1.045946e-16   60
  1.022904e+00   2.479384e-16   0.000000e+00   0.000000e+00   24
  1.024787e+00   6.499069e-16   0.000000e+00   1.094901e-24   6
  1.031723e+00   8.189988e-16   0.000000e+00   0.000000e+00   24
  1.032283e+00   9.242527e-16   1.867372e-04   1.438686e-16   48
  1.033217e+00   1.917949e-16   0.000000e+00   0.000000e+00   24
  1.034708e+00   1.850163e-16   1.123916e-08   0.000000e+00   6
  1.043181e+00   3.338877e-16   1.742080e-04   1.395046e-17   36
  1.043797e+00   6.291296e-16   0.000000e+00   4.379605e-24   24
  1.044904e+00   2.345813e-15   0.000000e+00   0.000000e+00   6
  1.054545e+00   2.115812e-16   1.583190e-04   7.612700e-17   32
  1.055367e+00   3.011592e-15   1.123916e-08   1.107962e-22   6
  1.065728e+00   3.466900e-16   0.000000e+00   0.000000e+00   12
  1.066089e+00   1.919803e-15   0.000000e+00   2.477479e-23   6
  1.077063e+00   2.889712e-15   1.589457e-08   2.477479e-23   6
