# power spectrum of chi
# redshift z=10.000000
# k              Pk             sigma(k)       sigma(Pk)      count
  1.963495e-02   5.202412e-13   0.000000e+00   2.242358e-21   6
  2.776802e-02   8.333234e-13   0.000000e+00   4.484716e-21   12
  3.400874e-02   8.390174e-13   3.725290e-10   0.000000e+00   8
  3.926991e-02   6.841440e-13   0.000000e+00   3.171173e-21   6
  4.390509e-02   4.835442e-13   0.000000e+00   0.000000e+00   24
  4.809562e-02   3.018262e-13   7.024475e-10   7.927932e-22   24
  5.553604e-02   7.839464e-14   0.000000e+00   0.000000e+00   12
  5.890486e-02   2.860051e-14   7.947286e-10   1.848774e-17   30
  6.209118e-02   6.199801e-15   0.000000e+00   0.000000e+00   24
  6.512178e-02   7.210184e-17   1.216675e-09   3.352437e-25   24
  6.801748e-02   1.940054e-15   7.450581e-10   1.072780e-23   8
  7.079483e-02   6.437402e-15   9.934107e-10   0.000000e+00   24
  7.346727e-02   1.058662e-14   0.000000e+00   0.000000e+00   48
  7.853982e-02   1.378863e-14   0.000000e+00   0.000000e+00   6
  8.095699e-02   1.260810e-14   1.404895e-09   9.916026e-18   48
  8.330406e-02   1.056194e-14   0.000000e+00   7.613272e-18   36
  8.558678e-02   8.038023e-15   9.934107e-10   3.503684e-23   24
  8.781018e-02   5.685042e-15   0.000000e+00   0.000000e+00   24
  8.997866e-02   3.562478e-15   0.000000e+00   0.000000e+00   48
  9.209610e-02   1.913483e-15   1.404895e-09   0.000000e+00   24
  9.619124e-02   2.357059e-16   1.404895e-09   0.000000e+00   24
  9.817477e-02   6.654975e-18   0.000000e+00   4.934168e-19   30
  1.001190e-01   7.588031e-17   0.000000e+00   1.535343e-18   72
  1.020262e-01   3.270250e-16   1.490116e-09   3.789112e-18   32
  1.057375e-01   8.867862e-16   0.000000e+00   3.192629e-18   72
  1.075451e-01   1.163729e-15   0.000000e+00   2.189803e-24   48
  1.110721e-01   1.363672e-15   0.000000e+00   0.000000e+00   12
  1.127942e-01   1.354409e-15   0.000000e+00   2.698278e-19   48
  1.144905e-01   1.265914e-15   0.000000e+00   1.710125e-18   48
  1.161620e-01   1.137083e-15   1.404895e-09   0.000000e+00   48
  1.178097e-01   9.630889e-16   1.589457e-09   2.149412e-18   30
  1.194348e-01   7.938143e-16   1.404895e-09   0.000000e+00   24
  1.210380e-01   5.935647e-16   2.961779e-09   1.063254e-18   72
  1.241824e-01   2.866188e-16   0.000000e+00   0.000000e+00   24
  1.257251e-01   1.721894e-16   0.000000e+00   3.439462e-19   96
  1.272490e-01   8.642263e-17   0.000000e+00   0.000000e+00   48
  1.287550e-01   3.210758e-17   2.433349e-09   9.677651e-26   24
  1.302436e-01   5.344185e-18   2.433349e-09   0.000000e+00   24
  1.317153e-01   1.010345e-18   0.000000e+00   2.305871e-21   72
  1.331707e-01   1.407781e-17   0.000000e+00   0.000000e+00   48
  1.360350e-01   5.739182e-17   1.490116e-09   2.370531e-25   8
  1.374447e-01   1.124740e-16   1.766064e-09   1.871107e-18   54
  1.388401e-01   1.483407e-16   0.000000e+00   2.233905e-18   84
  1.402216e-01   1.867864e-16   0.000000e+00   2.459736e-18   48
  1.415897e-01   2.003607e-16   1.986821e-09   5.474506e-25   24
  1.429446e-01   2.223304e-16   1.873193e-09   9.907970e-19   72
  1.442869e-01   2.276512e-16   0.000000e+00   7.817944e-19   96
  1.469345e-01   2.210837e-16   0.000000e+00   3.871061e-25   48
  1.482407e-01   1.961963e-16   0.000000e+00   8.918721e-19   48
  1.495354e-01   1.878461e-16   1.986821e-09   0.000000e+00   24
  1.508189e-01   1.623130e-16   0.000000e+00   1.206412e-19   72
  1.533539e-01   1.251754e-16   1.873193e-09   2.252496e-19   72
  1.546058e-01   9.423875e-17   0.000000e+00   4.441219e-19   96
  1.570796e-01   6.013662e-17   0.000000e+00   2.737253e-25   6
  1.583021e-01   3.917629e-17   0.000000e+00   9.387974e-20   96
  1.595151e-01   2.355801e-17   1.986821e-09   6.558132e-20   96
  1.607190e-01   1.175781e-17   0.000000e+00   0.000000e+00   24
  1.619140e-01   7.382862e-18   2.809790e-09   1.655703e-19   48
  1.631002e-01   1.341987e-18   0.000000e+00   1.925066e-21   96
  1.642778e-01   1.701964e-19   0.000000e+00   1.336549e-28   48
  1.666081e-01   5.237748e-18   0.000000e+00   1.041243e-19   36
  1.677611e-01   9.672226e-18   3.441276e-09   4.052480e-20   48
  1.689063e-01   1.450058e-17   3.893359e-09   2.220954e-19   120
  1.700437e-01   1.908302e-17   0.000000e+00   8.483228e-20   56
  1.711736e-01   2.984569e-17   1.986821e-09   6.843133e-26   24
  1.722960e-01   3.621232e-17   0.000000e+00   6.045990e-19   96
  1.734112e-01   3.743999e-17   0.000000e+00   0.000000e+00   48
  1.756204e-01   5.729795e-17   0.000000e+00   0.000000e+00   24
  1.767146e-01   5.666623e-17   0.000000e+00   7.927778e-19   102
  1.778021e-01   6.533372e-17   0.000000e+00   1.291368e-19   48
  1.788829e-01   5.406408e-17   0.000000e+00   8.630075e-19   72
  1.799573e-01   6.476532e-17   0.000000e+00   1.368627e-25   48
  1.810253e-01   5.066548e-17   0.000000e+00   3.527589e-19   48
  1.820871e-01   4.755160e-17   4.495664e-09   8.002006e-20   120
  1.841922e-01   4.576200e-17   2.809790e-09   1.935530e-25   24
  1.852358e-01   3.859320e-17   2.649095e-09   2.711063e-19   144
  1.862735e-01   3.145741e-17   3.178914e-09   3.558673e-19   120
  1.873055e-01   2.201124e-17   2.809790e-09   0.000000e+00   48
  1.893526e-01   1.952684e-17   2.809790e-09   0.000000e+00   48
  1.903679e-01   1.342767e-17   2.809790e-09   2.456296e-19   96
  1.930487e-01   5.627518e-18   4.711199e-04   9.092557e-20   72
  1.943761e-01   2.286315e-18   3.532127e-09   5.789359e-20   108
  1.953653e-01   1.422540e-18   0.000000e+00   3.536265e-20   72
  1.963495e-01   5.080092e-20   0.000000e+00   4.787872e-22   30
  1.973288e-01   1.525128e-19   0.000000e+00   4.093164e-21   168
  1.983033e-01   7.497751e-20   0.000000e+00   4.266646e-22   48
  2.002380e-01   2.865783e-18   0.000000e+00   8.798187e-20   72
  2.011984e-01   4.101424e-18   0.000000e+00   5.697002e-20   96
  2.021542e-01   3.467389e-18   5.298191e-09   3.723410e-20   72
  2.031055e-01   4.328751e-18   0.000000e+00   1.419849e-20   72
  2.047049e-01   1.481041e-17   4.350048e-04   2.906116e-19   104
  2.059331e-01   1.339637e-17   3.746387e-09   5.212209e-19   144
  2.087224e-01   2.191972e-17   6.282881e-09   6.780211e-19   96
  2.096439e-01   1.521397e-17   0.000000e+00   1.490881e-19   96
  2.111095e-01   2.084396e-17   4.475232e-04   3.486888e-19   120
  2.123845e-01   2.122412e-17   0.000000e+00   4.046105e-19   120
  2.132902e-01   2.177206e-17   0.000000e+00   3.786770e-19   72
  2.150901e-01   2.053954e-17   0.000000e+00   0.000000e+00   48
  2.159845e-01   1.803668e-17   4.235416e-09   1.968797e-19   78
  2.171286e-01   1.215402e-17   4.007142e-04   2.989978e-19   168
  2.195255e-01   8.051586e-18   3.746387e-09   2.182474e-19   144
  2.204018e-01   7.459461e-18   3.746387e-09   4.533378e-19   144
  2.229436e-01   2.924122e-18   2.307791e-04   1.046624e-19   156
  2.238729e-01   4.751130e-18   4.866699e-09   2.340436e-19   48
  2.247323e-01   3.596533e-18   3.178914e-09   9.649296e-20   120
  2.255884e-01   5.341638e-19   0.000000e+00   2.050952e-20   48
  2.271022e-01   1.799315e-18   3.532495e-04   8.062519e-20   216
  2.289809e-01   5.456495e-20   0.000000e+00   7.004589e-21   48
  2.298212e-01   3.695421e-19   2.809790e-09   2.609989e-20   96
  2.310160e-01   1.759035e-19   4.128272e-04   6.327170e-21   168
  2.323239e-01   1.525260e-18   2.809790e-09   3.024266e-27   48
  2.331522e-01   1.261942e-18   0.000000e+00   9.852216e-20   96
  2.339775e-01   1.057959e-18   0.000000e+00   0.000000e+00   48
  2.356194e-01   4.454975e-18   3.178914e-09   1.007733e-19   30
  2.364362e-01   5.066470e-18   2.809790e-09   2.332893e-19   96
  2.374123e-01   4.918845e-18   3.244455e-04   2.194999e-19   240
  2.386674e-01   1.382004e-17   3.500299e-04   1.381443e-18   32
  2.396752e-01   9.046559e-18   0.000000e+00   5.334147e-19   168
  2.404781e-01   6.766275e-18   0.000000e+00   2.292099e-19   120
  2.420760e-01   9.624115e-18   5.923557e-09   6.167084e-19   72
  2.428710e-01   7.975388e-18   3.746387e-09   2.384689e-19   144
  2.436634e-01   9.738739e-18   0.000000e+00   2.100492e-19   96
  2.444532e-01   8.858627e-18   0.000000e+00   2.375478e-19   96
  2.460253e-01   8.740142e-18   4.588368e-09   8.931502e-20   72
  2.468075e-01   7.415159e-18   3.973643e-09   3.155144e-19   96
  2.483647e-01   5.067202e-18   0.000000e+00   2.095273e-26   24
  2.491396e-01   6.819367e-18   0.000000e+00   1.520815e-19   192
  2.500522e-01   5.638662e-18   2.970416e-04   1.944214e-19   132
  2.514501e-01   3.518453e-18   0.000000e+00   9.150162e-20   96
  2.522156e-01   2.475030e-18   0.000000e+00   1.652788e-20   96
  2.529787e-01   4.774667e-18   3.178914e-09   8.992687e-20   120
  2.544981e-01   1.605322e-18   0.000000e+00   3.024266e-27   48
  2.557435e-01   1.649535e-18   3.599905e-04   5.357708e-20   222
  2.567603e-01   1.469208e-18   0.000000e+00   5.998723e-20   120
  2.575100e-01   1.031102e-18   4.866699e-09   3.024266e-27   24
  2.586015e-01   4.078915e-19   3.715625e-04   2.023362e-20   312
  2.609797e-01   7.663170e-20   3.483547e-04   8.440232e-21   72
  2.619630e-01   1.576059e-19   2.809790e-09   1.097099e-20   96
  2.629726e-01   1.944727e-19   3.547511e-04   1.066734e-20   192
  2.641613e-01   1.440977e-19   4.495664e-09   9.337113e-21   120
  2.648900e-01   4.083513e-19   0.000000e+00   2.072379e-20   144
  2.663415e-01   9.431624e-19   0.000000e+00   1.512133e-27   48
  2.673732e-01   9.964201e-19   3.567146e-04   1.148019e-20   336
  2.685040e-01   1.051447e-18   0.000000e+00   8.363259e-20   48
  2.699360e-01   2.190482e-18   0.000000e+00   3.352611e-20   192
  2.706492e-01   1.899578e-18   0.000000e+00   3.024266e-27   48
  2.726764e-01   2.373179e-18   2.476067e-04   9.486962e-20   56
  2.736844e-01   2.645343e-18   3.180112e-04   3.631143e-20   336
  2.748894e-01   4.140501e-18   3.532127e-09   6.504565e-20   54
  2.759390e-01   4.741950e-18   3.492904e-04   2.029179e-19   240
  2.781181e-01   7.375441e-18   3.344484e-04   3.958245e-19   228
  2.790651e-01   3.253148e-18   3.746387e-09   1.115439e-19   72
  2.799844e-01   3.799445e-18   3.244231e-04   2.108711e-19   144
  2.811298e-01   4.455618e-18   0.000000e+00   2.116578e-19   96
  2.818146e-01   3.213572e-18   4.495664e-09   9.482223e-20   240
  2.831793e-01   1.767644e-18   3.973643e-09   6.048532e-27   24
  2.840530e-01   1.993210e-18   3.064151e-04   3.346932e-20   336
  2.852142e-01   9.486782e-19   0.000000e+00   3.553575e-20   72
  2.862741e-01   8.374557e-19   3.332831e-04   3.528940e-20   168
  2.872346e-01   1.542240e-18   0.000000e+00   1.258669e-19   72
  2.885737e-01   3.470912e-19   0.000000e+00   4.052849e-20   96
  2.896108e-01   4.627869e-19   3.307829e-04   2.431439e-20   216
  2.905708e-01   7.062566e-19   3.973643e-09   8.098840e-21   96
  2.918946e-01   4.135719e-19   0.000000e+00   2.153033e-20   192
  2.925542e-01   1.923755e-19   3.746387e-09   9.230213e-21   144
  2.938691e-01   2.627432e-19   0.000000e+00   5.346198e-28   48
  2.947794e-01   1.828257e-19   3.189136e-04   1.290806e-20   246
  2.960164e-01   1.452765e-19   2.940434e-04   1.186978e-20   168
  2.971308e-01   7.252909e-19   5.506041e-09   1.332224e-21   120
  2.977788e-01   2.505273e-19   0.000000e+00   1.442606e-20   240
  2.990707e-01   3.827604e-19   3.973643e-09   1.069240e-27   24
  3.001001e-01   6.659202e-19   3.147475e-04   3.117167e-20   360
  3.013820e-01   1.428551e-18   3.134082e-04   1.784675e-20   120
  3.022763e-01   9.123445e-19   0.000000e+00   4.174124e-20   144
  3.029133e-01   2.238301e-18   0.000000e+00   2.147665e-19   96
  3.048165e-01   2.291307e-18   0.000000e+00   9.226388e-20   144
  3.054482e-01   2.399838e-18   0.000000e+00   1.360471e-19   132
  3.063360e-01   1.800841e-18   3.093292e-04   9.283983e-20   176
  3.076248e-01   2.011888e-18   3.123602e-04   5.167573e-20   312
  3.092116e-01   2.156537e-18   0.000000e+00   2.469193e-20   96
  3.098343e-01   2.256553e-18   0.000000e+00   6.685981e-20   144
  3.107899e-01   1.075904e-18   3.092271e-04   2.373575e-20   312
  3.123131e-01   1.252719e-18   0.000000e+00   0.000000e+00   48
  3.129297e-01   1.406220e-18   3.973643e-09   4.779565e-20   192
  3.141593e-01   2.218880e-18   0.000000e+00   0.000000e+00   6
  3.149762e-01   1.178490e-18   2.884066e-04   3.416233e-20   288
  3.162994e-01   5.928742e-19   3.047203e-04   1.874716e-20   192
  3.172124e-01   6.987553e-19   9.345130e-09   2.529477e-20   216
  3.178195e-01   8.132808e-20   0.000000e+00   6.749716e-21   72
  3.193321e-01   1.009872e-18   3.018264e-04   5.866109e-20   192
  3.203366e-01   8.070918e-19   2.241224e-04   4.632284e-20   288
  3.214381e-01   2.419449e-20   0.000000e+00   0.000000e+00   24
  3.222890e-01   4.777869e-19   2.952626e-04   2.618328e-20   456
  3.238280e-01   5.122951e-19   5.619580e-09   4.732391e-20   48
  3.247789e-01   1.420216e-19   2.908218e-04   9.496795e-21   240
  3.258718e-01   1.945118e-19   2.939082e-04   9.338214e-21   216
  3.267908e-01   4.020254e-19   0.000000e+00   8.332093e-21   72
  3.273801e-01   3.449202e-19   1.015467e-08   1.759664e-20   168
  3.290441e-01   8.766945e-19   2.184577e-04   3.768451e-20   288
  3.299773e-01   4.729272e-19   2.890570e-04   5.154948e-20   168
  3.314762e-01   9.593898e-19   0.000000e+00   7.650050e-20   192
  3.320572e-01   5.840838e-19   3.746387e-09   5.295135e-20   144
  3.332162e-01   3.310818e-18   0.000000e+00   3.696368e-19   36
  3.341991e-01   7.408280e-19   2.639705e-04   6.940859e-20   342
  3.351389e-01   8.813698e-19   2.710657e-04   1.154343e-19   144
  3.363470e-01   1.141986e-18   2.842800e-04   5.818509e-20   384
  3.378125e-01   1.891683e-18   7.786718e-09   8.335222e-20   120
  3.385379e-01   1.045187e-18   2.534951e-04   5.987281e-20   264
  3.395201e-01   4.990148e-19   1.256576e-08   2.309666e-20   192
  3.404451e-01   1.304747e-18   2.731894e-04   5.637778e-20   152
  3.412191e-01   5.278536e-19   7.492773e-09   1.588417e-20   144
  3.428472e-01   1.241246e-18   1.768108e-04   2.428338e-20   216
  3.436008e-01   6.747881e-19   2.362665e-04   2.352508e-20   312
  3.449274e-01   7.971766e-19   2.738281e-04   1.845794e-20   240
  3.457090e-01   1.188322e-18   3.973643e-09   2.608721e-20   96
  3.471927e-01   2.874173e-19   2.617995e-04   1.816469e-20   144
  3.481071e-01   7.423060e-19   2.573258e-04   1.455938e-20   456
  3.495904e-01   1.318952e-19   0.000000e+00   9.456975e-21   120
  3.501414e-01   7.848283e-19   0.000000e+00   6.409287e-20   144
  3.512407e-01   3.738132e-20   0.000000e+00   0.000000e+00   24
  3.519456e-01   1.457701e-19   2.473498e-04   1.118417e-20   336
  3.531645e-01   1.850923e-19   2.727931e-04   2.960354e-20   198
  3.543067e-01   3.050548e-19   2.652756e-04   1.678759e-20   432
  3.556041e-01   1.581564e-19   0.000000e+00   2.206349e-20   48
  3.562810e-01   8.446084e-20   2.341925e-04   6.099897e-21   384
  3.574963e-01   4.167902e-20   2.696052e-04   4.181923e-21   144
  3.585975e-01   1.708802e-19   2.676825e-04   1.016409e-20   264
  3.599147e-01   1.012220e-19   0.000000e+00   0.000000e+00   48
  3.607984e-01   2.917232e-19   2.545223e-04   1.922295e-20   276
  3.616510e-01   1.911956e-19   2.307176e-04   1.015742e-20   192
  3.627906e-01   2.129891e-19   2.592759e-04   8.510867e-21   552
  3.641741e-01   2.601969e-19   8.991328e-09   2.218433e-20   120
  3.649965e-01   3.569572e-19   2.624511e-04   1.442120e-20   216
  3.657587e-01   2.906242e-20   4.495664e-09   2.840174e-21   120
  3.671201e-01   4.557142e-19   2.584500e-04   1.479358e-20   408
  3.683844e-01   4.154389e-19   5.619580e-09   1.069240e-27   24
  3.691684e-01   4.177167e-19   2.610810e-04   3.316850e-20   384
  3.702633e-01   9.157296e-19   2.550855e-04   6.777900e-20   240
  3.712141e-01   1.333119e-18   2.569535e-04   1.412565e-19   168
  3.725471e-01   1.282586e-18   6.357829e-09   1.769446e-19   120
  3.734064e-01   1.252026e-18   2.678605e-04   8.822248e-20   350
  3.748037e-01   1.251643e-18   4.409502e-04   9.445822e-20   384
  3.756388e-01   1.621719e-19   0.000000e+00   1.521785e-20   144
  3.771752e-01   7.025405e-19   1.059638e-08   6.371365e-20   288
  3.779773e-01   3.396058e-19   2.524053e-04   1.266453e-20   336
  3.790686e-01   5.005538e-19   2.297941e-04   4.765816e-20   168
  3.797219e-01   6.810317e-19   4.541306e-09   3.239300e-20   336
  3.810732e-01   2.383499e-19   2.385126e-04   1.267012e-20   288
  3.818848e-01   4.718295e-19   2.247398e-04   2.524852e-20   264
  3.832590e-01   5.138754e-20   0.000000e+00   4.057062e-21   240
  3.837616e-01   1.644805e-19   7.947286e-09   1.619649e-20   96
  3.855656e-01   3.118873e-19   3.056310e-04   2.233106e-20   360
  3.864075e-01   4.047207e-19   2.253025e-04   3.098567e-20   168
  3.874713e-01   4.039437e-19   2.456032e-04   1.802192e-20   456
  3.887523e-01   6.032016e-19   7.064254e-09   6.019619e-20   108
  3.894728e-01   2.058233e-19   2.464311e-04   1.317193e-20   264
  3.903716e-01   2.827410e-19   2.198567e-04   2.738658e-20   264
  3.916025e-01   4.625007e-19   2.074668e-04   3.014698e-20   312
  3.931351e-01   1.064701e-19   1.541705e-04   4.168911e-21   270
  3.937775e-01   1.317498e-19   1.957388e-04   1.171288e-20   240
  3.949323e-01   2.448642e-19   2.421536e-04   2.133626e-20   384
  3.956334e-01   4.693158e-19   0.000000e+00   4.139081e-20   192
  3.969952e-01   2.994699e-19   1.942960e-04   1.703989e-20   240
  3.977852e-01   4.744502e-20   2.397927e-04   8.823848e-22   336
  3.992708e-01   1.928418e-19   2.413972e-04   1.267816e-20   480
  4.004761e-01   1.219044e-19   0.000000e+00   4.724289e-22   72
  4.011493e-01   1.518465e-19   2.353842e-04   1.202934e-20   240
  4.020650e-01   3.649828e-19   2.212289e-04   2.450730e-20   312
  4.031147e-01   2.111737e-19   2.390954e-04   1.253554e-20   240
  4.047009e-01   5.319134e-19   1.816506e-04   3.356101e-20   408
  4.053288e-01   6.399035e-19   1.663482e-04   3.169917e-20   336
  4.065560e-01   6.519236e-19   2.112212e-04   5.578662e-20   264
  4.071591e-01   1.615471e-19   0.000000e+00   1.287043e-20   144
  4.088370e-01   7.881963e-19   2.927651e-04   4.258015e-20   464
  4.097211e-01   1.053876e-18   2.328083e-04   7.257060e-20   168
  4.105939e-01   8.145369e-19   2.120376e-04   5.753102e-20   336
  4.121713e-01   6.123511e-19   2.227870e-04   4.415600e-20   414
  4.130606e-01   5.309101e-19   2.319080e-04   2.371055e-20   216
  4.141998e-01   4.240989e-19   5.619580e-09   3.104022e-20   96
  4.146649e-01   2.142899e-19   1.685874e-08   1.207605e-20   384
  4.162944e-01   6.723326e-20   2.314600e-04   4.903644e-21   492
  4.171676e-01   1.067638e-19   2.263480e-04   8.292802e-21   240
  4.181546e-01   1.190891e-19   2.298225e-04   1.062116e-20   312
  4.195176e-01   3.271372e-19   2.297469e-04   5.154181e-20   192
  4.203810e-01   4.145380e-19   2.226525e-04   3.348730e-20   504
  4.215265e-01   4.510676e-19   1.473998e-04   3.807973e-20   408
  4.224284e-01   2.114484e-19   4.515774e-04   2.835414e-20   168
  4.235571e-01   7.370624e-19   2.145032e-04   3.164021e-20   288
  4.245041e-01   3.348269e-19   2.238525e-04   2.489775e-20   288
  4.254743e-01   1.862620e-19   2.251410e-04   9.144895e-21   432
  4.268815e-01   3.807633e-19   2.129084e-04   3.115512e-20   216
  4.276334e-01   3.312709e-19   2.124592e-04   1.629578e-20   360
  4.289721e-01   4.669679e-19   2.073582e-04   2.680357e-20   312
  4.301803e-01   1.284689e-19   0.000000e+00   0.000000e+00   48
  4.308767e-01   4.635216e-19   2.223178e-04   2.057201e-20   432
  4.321240e-01   2.123749e-19   3.708284e-04   1.168446e-20   414
  4.328606e-01   2.869395e-19   1.956255e-08   1.583205e-20   312
  4.342347e-01   6.349889e-20   3.253813e-04   2.589690e-21   528
  4.351620e-01   2.669174e-19   1.707976e-04   1.933751e-20   264
  4.362761e-01   3.018517e-19   2.025191e-04   1.863729e-20   480
  4.377318e-01   2.809844e-19   0.000000e+00   1.598655e-20   288
  4.383604e-01   3.449909e-19   2.176005e-04   2.153962e-20   168
  4.395105e-01   2.097812e-19   3.444610e-04   1.531967e-20   504
  4.408036e-01   6.082220e-19   7.492773e-09   3.983358e-20   144
  4.416171e-01   7.208636e-19   2.212265e-04   5.004745e-20   464
  4.428396e-01   9.346708e-19   3.246624e-04   6.084643e-20   432
  4.434197e-01   8.639312e-19   5.619580e-09   9.022316e-20   192
  4.449189e-01   6.817770e-19   2.406833e-04   4.851177e-20   396
  4.458042e-01   4.421161e-19   2.162000e-04   4.125963e-20   288
  4.466990e-01   2.537100e-19   2.135686e-04   1.374827e-20   336
  4.481283e-01   1.893920e-19   1.352359e-04   9.980641e-21   432
  4.490354e-01   2.707554e-19   3.505126e-04   1.394907e-20   360
  4.500539e-01   1.088728e-19   2.073334e-04   4.706737e-21   384
  4.515004e-01   1.085926e-18   1.830116e-04   3.407489e-19   198
  4.521974e-01   2.995322e-19   2.080246e-04   4.137174e-20   552
  4.534970e-01   2.752874e-19   2.912202e-04   1.568494e-20   432
  4.545821e-01   3.631408e-19   0.000000e+00   3.253158e-20   168
  4.554927e-01   9.343876e-19   3.610065e-04   6.067159e-20   480
  4.566974e-01   6.493750e-19   0.000000e+00   4.733543e-20   120
  4.572396e-01   1.315555e-18   2.948545e-04   1.409270e-19   336
  4.585628e-01   7.184029e-19   2.080152e-04   6.552351e-20   672
  4.598711e-01   4.300886e-19   3.025866e-04   3.545168e-20   528
  4.604805e-01   3.518491e-19   9.082613e-09   2.494036e-20   168
  4.618883e-01   1.533550e-19   3.375333e-04   1.186376e-20   456
  4.627474e-01   2.375576e-19   2.061344e-04   1.355710e-20   168
  4.636392e-01   2.703545e-19   2.057643e-04   1.404713e-20   504
  4.651216e-01   2.955513e-19   2.647872e-04   2.072237e-20   336
  4.660180e-01   2.701076e-19   1.908802e-04   2.252899e-20   312
  4.670124e-01   2.773089e-19   1.865029e-04   2.130767e-20   504
  4.683210e-01   1.833694e-19   1.294009e-04   1.175624e-20   432
  4.689362e-01   6.844158e-20   1.999672e-04   3.169139e-21   312
  4.702151e-01   1.546044e-19   2.049761e-04   5.978646e-21   384
  4.715504e-01   7.626826e-19   1.741510e-04   3.008465e-19   126
  4.723748e-01   1.458141e-18   3.057676e-04   1.836286e-19   492
  4.734278e-01   1.785594e-18   1.958445e-04   2.074656e-19   528
  4.747438e-01   6.374225e-19   1.989360e-04   4.612832e-20   480
  4.755596e-01   4.318190e-19   2.748289e-04   1.927949e-20   432
  4.767402e-01   3.235545e-19   2.161166e-04   1.987940e-20   440
  4.781114e-01   1.331401e-18   1.074739e-04   1.071688e-19   312
  4.786259e-01   3.893331e-19   1.610586e-04   2.906362e-20   480
  4.796813e-01   4.045299e-19   3.153497e-04   4.309215e-20   408
  4.812233e-01   7.755279e-20   1.888588e-04   1.996475e-21   360
  4.818747e-01   7.350633e-20   1.822418e-04   4.859770e-21   408
  4.830820e-01   7.784553e-20   1.854542e-04   3.815463e-21   456
  4.844414e-01   9.297555e-20   1.772485e-04   1.503871e-20   264
  4.851959e-01   1.669816e-19   1.923591e-04   1.680662e-20   384
  4.862943e-01   2.567868e-19   3.238501e-04   2.215152e-20   672
  4.875640e-01   3.880167e-19   1.937042e-04   2.562254e-20   240
  4.882967e-01   1.206907e-19   1.965613e-04   4.210652e-21   264
  4.893308e-01   9.020842e-20   2.424259e-04   5.361744e-21   624
  4.908739e-01   3.653894e-20   0.000000e+00   1.372929e-21   150
  4.914232e-01   1.195764e-18   2.716574e-04   1.668876e-19   600
  4.925819e-01   3.421507e-18   1.874909e-04   3.555542e-19   672
  4.938939e-01   1.185104e-18   1.763484e-04   1.929478e-19   336
  4.946248e-01   1.196555e-18   1.918157e-04   1.302656e-19   408
  4.957926e-01   2.010704e-19   1.913639e-04   1.150115e-20   408
  4.970915e-01   2.619590e-19   9.676385e-05   1.287547e-20   360
  4.978921e-01   1.904258e-19   3.552857e-04   1.050912e-20   456
  4.988592e-01   1.572813e-19   1.932065e-04   1.168149e-20   384
  5.000902e-01   3.007701e-20   1.783541e-04   1.708026e-21   348
  5.007554e-01   1.347058e-19   2.198754e-04   3.704522e-21   576
  5.020050e-01   1.259514e-19   1.810385e-04   6.997880e-21   504
  5.032833e-01   9.725364e-20   2.553443e-04   4.334992e-21   432
  5.043991e-01   1.220485e-19   3.473946e-04   5.438934e-21   576
  5.051948e-01   5.588640e-20   0.000000e+00   4.560805e-21   264
  5.064571e-01   9.715675e-20   2.764393e-04   5.296863e-21   768
  5.075549e-01   5.446086e-20   3.721752e-04   1.953449e-21   240
  5.084277e-01   3.082615e-20   3.282233e-04   2.420744e-21   192
  5.096990e-01   1.163314e-19   2.416124e-04   6.934331e-21   504
  5.106418e-01   4.628759e-19   3.255818e-04   4.499626e-20   590
  5.115460e-01   1.981433e-19   3.647966e-04   1.899934e-20   384
  5.126798e-01   3.276515e-20   3.048625e-04   2.768021e-21   504
  5.140486e-01   6.944888e-20   2.933830e-04   2.889057e-21   648
  5.153764e-01   5.870675e-20   7.967896e-05   3.760913e-21   504
  5.159117e-01   4.520059e-20   1.817627e-04   2.991117e-21   312
  5.168569e-01   5.198765e-20   2.618753e-04   2.410709e-21   576
  5.181545e-01   2.110241e-19   1.822405e-04   2.156647e-20   240
  5.189109e-01   1.063798e-19   1.841453e-04   6.514450e-21   552
  5.199816e-01   9.497129e-20   1.729082e-04   4.328639e-21   600
  5.215067e-01   6.406761e-20   2.111937e-04   2.750238e-21   600
  5.224237e-01   8.994238e-20   3.382099e-04   4.876530e-21   312
  5.233368e-01   7.445395e-20   2.945474e-04   4.050570e-21   480
  5.244775e-01   5.853015e-20   1.837693e-04   2.913282e-21   576
  5.254818e-01   3.554493e-20   2.959085e-04   1.952403e-21   408
  5.263729e-01   5.033013e-20   3.451909e-04   2.089667e-21   216
  5.275243e-01   6.467951e-20   2.643774e-04   2.719732e-21   516
  5.287578e-01   6.161645e-20   2.522429e-04   3.319957e-21   744
  5.300304e-01   8.866084e-19   1.684760e-04   3.194807e-19   462
  5.307494e-01   5.747510e-18   1.712315e-04   7.860927e-19   432
  5.318647e-01   2.349702e-18   1.588547e-04   2.624335e-19   648
  5.331761e-01   2.938595e-19   2.324340e-04   3.086760e-20   528
  5.342295e-01   1.289929e-19   2.799086e-04   5.684712e-21   600
  5.352820e-01   1.029784e-19   3.528915e-04   3.896249e-21   240
  5.363014e-01   2.005607e-19   2.703115e-04   1.002546e-20   720
  5.374863e-01   7.572974e-20   2.138653e-04   3.717769e-21   720
  5.387997e-01   1.330335e-20   0.000000e+00   2.927696e-22   144
  5.394909e-01   4.549398e-20   2.757364e-04   2.555864e-21   720
  5.404742e-01   5.618370e-20   1.653370e-04   4.042508e-21   384
  5.417051e-01   5.109356e-20   1.832848e-04   3.584710e-21   672
  5.428730e-01   1.022246e-19   3.209115e-04   6.133220e-21   336
  5.434308e-01   3.116534e-20   0.000000e+00   1.572406e-21   288
  5.447967e-01   1.047777e-19   2.539800e-04   6.058084e-21   776
  5.460612e-01   2.332944e-19   2.173184e-04   2.070808e-20   720
  5.471231e-01   1.724756e-19   1.750659e-04   1.279396e-20   432
  5.479725e-01   1.510193e-19   2.495786e-04   7.664678e-21   504
  5.489174e-01   9.745855e-20   1.748652e-04   4.862670e-21   528
  5.502396e-01   2.580512e-18   2.382437e-04   3.188808e-19   438
  5.513273e-01   4.114769e-19   2.772938e-04   4.424056e-20   624
  5.521470e-01   1.922069e-19   3.396475e-04   1.306731e-20   312
  5.532738e-01   3.450308e-19   1.829935e-04   2.805921e-20   696
  5.544390e-01   5.845945e-19   1.655760e-04   5.605046e-20   552
  5.556509e-01   5.689074e-19   1.281006e-04   4.521804e-20   516
  5.564006e-01   3.791604e-19   2.558713e-04   2.310400e-20   528
  5.573133e-01   6.753931e-20   1.664001e-04   3.796740e-21   528
  5.586097e-01   1.003957e-19   2.194479e-04   5.291892e-21   864
  5.594897e-01   7.213228e-20   3.005985e-04   3.720460e-21   408
  5.603706e-01   1.766720e-19   2.978186e-04   9.567008e-21   192
  5.616191e-01   6.612107e-20   2.464592e-04   2.339525e-21   720
  5.626731e-01   1.182756e-19   2.272475e-04   8.743376e-21   696
  5.639255e-01   4.112595e-20   2.454294e-04   1.521943e-21   720
  5.650713e-01   9.877917e-20   3.326501e-04   5.780643e-21   432
  5.657395e-01   2.177487e-20   1.958109e-04   1.341117e-21   264
  5.669418e-01   3.458898e-20   2.704061e-04   1.282696e-21   672
  5.680171e-01   8.171305e-20   2.768544e-04   5.672529e-21   600
  5.692933e-01   5.676703e-20   1.620980e-04   5.083551e-21   270
  5.699366e-01   1.022069e-19   2.440026e-04   1.089738e-20   528
  5.709591e-01   3.841187e-19   1.670843e-04   2.995241e-20   840
  5.723613e-01   7.516816e-19   3.194952e-04   4.207662e-20   888
  5.736568e-01   2.647678e-19   2.380474e-04   1.404020e-20   744
  5.747517e-01   1.735939e-19   1.223216e-04   9.174825e-21   456
  5.752963e-01   1.103543e-19   1.671601e-04   6.041017e-21   360
  5.762282e-01   1.727298e-19   1.448348e-04   9.553094e-21   384
  5.776580e-01   2.539040e-19   2.323137e-04   1.506558e-20   816
  5.787308e-01   2.113814e-19   3.370546e-04   1.596142e-20   824
  5.800348e-01   2.725163e-19   1.566791e-04   2.146895e-20   360
  5.807331e-01   1.851516e-19   2.311994e-04   1.437363e-20   624
  5.816941e-01   1.345268e-19   1.562320e-04   1.387490e-20   360
  5.829744e-01   6.599634e-20   2.125215e-04   2.296675e-21   876
  5.841306e-01   1.690806e-19   2.524119e-04   7.970398e-21   696
  5.852967e-01   2.722909e-19   1.629911e-04   2.496805e-20   336
  5.859080e-01   1.139722e-19   1.628079e-04   4.543680e-21   504
  5.869176e-01   1.803663e-19   1.642187e-04   1.065103e-20   672
  5.884155e-01   8.927535e-20   3.269213e-04   5.456317e-21   720
  5.894543e-01   2.225293e-19   2.469541e-04   1.657769e-20   774
  5.906010e-01   1.728883e-19   1.413501e-04   1.720155e-20   384
  5.912015e-01   8.452310e-20   2.720183e-04   4.398523e-21   528
  5.921335e-01   1.286028e-19   2.592486e-04   6.221324e-21   744
  5.936327e-01   2.568987e-19   2.138251e-04   1.109479e-20   768
  5.946281e-01   5.230799e-19   2.400348e-04   3.948635e-20   552
  5.958700e-01   2.846113e-19   2.616108e-04   2.748647e-20   696
  5.967938e-01   5.482826e-19   3.179026e-04   4.107548e-20   408
  5.975272e-01   4.433693e-19   1.373364e-04   2.611553e-20   504
  5.986899e-01   2.300572e-19   2.467198e-04   9.016852e-21   888
  5.998339e-01   1.467675e-19   2.564132e-04   7.969477e-21   648
  6.010230e-01   9.222245e-20   2.542153e-04   6.198154e-21   648
  6.021418e-01   1.648608e-19   2.741064e-04   9.710376e-21   792
  6.033268e-01   1.838208e-19   4.010364e-04   1.642123e-20   600
  6.042000e-01   1.272537e-19   2.717856e-04   6.735388e-21   456
  6.051191e-01   2.295169e-19   1.324567e-04   1.893027e-20   648
  6.062996e-01   3.800333e-19   2.583099e-04   2.098739e-20   936
  6.075741e-01   2.960394e-19   1.586356e-04   1.641613e-20   384
  6.086836e-01   9.418191e-20   1.334798e-08   8.011744e-21   198
  6.095398e-01   1.466265e-19   4.024720e-04   5.788893e-21   1224
  6.104634e-01   1.189877e-19   2.931235e-04   9.081656e-21   420
  6.115558e-01   1.263740e-19   2.836822e-04   5.619180e-21   792
  6.126238e-01   7.231354e-20   2.345810e-04   3.668064e-21   680
  6.138428e-01   2.787460e-20   2.154033e-04   2.165342e-21   600
  6.148235e-01   1.524406e-19   3.123938e-04   1.104692e-20   840
  6.161330e-01   3.101138e-20   1.474979e-04   1.905011e-21   432
  6.166334e-01   1.126009e-19   1.382249e-04   6.799101e-21   720
  6.177213e-01   4.756662e-20   2.768404e-04   2.116837e-21   960
  6.190745e-01   7.536562e-20   2.467829e-04   3.855141e-21   528
  6.200634e-01   6.925932e-20   2.522592e-04   3.560930e-21   624
  6.212404e-01   6.996402e-20   1.982740e-04   2.565254e-21   816
  6.224086e-01   4.069407e-20   3.260658e-04   3.704748e-21   696
  6.236996e-01   2.574871e-19   2.202416e-08   2.177452e-20   240
  6.241851e-01   8.641245e-20   1.922888e-04   8.429071e-21   672
  6.252686e-01   1.829117e-19   3.436476e-04   1.228979e-20   864
  6.264840e-01   1.749344e-19   2.636938e-04   8.295576e-21   816
  6.275795e-01   8.670684e-20   1.509292e-04   3.841039e-21   648
  6.287594e-01   1.146670e-19   1.542771e-04   5.859003e-21   843
  6.297611e-01   5.361503e-20   2.775825e-04   1.897210e-21   780
  6.309548e-01   8.336625e-20   1.489456e-04   7.460215e-21   216
  6.316911e-01   9.129210e-20   3.591661e-04   3.584350e-21   1056
  6.328235e-01   8.746298e-20   2.938382e-04   1.103171e-20   228
  6.338720e-01   1.633178e-19   3.658358e-04   1.559478e-20   924
  6.349484e-01   6.354209e-20   1.357046e-04   2.691389e-21   696
  6.360882e-01   2.062356e-19   2.415153e-04   1.825400e-20   996
  6.372543e-01   1.006535e-19   1.425858e-04   1.030470e-20   576
  6.384675e-01   8.477081e-20   2.200718e-04   6.543975e-21   552
  6.393519e-01   9.499517e-20   2.627580e-04   4.194502e-21   516
  6.402494e-01   1.604096e-19   3.821047e-04   1.040754e-20   744
  6.412749e-01   1.161277e-19   1.874451e-04   1.436714e-20   576
  6.421669e-01   1.097575e-19   1.929285e-04   1.249908e-20   792
  6.434346e-01   2.674480e-19   2.205530e-04   2.303876e-20   792
  6.443636e-01   2.875852e-19   2.378641e-04   2.794132e-20   720
  6.456200e-01   1.167723e-19   2.711104e-04   1.744482e-20   656
  6.467974e-01   1.097068e-19   2.960385e-04   9.830349e-21   816
  6.480043e-01   2.639249e-19   1.596190e-04   2.934630e-20   492
  6.486903e-01   6.298532e-20   2.296231e-04   4.365794e-21   552
  6.499778e-01   4.739054e-20   3.992867e-04   4.876571e-21   780
  6.508139e-01   7.234913e-20   2.452771e-04   6.696038e-21   528
  6.517148e-01   4.747493e-20   2.863130e-04   2.459252e-21   600
  6.530425e-01   3.036339e-19   2.379487e-04   3.441261e-20   900
  6.539577e-01   7.887874e-20   1.317325e-04   5.292442e-21   696
  6.552168e-01   7.614014e-20   3.330907e-04   8.486236e-21   696
  6.564349e-01   3.738105e-20   1.351317e-04   1.704403e-21   552
  6.574592e-01   7.189696e-20   1.571457e-04   5.831102e-21   708
  6.585322e-01   8.707459e-20   2.594565e-04   4.828875e-21   876
  6.596487e-01   1.203026e-19   1.377663e-04   9.511239e-21   216
  6.603980e-01   7.687743e-20   3.768094e-04   3.828558e-21   1032
  6.615201e-01   5.357088e-20   4.195357e-04   3.771970e-21   600
  6.626848e-01   3.948527e-20   2.001869e-04   2.014916e-21   600
  6.635732e-01   6.221572e-20   3.535112e-04   3.554297e-21   528
  6.646233e-01   3.785408e-20   1.940622e-04   1.487051e-21   732
  6.657296e-01   8.647418e-20   1.432973e-04   6.925321e-21   336
  6.670031e-01   7.859998e-19   2.042271e-04   1.053247e-19   912
  6.679548e-01   1.511676e-19   2.049821e-04   1.542796e-20   624
  6.689946e-01   5.714911e-20   1.727341e-04   2.553397e-21   768
  6.702082e-01   1.329658e-19   3.116463e-04   1.075090e-20   792
  6.713995e-01   9.738304e-20   1.545014e-04   4.541458e-21   660
  6.722471e-01   7.428444e-20   2.276826e-04   6.219425e-21   504
  6.731238e-01   4.372118e-20   3.719898e-04   2.539471e-21   480
  6.744376e-01   3.420658e-20   3.440421e-04   1.429800e-21   912
  6.754664e-01   7.923241e-20   3.831443e-04   5.126388e-21   432
  6.764380e-01   6.786646e-20   2.275021e-04   3.412582e-21   564
  6.773006e-01   2.025356e-20   2.177508e-04   1.162600e-21   600
  6.785149e-01   2.560044e-20   3.035240e-04   1.305793e-21   876
  6.794272e-01   4.297768e-20   1.364735e-04   1.946331e-21   264
  6.806846e-01   6.758098e-19   2.648123e-04   7.077254e-20   560
  6.816953e-01   1.937537e-19   1.799457e-04   1.395212e-20   840
  6.829222e-01   5.132676e-20   2.774244e-04   2.181022e-21   1008
  6.840568e-01   4.825218e-20   1.241010e-04   2.798474e-21   456
  6.850930e-01   7.204608e-20   1.607553e-04   3.722729e-21   576
  6.860509e-01   4.303751e-20   2.470177e-04   1.857658e-21   612
  6.873140e-01   5.851459e-20   2.206269e-04   4.257659e-21   780
  6.883444e-01   6.500169e-20   2.528284e-04   2.791236e-21   648
  6.893992e-01   3.778920e-20   1.178213e-04   3.608718e-21   312
  6.900734e-01   4.223520e-20   2.993645e-04   1.884530e-21   528
  6.912414e-01   6.451121e-20   3.909551e-04   7.363747e-21   720
  6.923583e-01   1.556492e-19   3.921794e-04   1.402832e-20   576
  6.937124e-01   4.741085e-20   3.383053e-04   2.665822e-21   444
  6.945549e-01   3.420374e-19   3.317685e-04   3.068937e-20   996
  6.955874e-01   1.016584e-19   2.771265e-04   1.136907e-20   432
  6.965633e-01   5.877589e-19   3.033990e-04   6.469643e-20   504
  6.974062e-01   4.706842e-20   1.367883e-04   2.772892e-21   504
  6.986065e-01   8.921238e-20   2.692009e-04   6.257421e-21   876
  6.996926e-01   2.309014e-19   3.098246e-04   1.735635e-20   504
  7.008236e-01   5.468982e-20   1.975899e-04   4.218854e-21   696
  7.017583e-01   6.357799e-20   1.689187e-04   6.025219e-21   492
  7.030300e-01   1.791230e-19   2.418152e-04   1.218997e-20   432
  7.039719e-01   1.336715e-19   2.264335e-04   7.961967e-21   768
  7.050885e-01   9.763016e-20   2.820533e-04   6.956003e-21   648
  7.061547e-01   7.328250e-20   1.840095e-04   1.014621e-20   456
  7.073798e-01   6.318180e-20   2.530430e-04   3.763642e-21   552
  7.082306e-01   2.030673e-19   1.734358e-04   1.291661e-20   648
  7.094016e-01   1.280602e-18   2.826907e-04   1.406719e-19   840
  7.105454e-01   2.275952e-19   1.348092e-04   2.130711e-20   432
  7.116906e-01   5.128942e-20   1.651183e-04   3.391213e-21   600
  7.124870e-01   7.184065e-20   1.759227e-04   5.541809e-21   432
  7.138248e-01   5.582823e-20   1.751482e-04   3.283665e-21   560
  7.147308e-01   1.429742e-19   2.772412e-04   1.031408e-20   840
  7.158652e-01   7.159814e-20   1.642140e-04   4.537450e-21   504
  7.167662e-01   4.403139e-20   3.351509e-04   2.235688e-21   696
  7.180362e-01   8.568182e-20   1.830475e-04   6.319395e-21   384
  7.190254e-01   9.316886e-20   2.681431e-04   5.490184e-21   576
  7.202219e-01   1.320295e-19   1.654845e-04   8.282921e-21   360
  7.211864e-01   1.108607e-19   2.464465e-04   8.123897e-21   828
  7.222268e-01   4.721199e-19   2.195064e-04   5.582036e-20   372
  7.231800e-01   2.928763e-19   3.352284e-04   2.830715e-20   576
  7.244428e-01   6.828953e-19   1.403933e-04   7.114006e-20   636
  7.253425e-01   9.068217e-20   2.706420e-04   3.967610e-21   648
  7.265596e-01   1.605276e-19   2.200024e-04   1.191145e-20   576
  7.274333e-01   2.647396e-19   3.548870e-04   2.079568e-20   528
  7.285953e-01   7.681271e-20   1.517289e-04   6.733756e-21   360
  7.295571e-01   6.142748e-20   3.490332e-04   3.633835e-21   672
  7.308130e-01   5.302504e-20   1.787806e-04   2.919635e-21   804
  7.318582e-01   8.097380e-20   1.972163e-04   5.184600e-21   408
  7.330145e-01   1.013098e-19   1.219011e-04   9.069414e-21   384
  7.337931e-01   4.562386e-20   2.789567e-04   3.533858e-21   480
  7.348913e-01   7.071131e-20   1.802469e-04   4.556089e-21   432
  7.359446e-01   5.151533e-19   3.321566e-04   5.448201e-20   648
  7.371913e-01   2.750339e-19   2.061016e-04   2.244726e-20   624
  7.381033e-01   5.628900e-20   1.874668e-04   6.997361e-21   456
  7.393486e-01   5.710937e-20   2.560963e-04   4.105361e-21   588
  7.401831e-01   4.078783e-20   1.633884e-04   1.496443e-21   600
  7.414016e-01   1.011860e-19   2.548458e-04   7.372793e-21   708
  7.423640e-01   2.278488e-19   1.605479e-04   1.642456e-20   360
  7.434275e-01   1.161961e-19   1.845541e-04   6.766963e-21   552
  7.444470e-01   6.765861e-20   1.294691e-04   3.196936e-21   288
  7.454820e-01   6.959515e-20   2.434372e-04   5.405713e-21   528
  7.464545e-01   9.173140e-20   1.642340e-04   5.546976e-21   456
  7.475410e-01   8.139550e-20   2.912225e-04   5.731910e-21   608
  7.486338e-01   1.251944e-19   1.408967e-04   8.615623e-21   504
  7.498278e-01   9.195622e-19   3.024972e-04   1.313758e-19   540
  7.507642e-01   4.327730e-19   3.247222e-04   3.390676e-20   360
  7.517735e-01   1.756365e-19   1.470509e-04   9.384021e-21   540
  7.526661e-01   1.083558e-19   1.262606e-04   9.274430e-21   576
  7.539642e-01   1.353152e-19   2.927555e-04   7.643189e-21   588
  7.551985e-01   4.491201e-20   4.039143e-04   2.992278e-21   672
  7.562588e-01   7.905189e-20   3.087151e-04   5.369071e-21   552
  7.571135e-01   1.453321e-20   3.088712e-04   9.853669e-22   144
  7.582042e-01   5.565220e-20   2.624178e-04   2.864035e-21   600
  7.592383e-01   7.177407e-20   3.288668e-04   3.836134e-21   504
  7.603860e-01   7.382285e-20   3.378126e-04   4.068521e-21   336
  7.615932e-01   2.634596e-20   3.797028e-04   2.281987e-21   600
  7.626744e-01   5.511811e-20   2.450478e-04   4.480062e-21   636
  7.638413e-01   7.049072e-19   1.970206e-04   7.724601e-20   384
  7.646595e-01   2.759361e-20   2.748205e-04   1.654124e-21   504
  7.658387e-01   1.523314e-19   1.153383e-04   1.077167e-20   240
  7.667694e-01   4.557858e-20   2.709461e-04   2.307965e-21   744
  7.678860e-01   4.798408e-20   1.850150e-04   2.683452e-21   648
  7.688783e-01   2.003544e-19   1.228185e-04   1.866400e-20   120
  7.700414e-01   3.150152e-20   1.929319e-04   1.523651e-21   564
  7.709202e-01   7.981419e-20   3.030111e-04   5.855693e-21   432
  7.720932e-01   3.703141e-20   2.351965e-04   2.461353e-21   480
  7.729764e-01   2.286514e-20   1.731106e-04   1.055915e-21   456
  7.740189e-01   1.246725e-19   2.864725e-04   1.544539e-20   444
  7.752020e-01   6.824732e-20   4.383180e-04   6.637248e-21   528
  7.762412e-01   5.737611e-20   3.255297e-04   8.017686e-21   264
  7.772498e-01   5.786988e-20   3.336195e-04   5.802278e-21   444
  7.786065e-01   7.608560e-20   3.654311e-04   1.052636e-20   696
  7.797327e-01   2.170187e-19   1.954448e-04   2.908052e-20   384
  7.805563e-01   4.338255e-20   2.469609e-04   3.935144e-21   432
  7.818373e-01   7.203643e-20   1.706384e-04   8.537238e-21   488
  7.826690e-01   5.267292e-20   2.571733e-04   5.208876e-21   480
  7.838749e-01   3.929933e-20   2.868014e-04   1.998293e-21   480
  7.848089e-01   4.789836e-20   1.203331e-04   5.803274e-21   240
  7.858692e-01   2.964222e-20   2.810886e-04   2.413689e-21   600
  7.868694e-01   2.639179e-20   2.449399e-04   2.458710e-21   288
  7.879343e-01   4.571994e-20   2.356143e-04   2.971856e-21   480
  7.890129e-01   9.331164e-21   4.191157e-04   5.403806e-22   504
  7.900748e-01   2.143980e-20   1.798267e-04   3.236998e-21   216
  7.914291e-01   9.361538e-20   2.944050e-04   6.971062e-21   504
  7.924838e-01   1.094357e-19   2.367912e-04   9.934664e-21   456
  7.936384e-01   6.169716e-20   1.358038e-04   3.623210e-21   384
  7.944031e-01   5.014777e-20   2.756326e-04   3.436248e-21   480
  7.954897e-01   1.563772e-20   2.420363e-04   7.709816e-22   504
  7.964966e-01   3.069533e-20   1.535327e-04   3.184237e-21   312
  7.975815e-01   5.484544e-20   2.474127e-04   3.354160e-21   492
  7.985417e-01   9.520958e-20   2.318919e-04   1.059367e-20   312
  7.997779e-01   6.071820e-20   3.766899e-04   6.901063e-21   576
  8.008661e-01   5.177836e-20   3.477153e-04   5.040798e-21   336
  8.017699e-01   1.928773e-20   2.677247e-04   1.189967e-21   240
  8.030228e-01   2.573209e-20   3.549351e-04   9.712628e-22   468
  8.041047e-01   6.430793e-20   2.222407e-04   4.518557e-21   192
  8.052370e-01   7.459588e-20   2.229031e-04   8.977370e-21   324
  8.060669e-01   3.126441e-20   1.617794e-04   2.825578e-21   600
  8.071978e-01   2.984918e-20   2.624704e-04   1.231772e-21   456
  8.080377e-01   1.319868e-19   1.180592e-04   1.064441e-20   336
  8.094297e-01   7.018474e-20   3.535027e-04   5.805796e-21   612
  8.104424e-01   6.805243e-20   2.966749e-04   9.771132e-21   144
  8.114002e-01   3.453866e-20   3.462957e-04   2.070396e-21   552
  8.127025e-01   1.069101e-20   1.363755e-04   6.655845e-22   264
  8.134384e-01   1.033343e-20   3.157441e-04   4.163385e-22   336
  8.145992e-01   9.788401e-20   2.086329e-04   7.366369e-21   384
  8.156059e-01   1.635546e-20   1.174397e-04   1.421411e-21   216
  8.167203e-01   2.782744e-20   2.489964e-04   1.708642e-21   344
  8.177364e-01   4.140373e-20   3.715143e-04   2.865519e-21   408
  8.189746e-01   1.971308e-20   2.854845e-04   1.148644e-21   264
  8.200718e-01   3.843918e-20   3.979796e-04   2.283075e-21   612
  8.211681e-01   9.227337e-20   2.048307e-04   5.093935e-21   408
  8.222956e-01   3.630421e-20   2.051251e-04   2.013957e-21   444
  8.231239e-01   2.103091e-19   1.147249e-04   1.344756e-20   120
  8.242338e-01   7.396089e-20   3.169640e-04   7.934774e-21   336
  8.250576e-01   9.823895e-21   1.101437e-04   1.088727e-21   288
  8.261708e-01   3.868740e-20   3.427692e-04   2.542679e-21   552
  8.277012e-01   3.598507e-21   1.835347e-08   4.388908e-22   72
  8.284882e-01   1.492067e-20   3.404572e-04   8.587164e-22   504
  8.294074e-01   6.216171e-21   1.095558e-04   5.469387e-22   216
  8.305983e-01   1.388580e-20   1.956043e-04   1.108911e-21   312
  8.316675e-01   4.926006e-20   2.227263e-04   4.165025e-21   336
  8.326865e-01   3.147131e-20   3.087236e-04   2.464332e-21   204
  8.337014e-01   3.312218e-20   3.587838e-04   1.691263e-21   504
  8.347777e-01   2.388713e-20   3.416652e-04   1.900830e-21   396
  8.358127e-01   2.346000e-20   3.133249e-04   8.069291e-22   312
  8.370674e-01   6.396427e-20   1.914750e-04   8.257523e-21   216
  8.379516e-01   4.193601e-20   1.039172e-04   2.271449e-21   168
  8.390260e-01   4.739027e-20   2.623966e-04   2.402265e-21   588
  8.402521e-01   3.742937e-20   3.561727e-04   2.366062e-21   240
  8.412047e-01   1.177922e-20   3.145601e-04   1.177864e-21   264
  8.423219e-01   2.926631e-20   3.890183e-04   1.629159e-21   288
  8.433131e-01   8.047342e-20   1.942596e-04   1.018608e-20   288
  8.445693e-01   2.946468e-20   1.824406e-04   2.051992e-21   288
  8.454153e-01   5.467306e-20   2.113423e-04   2.108015e-21   192
  8.464795e-01   5.510151e-20   2.248894e-04   5.448196e-21   264
  8.474933e-01   1.456277e-20   3.699119e-04   1.384633e-21   372
  8.485844e-01   6.631524e-20   3.995208e-04   4.550736e-21   360
  8.499161e-01   6.899742e-20   1.690810e-04   9.438253e-21   144
  8.506044e-01   7.473409e-20   2.348461e-04   6.030466e-21   296
  8.516909e-01   5.331963e-20   2.530345e-04   3.949642e-21   288
  8.529347e-01   5.816274e-20   3.781537e-04   3.387077e-21   480
  8.540076e-01   3.202201e-20   3.142096e-04   1.994553e-21   192
  8.550509e-01   5.100536e-20   3.370327e-04   5.323878e-21   192
  8.559992e-01   2.826361e-20   2.147949e-04   1.805913e-21   288
  8.573180e-01   2.406126e-20   1.869760e-04   1.415561e-21   108
  8.579823e-01   5.053457e-20   1.797545e-04   2.702207e-21   240
  8.591554e-01   4.323665e-20   3.353363e-04   4.065570e-21   384
  8.603605e-01   4.051840e-20   4.090723e-04   2.338746e-21   108
  8.614261e-01   2.136735e-20   2.398466e-04   1.550658e-21   348
  8.625466e-01   4.023409e-20   2.503134e-04   1.495095e-21   312
  8.635474e-01   6.861142e-20   2.432319e-04   7.530689e-21   96
  8.644677e-01   6.228060e-20   3.238194e-04   4.606128e-21   384
  8.654984e-01   2.354487e-20   2.227222e-04   1.421718e-21   144
  8.665066e-01   4.001814e-20   3.422225e-04   3.635612e-21   408
  8.677598e-01   4.725672e-20   1.526554e-04   5.390337e-21   144
  8.689437e-01   5.135620e-20   2.934816e-04   3.507154e-21   192
  8.696459e-01   2.089343e-20   3.303190e-04   1.454663e-21   144
  8.707904e-01   1.814089e-20   2.685615e-04   1.089596e-21   144
  8.718702e-01   2.747240e-20   3.282257e-04   1.188787e-21   336
  8.731927e-01   6.326733e-20   2.428454e-04   6.309687e-21   240
  8.740312e-01   5.336232e-20   1.102739e-04   4.648207e-21   96
  8.752007e-01   2.648825e-20   3.233803e-04   1.612244e-21   372
  8.763838e-01   7.101205e-20   3.846540e-04   2.750529e-21   132
  8.774230e-01   8.736688e-21   2.380193e-04   3.902225e-22   264
  8.783527e-01   6.112428e-20   1.827880e-04   8.452329e-21   168
  8.793449e-01   2.163855e-20   2.922429e-04   1.191801e-21   216
  8.802213e-01   1.318062e-19   1.787978e-04   9.847183e-21   216
  8.814979e-01   2.222915e-20   3.280196e-04   6.248503e-22   96
  8.826561e-01   5.993602e-21   2.140028e-04   1.932643e-22   120
  8.837183e-01   2.681957e-20   2.720578e-04   1.835379e-21   216
  8.845934e-01   4.549828e-20   1.188902e-04   2.062877e-21   200
  8.857519e-01   7.571184e-20   3.077557e-04   6.593053e-21   288
  8.872378e-01   2.660199e-20   8.097649e-05   1.954024e-21   144
  8.878635e-01   2.009368e-20   2.519939e-04   1.416198e-21   168
  8.891412e-01   3.013085e-20   2.835956e-04   3.079469e-21   159
  8.901386e-01   6.663092e-20   2.975600e-04   1.022049e-20   174
  8.911039e-01   2.558323e-20   2.698170e-04   2.299145e-21   144
  8.923678e-01   9.985508e-20   1.557998e-04   2.838591e-20   222
  8.932131e-01   3.482723e-20   1.572158e-04   5.655383e-21   168
  8.946732e-01   5.235019e-19   3.448346e-04   1.632234e-19   30
  8.952763e-01   3.050456e-20   3.044637e-04   4.849146e-21   72
  8.964123e-01   1.844218e-20   2.717302e-04   1.643016e-21   258
  8.976612e-01   4.236814e-20   1.701916e-04   2.418252e-21   264
  8.982857e-01   1.077633e-19   0.000000e+00   1.651102e-20   72
  8.995871e-01   5.214422e-20   3.373270e-04   5.601932e-21   174
  9.007654e-01   3.077595e-20   3.591909e-04   3.463847e-21   168
  9.017127e-01   4.589533e-20   1.123916e-08   0.000000e+00   48
  9.027297e-01   3.717018e-20   2.028435e-04   1.521304e-21   150
  9.039088e-01   2.607910e-20   3.731453e-04   2.854018e-21   168
  9.050911e-01   2.218981e-20   2.273028e-04   2.563968e-21   144
  9.061784e-01   4.977456e-20   2.123525e-04   2.827286e-21   102
  9.069882e-01   1.416808e-19   3.143182e-04   1.521558e-20   96
  9.082731e-01   4.811457e-21   3.119397e-04   3.077212e-22   120
  9.092246e-01   2.922478e-20   3.345635e-04   1.716101e-21   168
  9.102538e-01   2.234422e-20   2.470487e-04   2.255560e-21   126
  9.111308e-01   8.087824e-20   1.863241e-04   8.306573e-21   168
  9.123389e-01   2.490636e-22   2.987709e-04   1.956234e-23   72
  9.133947e-01   9.341840e-21   3.741278e-04   1.211646e-21   168
  9.143196e-01   4.235133e-20   1.025668e-04   3.149470e-21   78
  9.155870e-01   7.997934e-21   1.684070e-04   1.755129e-21   60
  9.166075e-01   4.001408e-20   2.731835e-04   4.622771e-21   96
  9.176659e-01   1.077140e-20   3.314854e-04   6.308523e-22   168
  9.186605e-01   1.285657e-19   2.097511e-04   2.587329e-20   86
  9.197042e-01   4.865574e-20   1.874678e-04   7.977840e-21   120
  9.212002e-01   8.683672e-21   1.336894e-04   6.455648e-22   168
  9.220069e-01   2.912023e-20   0.000000e+00   8.184660e-29   48
  9.230934e-01   3.988076e-20   2.435676e-04   2.846862e-21   120
  9.237177e-01   1.361072e-19   1.776924e-04   3.845947e-20   126
  9.252418e-01   1.350812e-20   3.125113e-04   1.205509e-21   96
  9.262310e-01   1.873544e-20   9.011285e-05   1.606384e-21   96
  9.270111e-01   5.050053e-20   0.000000e+00   1.624302e-21   72
  9.286731e-01   5.735904e-21   1.123916e-08   0.000000e+00   24
  9.297104e-01   1.710164e-20   1.854501e-04   5.346393e-22   120
  9.305196e-01   4.951740e-20   2.705147e-04   8.392081e-21   126
  9.314194e-01   7.939187e-21   2.255107e-04   8.160008e-22   96
  9.324708e-01   2.541429e-20   3.897482e-04   2.394908e-21   72
  9.336415e-01   3.441546e-21   1.685792e-04   1.925137e-22   144
  9.346046e-01   1.614440e-20   9.723254e-05   2.215878e-21   72
  9.355666e-01   1.379829e-19   1.942081e-04   1.844242e-21   54
  9.364132e-01   6.078069e-20   1.711436e-04   2.149526e-21   108
  9.381728e-01   1.820597e-20   1.677650e-04   1.007030e-21   72
  9.387206e-01   1.711690e-20   9.680617e-05   1.325531e-21   72
  9.400202e-01   2.287434e-20   1.946680e-08   9.450831e-29   24
  9.412498e-01   1.016242e-19   2.047976e-04   7.775060e-21   48
  9.419964e-01   1.798180e-20   1.560029e-04   2.737410e-21   102
  9.431203e-01   1.660171e-20   3.528137e-04   1.890593e-21   168
  9.445889e-01   3.801108e-20   1.924163e-04   4.732868e-23   72
  9.451330e-01   1.360020e-19   0.000000e+00   2.673099e-28   48
  9.462744e-01   5.449630e-21   3.309678e-04   5.437303e-22   120
  9.477807e-01   7.314809e-21   2.033864e-04   1.133499e-21   96
  9.492033e-01   5.941561e-21   2.202416e-08   1.805367e-21   30
  9.508942e-01   2.506431e-20   9.555995e-05   8.015693e-23   72
  9.516372e-01   1.116478e-20   1.123916e-08   0.000000e+00   24
  9.525916e-01   5.389092e-20   1.416435e-04   5.078212e-21   56
  9.536606e-01   1.513810e-20   2.021324e-04   1.746139e-21   96
  9.549399e-01   1.236121e-20   2.232036e-04   8.816196e-22   144
  9.559263e-01   2.266708e-21   1.267263e-04   3.981656e-22   54
  9.573592e-01   4.632865e-20   1.898493e-04   3.363004e-21   108
  9.588012e-01   3.684310e-20   1.005243e-04   4.767036e-21   48
  9.601739e-01   9.112560e-20   3.785063e-04   3.152673e-21   72
  9.634680e-01   2.493223e-20   2.500803e-04   4.628161e-22   78
  9.643808e-01   3.025248e-20   1.884669e-04   2.046197e-21   72
  9.654462e-01   4.806402e-20   1.882329e-04   3.644227e-21   72
  9.665603e-01   1.728478e-20   4.542266e-04   1.567710e-21   96
  9.674408e-01   1.350523e-20   1.878449e-04   1.728830e-21   72
  9.685029e-01   6.747329e-22   0.000000e+00   0.000000e+00   24
  9.695638e-01   9.462990e-20   3.748416e-04   1.237338e-20   72
  9.719599e-01   9.901287e-21   2.380359e-04   2.515455e-22   30
  9.724755e-01   2.484551e-19   0.000000e+00   7.560665e-28   24
  9.752466e-01   4.040702e-20   1.976584e-04   5.873964e-21   48
  9.761159e-01   5.323528e-20   4.253608e-04   5.994004e-21   120
  9.772870e-01   7.763894e-20   1.859776e-04   3.731002e-21   72
  9.784697e-01   1.071625e-19   1.857528e-04   1.270745e-20   36
  9.792826e-01   4.446057e-21   3.671339e-04   2.669555e-22   78
  9.815513e-01   8.665126e-20   1.963888e-04   9.671783e-21   48
  9.844928e-01   1.930969e-20   1.589457e-08   4.725416e-29   24
  9.865884e-01   3.191477e-20   1.367612e-04   3.642180e-21   56
  9.876436e-01   5.102602e-20   2.104496e-04   3.962460e-21   102
  9.889860e-01   2.095202e-20   1.498555e-08   3.206547e-21   72
  9.897653e-01   3.726875e-19   0.000000e+00   0.000000e+00   24
  9.911277e-01   2.691459e-21   1.944913e-04   3.866877e-22   48
  9.936528e-01   1.525226e-19   0.000000e+00   0.000000e+00   24
  9.967520e-01   4.403176e-19   0.000000e+00   2.138479e-27   6
  9.977185e-01   6.861303e-20   0.000000e+00   0.000000e+00   24
  9.983623e-01   2.657463e-20   1.820511e-04   1.232994e-21   72
  9.995384e-01   7.945900e-20   3.396336e-04   1.038700e-20   84
  1.000805e+00   6.797932e-20   0.000000e+00   0.000000e+00   24
  1.001190e+00   3.908554e-20   1.589457e-08   0.000000e+00   24
  1.003114e+00   1.563357e-20   1.123916e-08   0.000000e+00   24
  1.005800e+00   8.964581e-19   0.000000e+00   0.000000e+00   6
  1.009244e+00   9.417862e-20   1.910001e-04   8.748654e-21   48
  1.010072e+00   2.936929e-20   3.598129e-04   1.923490e-22   72
  1.011152e+00   6.344508e-20   1.906396e-04   9.056840e-21   48
  1.012867e+00   9.530656e-20   0.000000e+00   0.000000e+00   24
  1.015148e+00   1.180104e-19   1.123916e-08   0.000000e+00   6
  1.020262e+00   1.209554e-19   0.000000e+00   0.000000e+00   8
  1.020640e+00   1.229037e-21   1.123916e-08   3.617143e-30   48
  1.021546e+00   7.114973e-20   1.848806e-04   9.915030e-21   60
  1.022904e+00   2.185506e-20   0.000000e+00   0.000000e+00   24
  1.024787e+00   2.587901e-19   0.000000e+00   0.000000e+00   6
  1.031723e+00   2.035529e-21   0.000000e+00   8.353434e-30   24
  1.032283e+00   3.201297e-20   1.867372e-04   4.298025e-21   48
  1.033217e+00   1.476536e-20   0.000000e+00   0.000000e+00   24
  1.034708e+00   2.086600e-19   1.123916e-08   0.000000e+00   6
  1.043181e+00   3.634114e-20   1.742080e-04   7.114735e-21   36
  1.043797e+00   1.150000e-21   0.000000e+00   0.000000e+00   24
  1.044904e+00   2.202054e-22   0.000000e+00   0.000000e+00   6
  1.054545e+00   1.027307e-20   1.583190e-04   9.717861e-22   32
  1.055367e+00   4.931388e-23   1.123916e-08   1.631530e-32   6
  1.065728e+00   1.056759e-20   0.000000e+00   3.341373e-29   12
  1.066089e+00   2.923178e-22   0.000000e+00   1.044179e-30   6
  1.077063e+00   6.243791e-20   1.589457e-08   0.000000e+00   6
