# power spectrum of hij
# redshift z=50.000000
# k              Pk             sigma(k)       sigma(Pk)      count
  1.963495e-02   2.548748e-20   0.000000e+00   4.342349e-21   6
  2.776802e-02   3.020888e-20   0.000000e+00   5.779936e-21   12
  3.400874e-02   1.277875e-20   3.725290e-10   1.336027e-21   8
  3.926991e-02   9.620094e-21   0.000000e+00   1.365311e-21   6
  4.390509e-02   9.571332e-21   0.000000e+00   8.563986e-22   24
  4.809562e-02   6.879659e-21   7.024475e-10   9.094572e-22   24
  5.553604e-02   4.717352e-21   0.000000e+00   7.728582e-22   12
  5.890486e-02   2.968526e-21   7.947286e-10   5.268649e-22   30
  6.209118e-02   2.785070e-21   0.000000e+00   4.182850e-22   24
  6.512178e-02   2.504773e-21   1.216675e-09   3.750634e-22   24
  6.801748e-02   4.964023e-22   7.450581e-10   1.704199e-22   8
  7.079483e-02   2.522434e-21   9.934107e-10   2.364135e-22   24
  7.346727e-02   1.321072e-21   0.000000e+00   1.460700e-22   48
  7.853982e-02   1.011982e-21   0.000000e+00   1.461540e-22   6
  8.095699e-02   1.200061e-21   1.404895e-09   1.290697e-22   48
  8.330406e-02   1.131930e-21   0.000000e+00   1.320807e-22   36
  8.558678e-02   5.976547e-22   9.934107e-10   1.026612e-22   24
  8.781018e-02   9.868502e-22   0.000000e+00   1.933708e-22   24
  8.997866e-02   8.961093e-22   0.000000e+00   7.454877e-23   48
  9.209610e-02   1.054380e-21   1.404895e-09   2.229704e-22   24
  9.619124e-02   6.922615e-22   1.404895e-09   1.046077e-22   24
  9.817477e-02   7.141722e-22   0.000000e+00   8.200615e-23   30
  1.001190e-01   5.824689e-22   0.000000e+00   4.759697e-23   72
  1.020262e-01   6.590509e-22   1.490116e-09   6.971243e-23   32
  1.057375e-01   6.522865e-22   0.000000e+00   5.935009e-23   72
  1.075451e-01   5.852572e-22   0.000000e+00   5.614793e-23   48
  1.110721e-01   5.868928e-22   0.000000e+00   1.109799e-22   12
  1.127942e-01   4.778304e-22   0.000000e+00   4.228963e-23   48
  1.144905e-01   3.943317e-22   0.000000e+00   3.819827e-23   48
  1.161620e-01   3.457204e-22   1.404895e-09   3.412754e-23   48
  1.178097e-01   3.892144e-22   1.589457e-09   5.140785e-23   30
  1.194348e-01   3.558081e-22   1.404895e-09   3.283460e-23   24
  1.210380e-01   3.705248e-22   2.961779e-09   2.932456e-23   72
  1.241824e-01   2.615753e-22   0.000000e+00   3.229555e-23   24
  1.257251e-01   3.172706e-22   0.000000e+00   2.169805e-23   96
  1.272490e-01   2.706060e-22   0.000000e+00   3.434540e-23   48
  1.287550e-01   1.774325e-22   2.433349e-09   2.149655e-23   24
  1.302436e-01   2.388289e-22   2.433349e-09   3.044963e-23   24
  1.317153e-01   1.890025e-22   0.000000e+00   1.773810e-23   72
  1.331707e-01   2.793664e-22   0.000000e+00   2.635866e-23   48
  1.360350e-01   1.753066e-22   1.490116e-09   4.469683e-23   8
  1.374447e-01   2.172471e-22   1.766064e-09   1.792101e-23   54
  1.388401e-01   1.638394e-22   0.000000e+00   1.288687e-23   84
  1.402216e-01   1.345735e-22   0.000000e+00   1.400585e-23   48
  1.415897e-01   1.571083e-22   1.986821e-09   2.598061e-23   24
  1.429446e-01   1.460201e-22   1.873193e-09   1.203232e-23   72
  1.442869e-01   1.638550e-22   0.000000e+00   1.023123e-23   96
  1.469345e-01   1.489752e-22   0.000000e+00   1.291120e-23   48
  1.482407e-01   1.410122e-22   0.000000e+00   1.273844e-23   48
  1.495354e-01   1.742640e-22   1.986821e-09   1.913823e-23   24
  1.508189e-01   1.288616e-22   0.000000e+00   9.259659e-24   72
  1.533539e-01   1.014771e-22   1.873193e-09   9.207929e-24   72
  1.546058e-01   1.028682e-22   0.000000e+00   6.393937e-24   96
  1.570796e-01   9.385657e-23   0.000000e+00   1.069637e-23   6
  1.583021e-01   9.800687e-23   0.000000e+00   6.960775e-24   96
  1.595151e-01   9.656653e-23   1.986821e-09   6.723732e-24   96
  1.607190e-01   1.145591e-22   0.000000e+00   1.517951e-23   24
  1.619140e-01   7.343399e-23   2.809790e-09   7.201876e-24   48
  1.631002e-01   7.272069e-23   0.000000e+00   6.186917e-24   96
  1.642778e-01   8.269985e-23   0.000000e+00   7.996554e-24   48
  1.666081e-01   6.374497e-23   0.000000e+00   5.563693e-24   36
  1.677611e-01   5.610918e-23   3.441276e-09   6.462813e-24   48
  1.689063e-01   5.841330e-23   3.893359e-09   3.066371e-24   120
  1.700437e-01   7.118169e-23   0.000000e+00   6.419557e-24   56
  1.711736e-01   5.677286e-23   1.986821e-09   6.780887e-24   24
  1.722960e-01   5.699672e-23   0.000000e+00   3.994106e-24   96
  1.734112e-01   4.531123e-23   0.000000e+00   5.129536e-24   48
  1.756204e-01   5.911341e-23   0.000000e+00   5.905711e-24   24
  1.767146e-01   4.976851e-23   0.000000e+00   3.594433e-24   102
  1.778021e-01   4.898949e-23   0.000000e+00   3.774501e-24   48
  1.788829e-01   5.285676e-23   0.000000e+00   3.956163e-24   72
  1.799573e-01   5.751638e-23   0.000000e+00   5.465779e-24   48
  1.810253e-01   4.871550e-23   0.000000e+00   4.554637e-24   48
  1.820871e-01   4.850895e-23   4.495664e-09   3.587144e-24   120
  1.841922e-01   3.271311e-23   2.809790e-09   4.080231e-24   24
  1.852358e-01   4.557271e-23   2.649095e-09   2.364948e-24   144
  1.862735e-01   4.605782e-23   3.178914e-09   2.837990e-24   120
  1.873055e-01   4.617609e-23   2.809790e-09   4.708976e-24   48
  1.893526e-01   4.765477e-23   2.809790e-09   4.542599e-24   48
  1.903679e-01   3.856281e-23   2.809790e-09   2.694468e-24   96
  1.930487e-01   3.151192e-23   4.711199e-04   2.150076e-24   72
  1.943761e-01   3.518876e-23   3.532127e-09   2.639740e-24   108
  1.953653e-01   4.087940e-23   0.000000e+00   2.767225e-24   72
  1.963495e-01   2.702740e-23   0.000000e+00   2.936855e-24   30
  1.973288e-01   3.005918e-23   0.000000e+00   1.570390e-24   168
  1.983033e-01   2.838061e-23   0.000000e+00   4.557657e-24   48
  2.002380e-01   3.023092e-23   0.000000e+00   2.383461e-24   72
  2.011984e-01   3.022448e-23   0.000000e+00   2.109904e-24   96
  2.021542e-01   3.239456e-23   5.298191e-09   3.067960e-24   72
  2.031055e-01   2.675262e-23   0.000000e+00   1.950434e-24   72
  2.047049e-01   2.652474e-23   4.350048e-04   2.495264e-24   104
  2.059331e-01   2.735131e-23   3.746387e-09   1.442746e-24   144
  2.087224e-01   2.571534e-23   6.282881e-09   1.627409e-24   96
  2.096439e-01   2.388363e-23   0.000000e+00   1.505607e-24   96
  2.111095e-01   2.310548e-23   4.475232e-04   1.401642e-24   120
  2.123845e-01   2.350028e-23   0.000000e+00   1.632674e-24   120
  2.132902e-01   2.760767e-23   0.000000e+00   2.198459e-24   72
  2.150901e-01   2.196707e-23   0.000000e+00   2.267863e-24   48
  2.159845e-01   1.944884e-23   4.235416e-09   1.527827e-24   78
  2.171286e-01   1.516185e-23   4.007142e-04   7.726828e-25   168
  2.195255e-01   2.023780e-23   3.746387e-09   1.239494e-24   144
  2.204018e-01   1.761331e-23   3.746387e-09   1.054420e-24   144
  2.229436e-01   1.956130e-23   2.307791e-04   1.332581e-24   156
  2.238729e-01   1.568443e-23   4.866699e-09   1.737687e-24   48
  2.247323e-01   1.592716e-23   3.178914e-09   1.031867e-24   120
  2.255884e-01   1.788123e-23   0.000000e+00   1.658069e-24   48
  2.271022e-01   1.598160e-23   3.532495e-04   7.511561e-25   216
  2.289809e-01   1.572171e-23   0.000000e+00   1.672489e-24   48
  2.298212e-01   1.349977e-23   2.809790e-09   9.715231e-25   96
  2.310160e-01   1.255180e-23   4.128272e-04   6.193900e-25   168
  2.323239e-01   1.169254e-23   2.809790e-09   1.109647e-24   48
  2.331522e-01   1.363834e-23   0.000000e+00   9.213192e-25   96
  2.339775e-01   1.629149e-23   0.000000e+00   1.905213e-24   48
  2.356194e-01   1.525365e-23   3.178914e-09   1.491601e-24   30
  2.364362e-01   1.295070e-23   2.809790e-09   7.354688e-25   96
  2.374123e-01   1.229041e-23   3.244455e-04   5.324182e-25   240
  2.386674e-01   1.834563e-23   3.500299e-04   2.391878e-24   32
  2.396752e-01   1.221487e-23   0.000000e+00   6.566151e-25   168
  2.404781e-01   1.018709e-23   0.000000e+00   6.561250e-25   120
  2.420760e-01   1.077119e-23   5.923557e-09   8.917411e-25   72
  2.428710e-01   1.036462e-23   3.746387e-09   6.229500e-25   144
  2.436634e-01   1.059024e-23   0.000000e+00   8.420707e-25   96
  2.444532e-01   1.034737e-23   0.000000e+00   6.872283e-25   96
  2.460253e-01   1.139174e-23   4.588368e-09   7.474285e-25   72
  2.468075e-01   9.922573e-24   3.973643e-09   6.922308e-25   96
  2.483647e-01   6.572976e-24   0.000000e+00   8.944730e-25   24
  2.491396e-01   7.817238e-24   0.000000e+00   4.519077e-25   192
  2.500522e-01   8.529182e-24   2.970416e-04   4.622115e-25   132
  2.514501e-01   8.608209e-24   0.000000e+00   5.419424e-25   96
  2.522156e-01   7.184389e-24   0.000000e+00   5.124475e-25   96
  2.529787e-01   8.243318e-24   3.178914e-09   6.037208e-25   120
  2.544981e-01   8.717022e-24   0.000000e+00   7.700356e-25   48
  2.557435e-01   8.136133e-24   3.599905e-04   4.005593e-25   222
  2.567603e-01   8.891725e-24   0.000000e+00   6.490832e-25   120
  2.575100e-01   6.174435e-24   4.866699e-09   7.968686e-25   24
  2.586015e-01   7.007636e-24   3.715625e-04   2.831874e-25   312
  2.609797e-01   6.227238e-24   3.483547e-04   4.008908e-25   72
  2.619630e-01   6.325983e-24   2.809790e-09   4.612169e-25   96
  2.629726e-01   6.337417e-24   3.547511e-04   3.542249e-25   192
  2.641613e-01   7.093327e-24   4.495664e-09   3.864938e-25   120
  2.648900e-01   7.245827e-24   0.000000e+00   3.905684e-25   144
  2.663415e-01   5.580872e-24   0.000000e+00   5.812380e-25   48
  2.673732e-01   5.788921e-24   3.567146e-04   2.143897e-25   336
  2.685040e-01   5.855609e-24   0.000000e+00   6.324248e-25   48
  2.699360e-01   5.948335e-24   0.000000e+00   3.476295e-25   192
  2.706492e-01   5.353886e-24   0.000000e+00   5.734439e-25   48
  2.726764e-01   6.456918e-24   2.476067e-04   5.928492e-25   56
  2.736844e-01   5.728036e-24   3.180112e-04   2.084732e-25   336
  2.748894e-01   5.319994e-24   3.532127e-09   5.170777e-25   54
  2.759390e-01   5.114173e-24   3.492904e-04   2.247941e-25   240
  2.781181e-01   4.929974e-24   3.344484e-04   2.371021e-25   228
  2.790651e-01   4.755610e-24   3.746387e-09   3.289490e-25   72
  2.799844e-01   4.940992e-24   3.244231e-04   2.877788e-25   144
  2.811298e-01   5.286775e-24   0.000000e+00   4.009985e-25   96
  2.818146e-01   4.799731e-24   4.495664e-09   2.049914e-25   240
  2.831793e-01   4.435372e-24   3.973643e-09   5.604663e-25   24
  2.840530e-01   4.455597e-24   3.064151e-04   1.771317e-25   336
  2.852142e-01   4.261884e-24   0.000000e+00   3.329966e-25   72
  2.862741e-01   4.326377e-24   3.332831e-04   2.143007e-25   168
  2.872346e-01   4.271659e-24   0.000000e+00   2.636612e-25   72
  2.885737e-01   4.027072e-24   0.000000e+00   2.757314e-25   96
  2.896108e-01   3.646184e-24   3.307829e-04   1.452200e-25   216
  2.905708e-01   3.914639e-24   3.973643e-09   2.405387e-25   96
  2.918946e-01   3.715684e-24   0.000000e+00   2.029268e-25   192
  2.925542e-01   4.137323e-24   3.746387e-09   2.252442e-25   144
  2.938691e-01   3.252410e-24   0.000000e+00   3.174895e-25   48
  2.947794e-01   3.908286e-24   3.189136e-04   1.590646e-25   246
  2.960164e-01   3.705019e-24   2.940434e-04   1.910197e-25   168
  2.971308e-01   4.238264e-24   5.506041e-09   2.587901e-25   120
  2.977788e-01   3.491160e-24   0.000000e+00   1.658099e-25   240
  2.990707e-01   3.548512e-24   3.973643e-09   5.596225e-25   24
  3.001001e-01   3.181748e-24   3.147475e-04   1.185059e-25   360
  3.013820e-01   3.072968e-24   3.134082e-04   2.140072e-25   120
  3.022763e-01   2.921790e-24   0.000000e+00   1.412986e-25   144
  3.029133e-01   3.124875e-24   0.000000e+00   1.939315e-25   96
  3.048165e-01   3.096906e-24   0.000000e+00   1.889146e-25   144
  3.054482e-01   2.938720e-24   0.000000e+00   1.829098e-25   132
  3.063360e-01   2.889459e-24   3.093292e-04   1.648324e-25   176
  3.076248e-01   2.594689e-24   3.123602e-04   9.321434e-26   312
  3.092116e-01   2.479979e-24   0.000000e+00   1.834144e-25   96
  3.098343e-01   2.499214e-24   0.000000e+00   1.516447e-25   144
  3.107899e-01   2.496853e-24   3.092271e-04   9.967054e-26   312
  3.123131e-01   2.642675e-24   0.000000e+00   2.892498e-25   48
  3.129297e-01   2.528971e-24   3.973643e-09   1.324619e-25   192
  3.141593e-01   4.619389e-24   0.000000e+00   1.065008e-24   6
  3.149762e-01   2.312368e-24   2.884066e-04   8.963633e-26   288
  3.162994e-01   2.582392e-24   3.047203e-04   1.203433e-25   192
  3.172124e-01   2.683572e-24   9.345130e-09   1.205289e-25   216
  3.178195e-01   2.473863e-24   0.000000e+00   2.142395e-25   72
  3.193321e-01   2.384541e-24   3.018264e-04   1.197878e-25   192
  3.203366e-01   2.063803e-24   2.241224e-04   8.365718e-26   288
  3.214381e-01   2.285934e-24   0.000000e+00   3.133342e-25   24
  3.222890e-01   2.137005e-24   2.952626e-04   6.809351e-26   456
  3.238280e-01   2.613108e-24   5.619580e-09   2.169308e-25   48
  3.247789e-01   2.057232e-24   2.908218e-04   9.398455e-26   240
  3.258718e-01   2.246928e-24   2.939082e-04   1.044925e-25   216
  3.267908e-01   1.947678e-24   0.000000e+00   1.558689e-25   72
  3.273801e-01   1.963594e-24   1.015467e-08   9.926236e-26   168
  3.290441e-01   1.990314e-24   2.184577e-04   7.882891e-26   288
  3.299773e-01   2.168759e-24   2.890570e-04   1.323307e-25   168
  3.314762e-01   1.743922e-24   0.000000e+00   8.057305e-26   192
  3.320572e-01   1.569629e-24   3.746387e-09   8.144616e-26   144
  3.332162e-01   2.224645e-24   0.000000e+00   2.005207e-25   36
  3.341991e-01   1.813720e-24   2.639705e-04   6.602225e-26   342
  3.351389e-01   1.643983e-24   2.710657e-04   9.371193e-26   144
  3.363470e-01   1.610441e-24   2.842800e-04   6.835392e-26   384
  3.378125e-01   1.782312e-24   7.786718e-09   1.087390e-25   120
  3.385379e-01   1.727059e-24   2.534951e-04   8.258532e-26   264
  3.395201e-01   1.468108e-24   1.256576e-08   6.077409e-26   192
  3.404451e-01   1.400123e-24   2.731894e-04   8.388264e-26   152
  3.412191e-01   1.573844e-24   7.492773e-09   8.395773e-26   144
  3.428472e-01   1.561618e-24   1.768108e-04   7.056806e-26   216
  3.436008e-01   1.524027e-24   2.362665e-04   5.870897e-26   312
  3.449274e-01   1.409790e-24   2.738281e-04   6.444346e-26   240
  3.457090e-01   1.475068e-24   3.973643e-09   1.253956e-25   96
  3.471927e-01   1.436391e-24   2.617995e-04   8.066690e-26   144
  3.481071e-01   1.282078e-24   2.573258e-04   4.251469e-26   456
  3.495904e-01   1.324898e-24   0.000000e+00   8.249221e-26   120
  3.501414e-01   1.251009e-24   0.000000e+00   6.716447e-26   144
  3.512407e-01   1.238987e-24   0.000000e+00   1.191004e-25   24
  3.519456e-01   1.461288e-24   2.473498e-04   5.304361e-26   336
  3.531645e-01   1.334303e-24   2.727931e-04   7.289698e-26   198
  3.543067e-01   1.236577e-24   2.652756e-04   4.521732e-26   432
  3.556041e-01   1.706866e-24   0.000000e+00   1.874984e-25   48
  3.562810e-01   1.271089e-24   2.341925e-04   5.020987e-26   384
  3.574963e-01   1.134608e-24   2.696052e-04   5.326379e-26   144
  3.585975e-01   1.237564e-24   2.676825e-04   5.394855e-26   264
  3.599147e-01   1.009478e-24   0.000000e+00   1.031207e-25   48
  3.607984e-01   1.248137e-24   2.545223e-04   4.804923e-26   276
  3.616510e-01   1.085403e-24   2.307176e-04   4.545939e-26   192
  3.627906e-01   1.036346e-24   2.592759e-04   3.189160e-26   552
  3.641741e-01   1.145283e-24   8.991328e-09   7.559556e-26   120
  3.649965e-01   1.014491e-24   2.624511e-04   5.070154e-26   216
  3.657587e-01   1.100213e-24   4.495664e-09   7.279673e-26   120
  3.671201e-01   1.109016e-24   2.584500e-04   3.744638e-26   408
  3.683844e-01   1.022391e-24   5.619580e-09   1.336898e-25   24
  3.691684e-01   1.048979e-24   2.610810e-04   3.729992e-26   384
  3.702633e-01   9.854189e-25   2.550855e-04   4.464111e-26   240
  3.712141e-01   9.244329e-25   2.569535e-04   5.424837e-26   168
  3.725471e-01   8.221040e-25   6.357829e-09   5.656794e-26   120
  3.734064e-01   9.943310e-25   2.678605e-04   3.726361e-26   350
  3.748037e-01   9.043882e-25   4.409502e-04   3.221066e-26   384
  3.756388e-01   9.014397e-25   0.000000e+00   4.481687e-26   144
  3.771752e-01   8.660845e-25   1.059638e-08   3.939658e-26   288
  3.779773e-01   7.434366e-25   2.524053e-04   3.093564e-26   336
  3.790686e-01   8.885169e-25   2.297941e-04   5.138476e-26   168
  3.797219e-01   8.211878e-25   4.541306e-09   3.282143e-26   336
  3.810732e-01   8.227730e-25   2.385126e-04   3.393800e-26   288
  3.818848e-01   8.662955e-25   2.247398e-04   3.722731e-26   264
  3.832590e-01   7.921948e-25   0.000000e+00   3.470016e-26   240
  3.837616e-01   7.511015e-25   7.947286e-09   8.055150e-26   96
  3.855656e-01   8.119824e-25   3.056310e-04   2.929712e-26   360
  3.864075e-01   6.996661e-25   2.253025e-04   3.889166e-26   168
  3.874713e-01   7.777416e-25   2.456032e-04   2.471881e-26   456
  3.887523e-01   7.090145e-25   7.064254e-09   4.467575e-26   108
  3.894728e-01   7.325907e-25   2.464311e-04   3.215782e-26   264
  3.903716e-01   6.832798e-25   2.198567e-04   3.039739e-26   264
  3.916025e-01   6.678256e-25   2.074668e-04   2.509240e-26   312
  3.931351e-01   5.466829e-25   1.541705e-04   2.406501e-26   270
  3.937775e-01   6.685848e-25   1.957388e-04   3.322011e-26   240
  3.949323e-01   7.233230e-25   2.421536e-04   2.515079e-26   384
  3.956334e-01   6.625224e-25   0.000000e+00   3.528638e-26   192
  3.969952e-01   7.294202e-25   1.942960e-04   3.196909e-26   240
  3.977852e-01   6.415792e-25   2.397927e-04   2.757171e-26   336
  3.992708e-01   5.916995e-25   2.413972e-04   1.819691e-26   480
  4.004761e-01   5.941862e-25   0.000000e+00   4.118100e-26   72
  4.011493e-01   5.924578e-25   2.353842e-04   2.922328e-26   240
  4.020650e-01   5.894632e-25   2.212289e-04   2.262174e-26   312
  4.031147e-01   6.431260e-25   2.390954e-04   2.909633e-26   240
  4.047009e-01   5.988515e-25   1.816506e-04   1.979054e-26   408
  4.053288e-01   5.709192e-25   1.663482e-04   2.199996e-26   336
  4.065560e-01   5.550933e-25   2.112212e-04   2.660393e-26   264
  4.071591e-01   5.993413e-25   0.000000e+00   4.314953e-26   144
  4.088370e-01   5.180193e-25   2.927651e-04   1.756079e-26   464
  4.097211e-01   5.099909e-25   2.328083e-04   2.935701e-26   168
  4.105939e-01   5.181662e-25   2.120376e-04   2.238027e-26   336
  4.121713e-01   5.246787e-25   2.227870e-04   1.891612e-26   414
  4.130606e-01   4.800516e-25   2.319080e-04   2.248666e-26   216
  4.141998e-01   5.866325e-25   5.619580e-09   3.638579e-26   96
  4.146649e-01   4.905491e-25   1.685874e-08   1.775226e-26   384
  4.162944e-01   4.970207e-25   2.314600e-04   1.724051e-26   492
  4.171676e-01   5.230993e-25   2.263480e-04   2.308955e-26   240
  4.181546e-01   5.259590e-25   2.298225e-04   1.954901e-26   312
  4.195176e-01   3.613578e-25   2.297469e-04   1.843453e-26   192
  4.203810e-01   4.422864e-25   2.226525e-04   1.562832e-26   504
  4.215265e-01   4.750185e-25   1.473998e-04   1.769742e-26   408
  4.224284e-01   4.108725e-25   4.515774e-04   2.276404e-26   168
  4.235571e-01   5.039441e-25   2.145032e-04   2.215217e-26   288
  4.245041e-01   4.791482e-25   2.238525e-04   1.930919e-26   288
  4.254743e-01   4.194896e-25   2.251410e-04   1.345191e-26   432
  4.268815e-01   4.361494e-25   2.129084e-04   2.117726e-26   216
  4.276334e-01   4.135004e-25   2.124592e-04   1.612907e-26   360
  4.289721e-01   4.447675e-25   2.073582e-04   1.737354e-26   312
  4.301803e-01   4.789432e-25   0.000000e+00   4.719591e-26   48
  4.308767e-01   4.118256e-25   2.223178e-04   1.451793e-26   432
  4.321240e-01   4.037133e-25   3.708284e-04   1.385836e-26   414
  4.328606e-01   4.636653e-25   1.956255e-08   1.897930e-26   312
  4.342347e-01   3.898107e-25   3.253813e-04   1.195062e-26   528
  4.351620e-01   4.139824e-25   1.707976e-04   1.758268e-26   264
  4.362761e-01   4.106700e-25   2.025191e-04   1.424059e-26   480
  4.377318e-01   3.838984e-25   0.000000e+00   1.591384e-26   288
  4.383604e-01   4.542547e-25   2.176005e-04   2.282802e-26   168
  4.395105e-01   4.182312e-25   3.444610e-04   1.461176e-26   504
  4.408036e-01   4.075709e-25   7.492773e-09   2.332859e-26   144
  4.416171e-01   3.728235e-25   2.212265e-04   1.182946e-26   464
  4.428396e-01   3.406501e-25   3.246624e-04   1.232959e-26   432
  4.434197e-01   3.925475e-25   5.619580e-09   2.026769e-26   192
  4.449189e-01   3.832898e-25   2.406833e-04   1.725158e-26   396
  4.458042e-01   3.269177e-25   2.162000e-04   1.416613e-26   288
  4.466990e-01   3.530304e-25   2.135686e-04   1.329373e-26   336
  4.481283e-01   3.398301e-25   1.352359e-04   1.205161e-26   432
  4.490354e-01   3.543986e-25   3.505126e-04   1.274508e-26   360
  4.500539e-01   3.390073e-25   2.073334e-04   1.297287e-26   384
  4.515004e-01   3.327082e-25   1.830116e-04   1.960917e-26   198
  4.521974e-01   3.502128e-25   2.080246e-04   1.109224e-26   552
  4.534970e-01   3.144450e-25   2.912202e-04   1.054809e-26   432
  4.545821e-01   3.284942e-25   0.000000e+00   1.999929e-26   168
  4.554927e-01   3.094115e-25   3.610065e-04   1.114012e-26   480
  4.566974e-01   3.434827e-25   0.000000e+00   2.091777e-26   120
  4.572396e-01   2.861322e-25   2.948545e-04   1.181249e-26   336
  4.585628e-01   3.166513e-25   2.080152e-04   8.737052e-27   672
  4.598711e-01   3.221777e-25   3.025866e-04   1.011331e-26   528
  4.604805e-01   2.835535e-25   9.082613e-09   1.556705e-26   168
  4.618883e-01   3.024493e-25   3.375333e-04   1.154790e-26   456
  4.627474e-01   2.974272e-25   2.061344e-04   1.505694e-26   168
  4.636392e-01   3.208544e-25   2.057643e-04   1.107708e-26   504
  4.651216e-01   2.657121e-25   2.647872e-04   1.110604e-26   336
  4.660180e-01   2.848955e-25   1.908802e-04   1.278370e-26   312
  4.670124e-01   2.585894e-25   1.865029e-04   8.850422e-27   504
  4.683210e-01   2.543435e-25   1.294009e-04   8.356453e-27   432
  4.689362e-01   2.950424e-25   1.999672e-04   1.098165e-26   312
  4.702151e-01   2.526218e-25   2.049761e-04   1.090855e-26   384
  4.715504e-01   2.179596e-25   1.741510e-04   1.274592e-26   126
  4.723748e-01   2.186065e-25   3.057676e-04   7.340013e-27   492
  4.734278e-01   2.335364e-25   1.958445e-04   8.229850e-27   528
  4.747438e-01   2.329518e-25   1.989360e-04   8.260560e-27   480
  4.755596e-01   2.563625e-25   2.748289e-04   8.402581e-27   432
  4.767402e-01   2.341011e-25   2.161166e-04   8.151758e-27   440
  4.781114e-01   2.368441e-25   1.074739e-04   9.469945e-27   312
  4.786259e-01   2.163161e-25   1.610586e-04   7.354438e-27   480
  4.796813e-01   2.471538e-25   3.153497e-04   9.026584e-27   408
  4.812233e-01   2.719469e-25   1.888588e-04   1.063111e-26   360
  4.818747e-01   2.070299e-25   1.822418e-04   9.453492e-27   408
  4.830820e-01   2.092448e-25   1.854542e-04   7.982033e-27   456
  4.844414e-01   2.481470e-25   1.772485e-04   1.262941e-26   264
  4.851959e-01   2.374815e-25   1.923591e-04   8.394215e-27   384
  4.862943e-01   2.178128e-25   3.238501e-04   6.564585e-27   672
  4.875640e-01   2.350463e-25   1.937042e-04   1.336684e-26   240
  4.882967e-01   2.209218e-25   1.965613e-04   1.161635e-26   264
  4.893308e-01   1.847194e-25   2.424259e-04   5.636658e-27   624
  4.908739e-01   1.697273e-25   0.000000e+00   1.019044e-26   150
  4.914232e-01   2.143388e-25   2.716574e-04   6.280370e-27   600
  4.925819e-01   2.028521e-25   1.874909e-04   5.816398e-27   672
  4.938939e-01   1.960930e-25   1.763484e-04   8.149634e-27   336
  4.946248e-01   2.274360e-25   1.918157e-04   9.027003e-27   408
  4.957926e-01   1.994813e-25   1.913639e-04   7.327338e-27   408
  4.970915e-01   2.227033e-25   9.676385e-05   8.778750e-27   360
  4.978921e-01   1.813959e-25   3.552857e-04   6.542435e-27   456
  4.988592e-01   1.949552e-25   1.932065e-04   7.106521e-27   384
  5.000902e-01   1.747292e-25   1.783541e-04   7.365136e-27   348
  5.007554e-01   1.951842e-25   2.198754e-04   6.232810e-27   576
  5.020050e-01   2.015326e-25   1.810385e-04   6.593058e-27   504
  5.032833e-01   1.930070e-25   2.553443e-04   8.842010e-27   432
  5.043991e-01   1.898941e-25   3.473946e-04   5.951673e-27   576
  5.051948e-01   1.726000e-25   0.000000e+00   9.785113e-27   264
  5.064571e-01   1.841284e-25   2.764393e-04   5.152595e-27   768
  5.075549e-01   1.410538e-25   3.721752e-04   6.072950e-27   240
  5.084277e-01   1.723946e-25   3.282233e-04   9.231397e-27   192
  5.096990e-01   1.750846e-25   2.416124e-04   5.741010e-27   504
  5.106418e-01   2.062533e-25   3.255818e-04   7.038351e-27   590
  5.115460e-01   1.644931e-25   3.647966e-04   6.356348e-27   384
  5.126798e-01   1.520434e-25   3.048625e-04   5.423098e-27   504
  5.140486e-01   1.712317e-25   2.933830e-04   5.187945e-27   648
  5.153764e-01   1.675706e-25   7.967896e-05   5.969322e-27   504
  5.159117e-01   1.836495e-25   1.817627e-04   8.602744e-27   312
  5.168569e-01   1.734877e-25   2.618753e-04   5.888961e-27   576
  5.181545e-01   1.709836e-25   1.822405e-04   9.061780e-27   240
  5.189109e-01   1.564191e-25   1.841453e-04   5.593104e-27   552
  5.199816e-01   1.570312e-25   1.729082e-04   5.340440e-27   600
  5.215067e-01   1.503481e-25   2.111937e-04   4.905144e-27   600
  5.224237e-01   1.597641e-25   3.382099e-04   6.865249e-27   312
  5.233368e-01   1.680845e-25   2.945474e-04   6.676133e-27   480
  5.244775e-01   1.387770e-25   1.837693e-04   5.031121e-27   576
  5.254818e-01   1.664496e-25   2.959085e-04   6.277423e-27   408
  5.263729e-01   1.160504e-25   3.451909e-04   6.733085e-27   216
  5.275243e-01   1.539506e-25   2.643774e-04   5.029489e-27   516
  5.287578e-01   1.460775e-25   2.522429e-04   4.193172e-27   744
  5.300304e-01   1.632292e-25   1.684760e-04   6.053309e-27   462
  5.307494e-01   1.139085e-25   1.712315e-04   4.024594e-27   432
  5.318647e-01   1.220651e-25   1.588547e-04   3.579037e-27   648
  5.331761e-01   1.311525e-25   2.324340e-04   4.891400e-27   528
  5.342295e-01   1.388313e-25   2.799086e-04   4.733143e-27   600
  5.352820e-01   1.832109e-25   3.528915e-04   1.017620e-26   240
  5.363014e-01   1.284829e-25   2.703115e-04   4.021653e-27   720
  5.374863e-01   1.297022e-25   2.138653e-04   4.267278e-27   720
  5.387997e-01   9.530401e-26   0.000000e+00   6.402159e-27   144
  5.394909e-01   1.369433e-25   2.757364e-04   3.807089e-27   720
  5.404742e-01   1.270285e-25   1.653370e-04   6.129389e-27   384
  5.417051e-01   1.240298e-25   1.832848e-04   3.532564e-27   672
  5.428730e-01   1.442742e-25   3.209115e-04   7.200831e-27   336
  5.434308e-01   1.228019e-25   0.000000e+00   7.270250e-27   288
  5.447967e-01   1.200246e-25   2.539800e-04   3.700737e-27   776
  5.460612e-01   1.183905e-25   2.173184e-04   3.734216e-27   720
  5.471231e-01   1.189945e-25   1.750659e-04   4.896879e-27   432
  5.479725e-01   1.347437e-25   2.495786e-04   5.539820e-27   504
  5.489174e-01   1.234572e-25   1.748652e-04   4.539261e-27   528
  5.502396e-01   1.081728e-25   2.382437e-04   4.152217e-27   438
  5.513273e-01   1.114240e-25   2.772938e-04   3.622065e-27   624
  5.521470e-01   1.230941e-25   3.396475e-04   6.607559e-27   312
  5.532738e-01   1.421919e-25   1.829935e-04   4.305008e-27   696
  5.544390e-01   1.130172e-25   1.655760e-04   4.508418e-27   552
  5.556509e-01   1.230064e-25   1.281006e-04   4.865261e-27   516
  5.564006e-01   1.248239e-25   2.558713e-04   4.545580e-27   528
  5.573133e-01   1.002161e-25   1.664001e-04   3.865115e-27   528
  5.586097e-01   1.116024e-25   2.194479e-04   3.168316e-27   864
  5.594897e-01   1.209653e-25   3.005985e-04   5.761318e-27   408
  5.603706e-01   1.466541e-25   2.978186e-04   8.334485e-27   192
  5.616191e-01   1.024264e-25   2.464592e-04   3.364876e-27   720
  5.626731e-01   1.127967e-25   2.272475e-04   3.933406e-27   696
  5.639255e-01   1.099219e-25   2.454294e-04   3.826834e-27   720
  5.650713e-01   1.146145e-25   3.326501e-04   4.622121e-27   432
  5.657395e-01   9.811302e-26   1.958109e-04   4.801741e-27   264
  5.669418e-01   1.036992e-25   2.704061e-04   3.782116e-27   672
  5.680171e-01   1.082979e-25   2.768544e-04   4.192452e-27   600
  5.692933e-01   7.787837e-26   1.620980e-04   3.871546e-27   270
  5.699366e-01   8.534087e-26   2.440026e-04   3.153479e-27   528
  5.709591e-01   1.014188e-25   1.670843e-04   2.752439e-27   840
  5.723613e-01   1.002213e-25   3.194952e-04   3.014105e-27   888
  5.736568e-01   8.978930e-26   2.380474e-04   3.026592e-27   744
  5.747517e-01   1.004879e-25   1.223216e-04   3.692412e-27   456
  5.752963e-01   1.212508e-25   1.671601e-04   5.462271e-27   360
  5.762282e-01   8.003394e-26   1.448348e-04   3.263607e-27   384
  5.776580e-01   1.008058e-25   2.323137e-04   3.149605e-27   816
  5.787308e-01   9.209595e-26   3.370546e-04   2.968274e-27   824
  5.800348e-01   9.038432e-26   1.566791e-04   4.005368e-27   360
  5.807331e-01   9.859411e-26   2.311994e-04   3.617321e-27   624
  5.816941e-01   1.086694e-25   1.562320e-04   4.703949e-27   360
  5.829744e-01   8.405217e-26   2.125215e-04   2.914753e-27   876
  5.841306e-01   8.777135e-26   2.524119e-04   3.293875e-27   696
  5.852967e-01   7.843502e-26   1.629911e-04   3.948585e-27   336
  5.859080e-01   8.646064e-26   1.628079e-04   3.641354e-27   504
  5.869176e-01   7.889972e-26   1.642187e-04   3.130424e-27   672
  5.884155e-01   8.723670e-26   3.269213e-04   2.695828e-27   720
  5.894543e-01   8.270554e-26   2.469541e-04   2.555046e-27   774
  5.906010e-01   7.463539e-26   1.413501e-04   3.809898e-27   384
  5.912015e-01   8.193784e-26   2.720183e-04   3.651212e-27   528
  5.921335e-01   8.045516e-26   2.592486e-04   2.702058e-27   744
  5.936327e-01   9.142872e-26   2.138251e-04   2.958190e-27   768
  5.946281e-01   6.823817e-26   2.400348e-04   2.822515e-27   552
  5.958700e-01   8.051669e-26   2.616108e-04   3.046475e-27   696
  5.967938e-01   9.449633e-26   3.179026e-04   4.803720e-27   408
  5.975272e-01   8.865701e-26   1.373364e-04   3.702093e-27   504
  5.986899e-01   8.221625e-26   2.467198e-04   2.464007e-27   888
  5.998339e-01   7.041953e-26   2.564132e-04   2.604749e-27   648
  6.010230e-01   7.877849e-26   2.542153e-04   2.807011e-27   648
  6.021418e-01   7.646347e-26   2.741064e-04   2.653088e-27   792
  6.033268e-01   6.960277e-26   4.010364e-04   2.734155e-27   600
  6.042000e-01   6.498937e-26   2.717856e-04   2.562724e-27   456
  6.051191e-01   7.374329e-26   1.324567e-04   2.897391e-27   648
  6.062996e-01   7.047472e-26   2.583099e-04   2.237123e-27   936
  6.075741e-01   9.225997e-26   1.586356e-04   4.525525e-27   384
  6.086836e-01   6.611983e-26   1.334798e-08   5.181134e-27   198
  6.095398e-01   6.399834e-26   4.024720e-04   1.621240e-27   1224
  6.104634e-01   7.588789e-26   2.931235e-04   3.301118e-27   420
  6.115558e-01   6.861692e-26   2.836822e-04   2.181067e-27   792
  6.126238e-01   7.156326e-26   2.345810e-04   2.819573e-27   680
  6.138428e-01   6.723992e-26   2.154033e-04   2.378149e-27   600
  6.148235e-01   6.911253e-26   3.123938e-04   2.667583e-27   840
  6.161330e-01   6.169329e-26   1.474979e-04   2.993796e-27   432
  6.166334e-01   6.416313e-26   1.382249e-04   2.290694e-27   720
  6.177213e-01   7.156282e-26   2.768404e-04   2.164385e-27   960
  6.190745e-01   6.456340e-26   2.467829e-04   2.489540e-27   528
  6.200634e-01   6.815705e-26   2.522592e-04   2.880783e-27   624
  6.212404e-01   6.762563e-26   1.982740e-04   2.229662e-27   816
  6.224086e-01   5.978650e-26   3.260658e-04   2.182330e-27   696
  6.236996e-01   6.633703e-26   2.202416e-08   3.563283e-27   240
  6.241851e-01   6.278776e-26   1.922888e-04   2.413887e-27   672
  6.252686e-01   6.292222e-26   3.436476e-04   2.255087e-27   864
  6.264840e-01   5.085049e-26   2.636938e-04   1.779441e-27   816
  6.275795e-01   5.911411e-26   1.509292e-04   2.371538e-27   648
  6.287594e-01   6.764700e-26   1.542771e-04   2.208796e-27   843
  6.297611e-01   5.736166e-26   2.775825e-04   2.310405e-27   780
  6.309548e-01   5.218553e-26   1.489456e-04   3.873070e-27   216
  6.316911e-01   5.561208e-26   3.591661e-04   1.831169e-27   1056
  6.328235e-01   5.096093e-26   2.938382e-04   3.102934e-27   228
  6.338720e-01   5.881194e-26   3.658358e-04   1.942270e-27   924
  6.349484e-01   5.827351e-26   1.357046e-04   2.305207e-27   696
  6.360882e-01   5.369256e-26   2.415153e-04   2.131494e-27   996
  6.372543e-01   4.612125e-26   1.425858e-04   2.080737e-27   576
  6.384675e-01   4.971739e-26   2.200718e-04   2.492600e-27   552
  6.393519e-01   5.349717e-26   2.627580e-04   2.290018e-27   516
  6.402494e-01   5.686108e-26   3.821047e-04   2.297735e-27   744
  6.412749e-01   4.035539e-26   1.874451e-04   1.541717e-27   576
  6.421669e-01   4.832226e-26   1.929285e-04   1.865133e-27   792
  6.434346e-01   5.024803e-26   2.205530e-04   2.171646e-27   792
  6.443636e-01   4.886276e-26   2.378641e-04   2.034184e-27   720
  6.456200e-01   4.730868e-26   2.711104e-04   1.688779e-27   656
  6.467974e-01   4.202427e-26   2.960385e-04   1.428863e-27   816
  6.480043e-01   4.479550e-26   1.596190e-04   2.276266e-27   492
  6.486903e-01   5.035737e-26   2.296231e-04   2.058189e-27   552
  6.499778e-01   3.669473e-26   3.992867e-04   1.338551e-27   780
  6.508139e-01   4.975884e-26   2.452771e-04   2.238088e-27   528
  6.517148e-01   3.949174e-26   2.863130e-04   1.515239e-27   600
  6.530425e-01   4.506824e-26   2.379487e-04   1.386108e-27   900
  6.539577e-01   4.430403e-26   1.317325e-04   1.906714e-27   696
  6.552168e-01   3.834878e-26   3.330907e-04   1.516674e-27   696
  6.564349e-01   3.510141e-26   1.351317e-04   1.372996e-27   552
  6.574592e-01   3.694195e-26   1.571457e-04   1.502480e-27   708
  6.585322e-01   3.877474e-26   2.594565e-04   1.635288e-27   876
  6.596487e-01   3.756450e-26   1.377663e-04   2.615510e-27   216
  6.603980e-01   4.573000e-26   3.768094e-04   1.451338e-27   1032
  6.615201e-01   3.256673e-26   4.195357e-04   1.354095e-27   600
  6.626848e-01   2.897308e-26   2.001869e-04   1.504576e-27   600
  6.635732e-01   3.682361e-26   3.535112e-04   1.549774e-27   528
  6.646233e-01   3.339001e-26   1.940622e-04   1.174099e-27   732
  6.657296e-01   3.768565e-26   1.432973e-04   2.107910e-27   336
  6.670031e-01   3.254972e-26   2.042271e-04   1.221807e-27   912
  6.679548e-01   3.091855e-26   2.049821e-04   1.319706e-27   624
  6.689946e-01   3.653709e-26   1.727341e-04   1.341537e-27   768
  6.702082e-01   3.493764e-26   3.116463e-04   1.196499e-27   792
  6.713995e-01   3.170193e-26   1.545014e-04   1.230722e-27   660
  6.722471e-01   3.047353e-26   2.276826e-04   1.524596e-27   504
  6.731238e-01   2.593531e-26   3.719898e-04   1.163106e-27   480
  6.744376e-01   2.420584e-26   3.440421e-04   7.395279e-28   912
  6.754664e-01   2.932598e-26   3.831443e-04   1.563605e-27   432
  6.764380e-01   2.999048e-26   2.275021e-04   1.195911e-27   564
  6.773006e-01   2.962077e-26   2.177508e-04   1.096859e-27   600
  6.785149e-01   3.275157e-26   3.035240e-04   1.141281e-27   876
  6.794272e-01   2.705448e-26   1.364735e-04   1.602145e-27   264
  6.806846e-01   2.613150e-26   2.648123e-04   1.084951e-27   560
  6.816953e-01   2.696820e-26   1.799457e-04   9.192553e-28   840
  6.829222e-01   2.213173e-26   2.774244e-04   6.720081e-28   1008
  6.840568e-01   1.976805e-26   1.241010e-04   8.389496e-28   456
  6.850930e-01   2.849382e-26   1.607553e-04   1.323006e-27   576
  6.860509e-01   2.845541e-26   2.470177e-04   1.110195e-27   612
  6.873140e-01   2.551442e-26   2.206269e-04   9.977494e-28   780
  6.883444e-01   2.357274e-26   2.528284e-04   9.310165e-28   648
  6.893992e-01   2.783677e-26   1.178213e-04   1.637577e-27   312
  6.900734e-01   2.123659e-26   2.993645e-04   1.030606e-27   528
  6.912414e-01   2.127451e-26   3.909551e-04   7.373886e-28   720
  6.923583e-01   2.017322e-26   3.921794e-04   9.045249e-28   576
  6.937124e-01   2.099122e-26   3.383053e-04   1.115103e-27   444
  6.945549e-01   2.277330e-26   3.317685e-04   7.430731e-28   996
  6.955874e-01   1.948160e-26   2.771265e-04   1.101908e-27   432
  6.965633e-01   2.332708e-26   3.033990e-04   1.079640e-27   504
  6.974062e-01   1.611256e-26   1.367883e-04   6.190165e-28   504
  6.986065e-01   2.360250e-26   2.692009e-04   7.053642e-28   876
  6.996926e-01   1.979387e-26   3.098246e-04   8.950984e-28   504
  7.008236e-01   1.807467e-26   1.975899e-04   7.020020e-28   696
  7.017583e-01   1.682836e-26   1.689187e-04   6.589817e-28   492
  7.030300e-01   1.689597e-26   2.418152e-04   8.024080e-28   432
  7.039719e-01   2.054518e-26   2.264335e-04   7.624335e-28   768
  7.050885e-01   1.790092e-26   2.820533e-04   7.888821e-28   648
  7.061547e-01   1.695860e-26   1.840095e-04   8.552784e-28   456
  7.073798e-01   1.905667e-26   2.530430e-04   7.812265e-28   552
  7.082306e-01   1.591111e-26   1.734358e-04   6.057182e-28   648
  7.094016e-01   1.537861e-26   2.826907e-04   4.930840e-28   840
  7.105454e-01   1.545411e-26   1.348092e-04   5.411586e-28   432
  7.116906e-01   1.620086e-26   1.651183e-04   6.690547e-28   600
  7.124870e-01   1.902434e-26   1.759227e-04   9.448509e-28   432
  7.138248e-01   1.773840e-26   1.751482e-04   7.867831e-28   560
  7.147308e-01   1.465020e-26   2.772412e-04   4.920795e-28   840
  7.158652e-01   1.654664e-26   1.642140e-04   7.991040e-28   504
  7.167662e-01   1.451462e-26   3.351509e-04   5.250886e-28   696
  7.180362e-01   1.836813e-26   1.830475e-04   9.015489e-28   384
  7.190254e-01   1.382569e-26   2.681431e-04   6.474889e-28   576
  7.202219e-01   1.255152e-26   1.654845e-04   6.055994e-28   360
  7.211864e-01   1.489542e-26   2.464465e-04   5.191627e-28   828
  7.222268e-01   1.404727e-26   2.195064e-04   7.832052e-28   372
  7.231800e-01   1.465689e-26   3.352284e-04   6.281610e-28   576
  7.244428e-01   1.607099e-26   1.403933e-04   5.827000e-28   636
  7.253425e-01   1.427958e-26   2.706420e-04   5.203567e-28   648
  7.265596e-01   1.143085e-26   2.200024e-04   4.782271e-28   576
  7.274333e-01   1.305680e-26   3.548870e-04   5.522565e-28   528
  7.285953e-01   1.453017e-26   1.517289e-04   7.638567e-28   360
  7.295571e-01   1.191086e-26   3.490332e-04   4.334358e-28   672
  7.308130e-01   1.397437e-26   1.787806e-04   5.097398e-28   804
  7.318582e-01   1.292787e-26   1.972163e-04   6.477397e-28   408
  7.330145e-01   1.100592e-26   1.219011e-04   5.255419e-28   384
  7.337931e-01   9.688535e-27   2.789567e-04   4.473062e-28   480
  7.348913e-01   1.214026e-26   1.802469e-04   6.261122e-28   432
  7.359446e-01   1.484918e-26   3.321566e-04   5.159180e-28   648
  7.371913e-01   1.276497e-26   2.061016e-04   5.037212e-28   624
  7.381033e-01   1.001911e-26   1.874668e-04   4.950064e-28   456
  7.393486e-01   9.586314e-27   2.560963e-04   3.646850e-28   588
  7.401831e-01   1.024878e-26   1.633884e-04   3.720734e-28   600
  7.414016e-01   1.084005e-26   2.548458e-04   4.537217e-28   708
  7.423640e-01   1.418679e-26   1.605479e-04   7.496352e-28   360
  7.434275e-01   1.152612e-26   1.845541e-04   4.707985e-28   552
  7.444470e-01   9.826834e-27   1.294691e-04   6.121675e-28   288
  7.454820e-01   1.002721e-26   2.434372e-04   4.235228e-28   528
  7.464545e-01   1.295032e-26   1.642340e-04   5.695521e-28   456
  7.475410e-01   1.056172e-26   2.912225e-04   4.463068e-28   608
  7.486338e-01   9.379089e-27   1.408967e-04   3.634652e-28   504
  7.498278e-01   8.609202e-27   3.024972e-04   3.542817e-28   540
  7.507642e-01   1.223964e-26   3.247222e-04   6.441653e-28   360
  7.517735e-01   1.208281e-26   1.470509e-04   5.634319e-28   540
  7.526661e-01   9.611921e-27   1.262606e-04   4.065304e-28   576
  7.539642e-01   8.958412e-27   2.927555e-04   3.603426e-28   588
  7.551985e-01   9.247274e-27   4.039143e-04   4.333364e-28   672
  7.562588e-01   1.044848e-26   3.087151e-04   4.973185e-28   552
  7.571135e-01   8.036608e-27   3.088712e-04   6.476503e-28   144
  7.582042e-01   1.068343e-26   2.624178e-04   4.544810e-28   600
  7.592383e-01   7.364330e-27   3.288668e-04   3.434750e-28   504
  7.603860e-01   9.411617e-27   3.378126e-04   5.680776e-28   336
  7.615932e-01   8.343068e-27   3.797028e-04   3.295868e-28   600
  7.626744e-01   7.362861e-27   2.450478e-04   2.731916e-28   636
  7.638413e-01   8.619088e-27   1.970206e-04   4.448159e-28   384
  7.646595e-01   9.225401e-27   2.748205e-04   4.657602e-28   504
  7.658387e-01   6.707196e-27   1.153383e-04   4.127823e-28   240
  7.667694e-01   8.917734e-27   2.709461e-04   3.802844e-28   744
  7.678860e-01   6.880513e-27   1.850150e-04   2.645612e-28   648
  7.688783e-01   1.160243e-26   1.228185e-04   8.837318e-28   120
  7.700414e-01   7.811963e-27   1.929319e-04   3.517653e-28   564
  7.709202e-01   8.013636e-27   3.030111e-04   4.523610e-28   432
  7.720932e-01   7.572415e-27   2.351965e-04   3.420302e-28   480
  7.729764e-01   5.608107e-27   1.731106e-04   2.457661e-28   456
  7.740189e-01   8.253091e-27   2.864725e-04   4.666026e-28   444
  7.752020e-01   6.330976e-27   4.383180e-04   2.555303e-28   528
  7.762412e-01   9.035706e-27   3.255297e-04   5.660653e-28   264
  7.772498e-01   7.544318e-27   3.336195e-04   4.041512e-28   444
  7.786065e-01   7.725334e-27   3.654311e-04   3.032287e-28   696
  7.797327e-01   7.397823e-27   1.954448e-04   3.377178e-28   384
  7.805563e-01   6.636012e-27   2.469609e-04   2.859516e-28   432
  7.818373e-01   6.566687e-27   1.706384e-04   2.736151e-28   488
  7.826690e-01   8.145234e-27   2.571733e-04   4.157686e-28   480
  7.838749e-01   6.160578e-27   2.868014e-04   3.209371e-28   480
  7.848089e-01   6.174015e-27   1.203331e-04   3.037695e-28   240
  7.858692e-01   7.784960e-27   2.810886e-04   4.103499e-28   600
  7.868694e-01   5.192740e-27   2.449399e-04   3.086710e-28   288
  7.879343e-01   6.724236e-27   2.356143e-04   3.027989e-28   480
  7.890129e-01   4.987986e-27   4.191157e-04   2.479833e-28   504
  7.900748e-01   7.110339e-27   1.798267e-04   4.224198e-28   216
  7.914291e-01   6.028596e-27   2.944050e-04   2.400018e-28   504
  7.924838e-01   5.927689e-27   2.367912e-04   3.851756e-28   456
  7.936384e-01   6.526428e-27   1.358038e-04   2.887061e-28   384
  7.944031e-01   7.128194e-27   2.756326e-04   3.794547e-28   480
  7.954897e-01   4.833280e-27   2.420363e-04   2.200691e-28   504
  7.964966e-01   5.791456e-27   1.535327e-04   3.548558e-28   312
  7.975815e-01   5.934628e-27   2.474127e-04   2.584004e-28   492
  7.985417e-01   5.840030e-27   2.318919e-04   3.567699e-28   312
  7.997779e-01   5.103970e-27   3.766899e-04   2.093104e-28   576
  8.008661e-01   6.007642e-27   3.477153e-04   3.683667e-28   336
  8.017699e-01   3.676819e-27   2.677247e-04   2.057999e-28   240
  8.030228e-01   5.466825e-27   3.549351e-04   2.409054e-28   468
  8.041047e-01   5.260191e-27   2.222407e-04   3.334456e-28   192
  8.052370e-01   4.235178e-27   2.229031e-04   2.174059e-28   324
  8.060669e-01   4.764398e-27   1.617794e-04   2.181447e-28   600
  8.071978e-01   5.437676e-27   2.624704e-04   2.746729e-28   456
  8.080377e-01   4.777152e-27   1.180592e-04   2.837340e-28   336
  8.094297e-01   5.282031e-27   3.535027e-04   2.238575e-28   612
  8.104424e-01   4.305439e-27   2.966749e-04   4.815225e-28   144
  8.114002e-01   5.630551e-27   3.462957e-04   2.340507e-28   552
  8.127025e-01   3.226818e-27   1.363755e-04   1.928569e-28   264
  8.134384e-01   4.940005e-27   3.157441e-04   3.111335e-28   336
  8.145992e-01   3.713581e-27   2.086329e-04   1.834347e-28   384
  8.156059e-01   5.013597e-27   1.174397e-04   4.238314e-28   216
  8.167203e-01   3.581380e-27   2.489964e-04   1.984255e-28   344
  8.177364e-01   3.822811e-27   3.715143e-04   2.339584e-28   408
  8.189746e-01   4.150146e-27   2.854845e-04   3.070680e-28   264
  8.200718e-01   4.477784e-27   3.979796e-04   1.996638e-28   612
  8.211681e-01   6.191211e-27   2.048307e-04   3.336906e-28   408
  8.222956e-01   4.212242e-27   2.051251e-04   2.165659e-28   444
  8.231239e-01   6.633078e-27   1.147249e-04   5.174182e-28   120
  8.242338e-01   4.043939e-27   3.169640e-04   2.278009e-28   336
  8.250576e-01   4.091238e-27   1.101437e-04   3.153389e-28   288
  8.261708e-01   4.462014e-27   3.427692e-04   1.931337e-28   552
  8.277012e-01   5.023248e-27   1.835347e-08   6.545763e-28   72
  8.284882e-01   3.620116e-27   3.404572e-04   2.068557e-28   504
  8.294074e-01   2.698172e-27   1.095558e-04   2.013848e-28   216
  8.305983e-01   3.815164e-27   1.956043e-04   2.357725e-28   312
  8.316675e-01   3.505675e-27   2.227263e-04   1.958327e-28   336
  8.326865e-01   3.113036e-27   3.087236e-04   2.217849e-28   204
  8.337014e-01   5.030489e-27   3.587838e-04   2.755844e-28   504
  8.347777e-01   4.858005e-27   3.416652e-04   2.975207e-28   396
  8.358127e-01   3.963192e-27   3.133249e-04   2.306875e-28   312
  8.370674e-01   6.531033e-27   1.914750e-04   5.063308e-28   216
  8.379516e-01   3.792333e-27   1.039172e-04   2.853124e-28   168
  8.390260e-01   3.711670e-27   2.623966e-04   1.751674e-28   588
  8.402521e-01   2.574787e-27   3.561727e-04   2.549789e-28   240
  8.412047e-01   2.567409e-27   3.145601e-04   1.887492e-28   264
  8.423219e-01   2.867745e-27   3.890183e-04   1.832913e-28   288
  8.433131e-01   3.049080e-27   1.942596e-04   2.016240e-28   288
  8.445693e-01   2.962888e-27   1.824406e-04   1.865497e-28   288
  8.454153e-01   2.165950e-27   2.113423e-04   1.329826e-28   192
  8.464795e-01   2.615672e-27   2.248894e-04   2.853605e-28   264
  8.474933e-01   4.927246e-27   3.699119e-04   2.586645e-28   372
  8.485844e-01   3.848359e-27   3.995208e-04   2.805077e-28   360
  8.499161e-01   4.524146e-27   1.690810e-04   5.153672e-28   144
  8.506044e-01   2.660018e-27   2.348461e-04   2.322149e-28   296
  8.516909e-01   3.368731e-27   2.530345e-04   2.889899e-28   288
  8.529347e-01   2.611970e-27   3.781537e-04   1.441067e-28   480
  8.540076e-01   2.509058e-27   3.142096e-04   2.968340e-28   192
  8.550509e-01   3.033781e-27   3.370327e-04   2.892828e-28   192
  8.559992e-01   2.881528e-27   2.147949e-04   2.397752e-28   288
  8.573180e-01   1.983219e-27   1.869760e-04   1.639574e-28   108
  8.579823e-01   3.199180e-27   1.797545e-04   2.233897e-28   240
  8.591554e-01   2.305872e-27   3.353363e-04   1.649558e-28   384
  8.603605e-01   3.170544e-27   4.090723e-04   2.933420e-28   108
  8.614261e-01   4.168087e-27   2.398466e-04   2.340884e-28   348
  8.625466e-01   2.731873e-27   2.503134e-04   2.211683e-28   312
  8.635474e-01   2.250783e-27   2.432319e-04   3.577615e-28   96
  8.644677e-01   2.291512e-27   3.238194e-04   1.590717e-28   384
  8.654984e-01   2.687157e-27   2.227222e-04   2.920791e-28   144
  8.665066e-01   2.699609e-27   3.422225e-04   1.729389e-28   408
  8.677598e-01   1.680063e-27   1.526554e-04   1.573295e-28   144
  8.689437e-01   2.561696e-27   2.934816e-04   2.612189e-28   192
  8.696459e-01   3.252709e-27   3.303190e-04   2.733473e-28   144
  8.707904e-01   1.696566e-27   2.685615e-04   1.202116e-28   144
  8.718702e-01   2.489858e-27   3.282257e-04   1.839688e-28   336
  8.731927e-01   1.506401e-27   2.428454e-04   9.485364e-29   240
  8.740312e-01   2.174213e-27   1.102739e-04   2.142440e-28   96
  8.752007e-01   2.870110e-27   3.233803e-04   2.148192e-28   372
  8.763838e-01   2.098934e-27   3.846540e-04   2.509361e-28   132
  8.774230e-01   1.481939e-27   2.380193e-04   9.920373e-29   264
  8.783527e-01   2.593086e-27   1.827880e-04   2.879835e-28   168
  8.793449e-01   2.301236e-27   2.922429e-04   2.071254e-28   216
  8.802213e-01   2.253545e-27   1.787978e-04   2.418752e-28   216
  8.814979e-01   1.153011e-27   3.280196e-04   7.668262e-29   96
  8.826561e-01   2.901727e-27   2.140028e-04   3.111449e-28   120
  8.837183e-01   1.946795e-27   2.720578e-04   1.568771e-28   216
  8.845934e-01   1.445729e-27   1.188902e-04   1.565099e-28   200
  8.857519e-01   1.682979e-27   3.077557e-04   1.493520e-28   288
  8.872378e-01   9.624877e-28   8.097649e-05   7.351017e-29   144
  8.878635e-01   1.763653e-27   2.519939e-04   1.808870e-28   168
  8.891412e-01   2.159296e-27   2.835956e-04   2.810208e-28   159
  8.901386e-01   1.494496e-27   2.975600e-04   1.843724e-28   174
  8.911039e-01   1.432790e-27   2.698170e-04   1.006544e-28   144
  8.923678e-01   1.807411e-27   1.557998e-04   1.567907e-28   222
  8.932131e-01   1.361718e-27   1.572158e-04   1.150921e-28   168
  8.946732e-01   2.636496e-27   3.448346e-04   7.936841e-28   30
  8.952763e-01   5.801792e-28   3.044637e-04   4.741197e-29   72
  8.964123e-01   1.541568e-27   2.717302e-04   1.404759e-28   258
  8.976612e-01   1.335200e-27   1.701916e-04   7.352616e-29   264
  8.982857e-01   1.000116e-27   0.000000e+00   1.322149e-28   72
  8.995871e-01   8.768621e-28   3.373270e-04   7.800980e-29   174
  9.007654e-01   1.581203e-27   3.591909e-04   1.674262e-28   168
  9.017127e-01   5.661179e-28   1.123916e-08   5.577807e-29   48
  9.027297e-01   1.095895e-27   2.028435e-04   1.246145e-28   150
  9.039088e-01   1.395974e-27   3.731453e-04   1.250088e-28   168
  9.050911e-01   9.955954e-28   2.273028e-04   7.806811e-29   144
  9.061784e-01   1.714839e-27   2.123525e-04   2.030377e-28   102
  9.069882e-01   6.444436e-28   3.143182e-04   6.098875e-29   96
  9.082731e-01   6.486273e-28   3.119397e-04   4.032772e-29   120
  9.092246e-01   5.507369e-28   3.345635e-04   3.129568e-29   168
  9.102538e-01   1.369531e-27   2.470487e-04   1.179863e-28   126
  9.111308e-01   9.196234e-28   1.863241e-04   8.343040e-29   168
  9.123389e-01   6.436721e-28   2.987709e-04   4.912122e-29   72
  9.133947e-01   7.398502e-28   3.741278e-04   4.881570e-29   168
  9.143196e-01   8.103724e-28   1.025668e-04   8.010869e-29   78
  9.155870e-01   8.103049e-28   1.684070e-04   7.048124e-29   60
  9.166075e-01   1.886578e-27   2.731835e-04   1.675786e-28   96
  9.176659e-01   8.249304e-28   3.314854e-04   5.461955e-29   168
  9.186605e-01   8.962142e-28   2.097511e-04   1.142137e-28   86
  9.197042e-01   4.768600e-28   1.874678e-04   5.186367e-29   120
  9.212002e-01   7.311334e-28   1.336894e-04   4.891665e-29   168
  9.220069e-01   6.404808e-28   0.000000e+00   6.043120e-29   48
  9.230934e-01   1.213250e-27   2.435676e-04   1.327060e-28   120
  9.237177e-01   6.781075e-28   1.776924e-04   5.110865e-29   126
  9.252418e-01   5.358680e-28   3.125113e-04   3.662712e-29   96
  9.262310e-01   7.693774e-28   9.011285e-05   5.960464e-29   96
  9.270111e-01   6.890041e-28   0.000000e+00   5.663573e-29   72
  9.286731e-01   5.517163e-28   1.123916e-08   5.284467e-29   24
  9.297104e-01   6.952122e-28   1.854501e-04   5.682631e-29   120
  9.305196e-01   7.883226e-28   2.705147e-04   8.329483e-29   126
  9.314194e-01   4.854493e-28   2.255107e-04   4.625188e-29   96
  9.324708e-01   4.011330e-28   3.897482e-04   3.420816e-29   72
  9.336415e-01   5.023008e-28   1.685792e-04   3.378969e-29   144
  9.346046e-01   5.270106e-28   9.723254e-05   4.858614e-29   72
  9.355666e-01   5.951426e-28   1.942081e-04   1.108192e-28   54
  9.364132e-01   7.491447e-28   1.711436e-04   6.869042e-29   108
  9.381728e-01   7.071851e-28   1.677650e-04   6.581237e-29   72
  9.387206e-01   6.876627e-28   9.680617e-05   4.592397e-29   72
  9.400202e-01   5.014274e-28   1.946680e-08   8.048090e-29   24
  9.412498e-01   1.931738e-28   2.047976e-04   1.998352e-29   48
  9.419964e-01   4.958554e-28   1.560029e-04   4.414970e-29   102
  9.431203e-01   4.666005e-28   3.528137e-04   4.050479e-29   168
  9.445889e-01   3.566014e-28   1.924163e-04   2.290855e-29   72
  9.451330e-01   4.479357e-28   0.000000e+00   4.157180e-29   48
  9.462744e-01   6.147676e-28   3.309678e-04   4.788400e-29   120
  9.477807e-01   5.096761e-28   2.033864e-04   3.851922e-29   96
  9.492033e-01   8.081368e-28   2.202416e-08   1.168401e-28   30
  9.508942e-01   6.762305e-28   9.555995e-05   6.525133e-29   72
  9.516372e-01   5.155805e-28   1.123916e-08   5.212036e-29   24
  9.525916e-01   1.753953e-28   1.416435e-04   1.669105e-29   56
  9.536606e-01   2.447588e-28   2.021324e-04   1.469385e-29   96
  9.549399e-01   4.999283e-28   2.232036e-04   4.143260e-29   144
  9.559263e-01   4.431267e-28   1.267263e-04   4.578837e-29   54
  9.573592e-01   3.698701e-28   1.898493e-04   3.023294e-29   108
  9.588012e-01   4.997832e-28   1.005243e-04   8.641488e-29   48
  9.601739e-01   4.418037e-28   3.785063e-04   4.183656e-29   72
  9.634680e-01   4.054553e-28   2.500803e-04   2.635804e-29   78
  9.643808e-01   2.465376e-28   1.884669e-04   1.872161e-29   72
  9.654462e-01   2.756477e-28   1.882329e-04   2.486311e-29   72
  9.665603e-01   4.421994e-28   4.542266e-04   7.191936e-29   96
  9.674408e-01   2.666117e-28   1.878449e-04   2.289878e-29   72
  9.685029e-01   3.201928e-28   0.000000e+00   2.981528e-29   24
  9.695638e-01   3.538614e-28   3.748416e-04   2.378367e-29   72
  9.719599e-01   3.739778e-28   2.380359e-04   4.577329e-29   30
  9.724755e-01   3.125494e-28   0.000000e+00   5.485456e-29   24
  9.752466e-01   1.567793e-28   1.976584e-04   1.336089e-29   48
  9.761159e-01   2.135057e-28   4.253608e-04   1.582096e-29   120
  9.772870e-01   2.082684e-28   1.859776e-04   1.192061e-29   72
  9.784697e-01   2.783044e-28   1.857528e-04   2.359453e-29   36
  9.792826e-01   2.535705e-28   3.671339e-04   2.861524e-29   78
  9.815513e-01   2.958118e-28   1.963888e-04   3.615227e-29   48
  9.844928e-01   4.092610e-28   1.589457e-08   7.080676e-29   24
  9.865884e-01   1.224754e-28   1.367612e-04   8.625323e-30   56
  9.876436e-01   1.460260e-28   2.104496e-04   1.196676e-29   102
  9.889860e-01   1.731668e-28   1.498555e-08   1.998338e-29   72
  9.897653e-01   2.327129e-28   0.000000e+00   2.595823e-29   24
  9.911277e-01   2.315434e-28   1.944913e-04   2.478285e-29   48
  9.936528e-01   3.778721e-28   0.000000e+00   5.447829e-29   24
  9.967520e-01   3.537108e-28   0.000000e+00   1.049837e-28   6
  9.977185e-01   1.065348e-28   0.000000e+00   1.126476e-29   24
  9.983623e-01   9.346394e-29   1.820511e-04   7.855745e-30   72
  9.995384e-01   1.187664e-28   3.396336e-04   9.718400e-30   84
  1.000805e+00   1.470125e-28   0.000000e+00   2.829314e-29   24
  1.001190e+00   2.510407e-28   1.589457e-08   3.839679e-29   24
  1.003114e+00   2.142295e-28   1.123916e-08   2.454658e-29   24
  1.005800e+00   5.732421e-28   0.000000e+00   1.243460e-28   6
  1.009244e+00   8.779915e-29   1.910001e-04   1.013999e-29   48
  1.010072e+00   8.840873e-29   3.598129e-04   6.603112e-30   72
  1.011152e+00   1.335160e-28   1.906396e-04   1.421649e-29   48
  1.012867e+00   1.579489e-28   0.000000e+00   4.257480e-29   24
  1.015148e+00   1.177904e-28   1.123916e-08   4.957155e-29   6
  1.020262e+00   6.940061e-29   0.000000e+00   8.032307e-30   8
  1.020640e+00   6.453809e-29   1.123916e-08   6.180258e-30   48
  1.021546e+00   9.929561e-29   1.848806e-04   9.905874e-30   60
  1.022904e+00   9.337073e-29   0.000000e+00   1.274751e-29   24
  1.024787e+00   1.647947e-28   0.000000e+00   4.225705e-29   6
  1.031723e+00   3.500223e-29   0.000000e+00   4.825694e-30   24
  1.032283e+00   5.909164e-29   1.867372e-04   4.777349e-30   48
  1.033217e+00   4.335961e-29   0.000000e+00   7.343357e-30   24
  1.034708e+00   2.034389e-28   1.123916e-08   6.688554e-29   6
  1.043181e+00   4.381604e-29   1.742080e-04   2.717787e-30   36
  1.043797e+00   5.456309e-29   0.000000e+00   5.300617e-30   24
  1.044904e+00   1.173453e-28   0.000000e+00   1.456284e-29   6
  1.054545e+00   4.089774e-29   1.583190e-04   4.690174e-30   32
  1.055367e+00   4.314296e-29   1.123916e-08   1.125535e-29   6
  1.065728e+00   2.717032e-29   0.000000e+00   4.298441e-30   12
  1.066089e+00   4.350374e-29   0.000000e+00   1.020030e-29   6
  1.077063e+00   1.878932e-29   1.589457e-08   5.047639e-30   6
