# power spectrum of B
# redshift z=50.000000
# k              Pk             sigma(k)       sigma(Pk)      count
  1.963495e-02   6.866534e-14   0.000000e+00   1.212639e-14   6
  2.776802e-02   2.750085e-14   0.000000e+00   2.338449e-15   12
  3.400874e-02   4.205469e-14   3.725290e-10   7.203195e-15   8
  3.926991e-02   1.494000e-14   0.000000e+00   4.679887e-15   6
  4.390509e-02   8.288922e-15   0.000000e+00   9.328689e-16   24
  4.809562e-02   7.714846e-15   7.024475e-10   5.625171e-16   24
  5.553604e-02   3.625009e-15   0.000000e+00   3.734476e-16   12
  5.890486e-02   3.371492e-15   7.947286e-10   3.303983e-16   30
  6.209118e-02   2.623696e-15   0.000000e+00   2.620357e-16   24
  6.512178e-02   1.893046e-15   1.216675e-09   1.754386e-16   24
  6.801748e-02   9.829280e-16   7.450581e-10   2.231307e-16   8
  7.079483e-02   8.570112e-16   9.934107e-10   9.332788e-17   24
  7.346727e-02   7.380829e-16   0.000000e+00   5.510027e-17   48
  7.853982e-02   5.470373e-16   0.000000e+00   9.896332e-17   6
  8.095699e-02   6.173558e-16   1.404895e-09   5.797101e-17   48
  8.330406e-02   5.893178e-16   0.000000e+00   4.809880e-17   36
  8.558678e-02   5.277327e-16   9.934107e-10   5.210848e-17   24
  8.781018e-02   4.252812e-16   0.000000e+00   4.798632e-17   24
  8.997866e-02   3.147288e-16   0.000000e+00   2.477444e-17   48
  9.209610e-02   3.066522e-16   1.404895e-09   4.335114e-17   24
  9.619124e-02   2.201258e-16   1.404895e-09   2.744728e-17   24
  9.817477e-02   2.158838e-16   0.000000e+00   1.943521e-17   30
  1.001190e-01   1.695448e-16   0.000000e+00   1.048444e-17   72
  1.020262e-01   2.304382e-16   1.490116e-09   2.843299e-17   32
  1.057375e-01   1.692013e-16   0.000000e+00   1.610001e-17   72
  1.075451e-01   1.669336e-16   0.000000e+00   1.533777e-17   48
  1.110721e-01   1.559836e-16   0.000000e+00   3.984682e-17   12
  1.127942e-01   1.274415e-16   0.000000e+00   8.351969e-18   48
  1.144905e-01   1.034316e-16   0.000000e+00   8.145421e-18   48
  1.161620e-01   1.009883e-16   1.404895e-09   9.792767e-18   48
  1.178097e-01   9.097142e-17   1.589457e-09   8.825695e-18   30
  1.194348e-01   9.848938e-17   1.404895e-09   1.381270e-17   24
  1.210380e-01   7.076869e-17   2.961779e-09   4.661285e-18   72
  1.241824e-01   8.001918e-17   0.000000e+00   9.050498e-18   24
  1.257251e-01   5.996962e-17   0.000000e+00   2.990356e-18   96
  1.272490e-01   5.361859e-17   0.000000e+00   4.377559e-18   48
  1.287550e-01   6.814093e-17   2.433349e-09   1.235413e-17   24
  1.302436e-01   5.832656e-17   2.433349e-09   4.545544e-18   24
  1.317153e-01   6.168268e-17   0.000000e+00   5.043924e-18   72
  1.331707e-01   6.236134e-17   0.000000e+00   3.475459e-18   48
  1.360350e-01   4.531371e-17   1.490116e-09   8.772510e-18   8
  1.374447e-01   3.959755e-17   1.766064e-09   3.273617e-18   54
  1.388401e-01   3.438647e-17   0.000000e+00   2.315845e-18   84
  1.402216e-01   4.522193e-17   0.000000e+00   3.834888e-18   48
  1.415897e-01   3.407791e-17   1.986821e-09   3.200357e-18   24
  1.429446e-01   3.181035e-17   1.873193e-09   2.432129e-18   72
  1.442869e-01   3.398555e-17   0.000000e+00   1.954306e-18   96
  1.469345e-01   2.792684e-17   0.000000e+00   2.463920e-18   48
  1.482407e-01   3.835997e-17   0.000000e+00   3.525643e-18   48
  1.495354e-01   3.650203e-17   1.986821e-09   4.969470e-18   24
  1.508189e-01   2.826652e-17   0.000000e+00   2.176794e-18   72
  1.533539e-01   3.025405e-17   1.873193e-09   1.941211e-18   72
  1.546058e-01   2.518690e-17   0.000000e+00   1.607354e-18   96
  1.570796e-01   1.862127e-17   0.000000e+00   9.229405e-20   6
  1.583021e-01   2.076503e-17   0.000000e+00   1.174858e-18   96
  1.595151e-01   2.119245e-17   1.986821e-09   1.363505e-18   96
  1.607190e-01   1.560570e-17   0.000000e+00   1.867099e-18   24
  1.619140e-01   1.690166e-17   2.809790e-09   1.266969e-18   48
  1.631002e-01   2.178908e-17   0.000000e+00   1.449880e-18   96
  1.642778e-01   1.278435e-17   0.000000e+00   9.186785e-19   48
  1.666081e-01   2.085946e-17   0.000000e+00   2.087215e-18   36
  1.677611e-01   1.653439e-17   3.441276e-09   1.368853e-18   48
  1.689063e-01   1.521091e-17   3.893359e-09   8.886061e-19   120
  1.700437e-01   1.540185e-17   0.000000e+00   1.395513e-18   56
  1.711736e-01   1.770771e-17   1.986821e-09   1.470892e-18   24
  1.722960e-01   1.640059e-17   0.000000e+00   8.789702e-19   96
  1.734112e-01   1.644673e-17   0.000000e+00   1.227810e-18   48
  1.756204e-01   1.181170e-17   0.000000e+00   1.645692e-18   24
  1.767146e-01   1.516044e-17   0.000000e+00   1.181936e-18   102
  1.778021e-01   1.475747e-17   0.000000e+00   1.389998e-18   48
  1.788829e-01   1.198608e-17   0.000000e+00   7.209004e-19   72
  1.799573e-01   1.319696e-17   0.000000e+00   9.128848e-19   48
  1.810253e-01   1.024020e-17   0.000000e+00   1.070430e-18   48
  1.820871e-01   9.682883e-18   4.495664e-09   6.890871e-19   120
  1.841922e-01   1.030150e-17   2.809790e-09   1.328545e-18   24
  1.852358e-01   1.019913e-17   2.649095e-09   5.668358e-19   144
  1.862735e-01   8.981351e-18   3.178914e-09   6.149924e-19   120
  1.873055e-01   8.508124e-18   2.809790e-09   6.791538e-19   48
  1.893526e-01   9.551026e-18   2.809790e-09   5.422835e-19   48
  1.903679e-01   8.730696e-18   2.809790e-09   5.589978e-19   96
  1.930487e-01   8.543819e-18   4.711199e-04   7.677234e-19   72
  1.943761e-01   9.523291e-18   3.532127e-09   5.674877e-19   108
  1.953653e-01   9.143129e-18   0.000000e+00   5.776014e-19   72
  1.963495e-01   7.673685e-18   0.000000e+00   8.068486e-19   30
  1.973288e-01   9.185808e-18   0.000000e+00   4.358841e-19   168
  1.983033e-01   7.646322e-18   0.000000e+00   6.107260e-19   48
  2.002380e-01   8.166411e-18   0.000000e+00   5.595426e-19   72
  2.011984e-01   6.117309e-18   0.000000e+00   3.842956e-19   96
  2.021542e-01   6.634739e-18   5.298191e-09   4.945044e-19   72
  2.031055e-01   6.254264e-18   0.000000e+00   4.883160e-19   72
  2.047049e-01   5.677897e-18   4.350048e-04   3.094436e-19   104
  2.059331e-01   5.469153e-18   3.746387e-09   3.088501e-19   144
  2.087224e-01   5.439103e-18   6.282881e-09   3.322315e-19   96
  2.096439e-01   3.949836e-18   0.000000e+00   2.780160e-19   96
  2.111095e-01   4.654864e-18   4.475232e-04   2.672761e-19   120
  2.123845e-01   5.480241e-18   0.000000e+00   3.092074e-19   120
  2.132902e-01   5.228534e-18   0.000000e+00   3.716709e-19   72
  2.150901e-01   4.354653e-18   0.000000e+00   3.378416e-19   48
  2.159845e-01   5.256695e-18   4.235416e-09   4.172532e-19   78
  2.171286e-01   5.530053e-18   4.007142e-04   2.861412e-19   168
  2.195255e-01   4.971721e-18   3.746387e-09   2.700119e-19   144
  2.204018e-01   4.565527e-18   3.746387e-09   2.191572e-19   144
  2.229436e-01   4.568284e-18   2.307791e-04   2.596268e-19   156
  2.238729e-01   4.636899e-18   4.866699e-09   5.337149e-19   48
  2.247323e-01   4.324431e-18   3.178914e-09   2.860904e-19   120
  2.255884e-01   4.065154e-18   0.000000e+00   3.745346e-19   48
  2.271022e-01   3.593892e-18   3.532495e-04   1.766357e-19   216
  2.289809e-01   2.576604e-18   0.000000e+00   1.857962e-19   48
  2.298212e-01   3.293612e-18   2.809790e-09   1.823592e-19   96
  2.310160e-01   3.474804e-18   4.128272e-04   1.816933e-19   168
  2.323239e-01   3.969775e-18   2.809790e-09   4.296482e-19   48
  2.331522e-01   3.812560e-18   0.000000e+00   2.619232e-19   96
  2.339775e-01   2.810460e-18   0.000000e+00   2.926382e-19   48
  2.356194e-01   2.946339e-18   3.178914e-09   2.661509e-19   30
  2.364362e-01   3.576443e-18   2.809790e-09   2.344733e-19   96
  2.374123e-01   3.326918e-18   3.244455e-04   1.386023e-19   240
  2.386674e-01   3.227213e-18   3.500299e-04   3.880455e-19   32
  2.396752e-01   3.312491e-18   0.000000e+00   1.923149e-19   168
  2.404781e-01   3.719649e-18   0.000000e+00   1.867676e-19   120
  2.420760e-01   3.441059e-18   5.923557e-09   2.732787e-19   72
  2.428710e-01   3.042312e-18   3.746387e-09   1.502180e-19   144
  2.436634e-01   2.571471e-18   0.000000e+00   1.572219e-19   96
  2.444532e-01   3.040199e-18   0.000000e+00   2.619105e-19   96
  2.460253e-01   2.791529e-18   4.588368e-09   1.877582e-19   72
  2.468075e-01   2.390756e-18   3.973643e-09   1.375906e-19   96
  2.483647e-01   2.671205e-18   0.000000e+00   1.792406e-19   24
  2.491396e-01   2.375451e-18   0.000000e+00   1.222003e-19   192
  2.500522e-01   1.995656e-18   2.970416e-04   1.246220e-19   132
  2.514501e-01   2.324238e-18   0.000000e+00   1.869342e-19   96
  2.522156e-01   2.372024e-18   0.000000e+00   1.486730e-19   96
  2.529787e-01   2.092713e-18   3.178914e-09   1.501005e-19   120
  2.544981e-01   2.633745e-18   0.000000e+00   2.796039e-19   48
  2.557435e-01   2.300932e-18   3.599905e-04   9.801282e-20   222
  2.567603e-01   2.066273e-18   0.000000e+00   1.174395e-19   120
  2.575100e-01   2.026658e-18   4.866699e-09   2.838523e-19   24
  2.586015e-01   2.485062e-18   3.715625e-04   8.333006e-20   312
  2.609797e-01   2.233213e-18   3.483547e-04   1.799073e-19   72
  2.619630e-01   2.132046e-18   2.809790e-09   1.254201e-19   96
  2.629726e-01   2.039205e-18   3.547511e-04   7.986965e-20   192
  2.641613e-01   1.855100e-18   4.495664e-09   9.618340e-20   120
  2.648900e-01   2.285550e-18   0.000000e+00   1.193931e-19   144
  2.663415e-01   1.918169e-18   0.000000e+00   1.962111e-19   48
  2.673732e-01   1.834608e-18   3.567146e-04   6.033188e-20   336
  2.685040e-01   1.677517e-18   0.000000e+00   1.382481e-19   48
  2.699360e-01   1.710751e-18   0.000000e+00   1.019989e-19   192
  2.706492e-01   1.672492e-18   0.000000e+00   1.487211e-19   48
  2.726764e-01   1.235420e-18   2.476067e-04   1.110975e-19   56
  2.736844e-01   1.364903e-18   3.180112e-04   4.127667e-20   336
  2.748894e-01   1.609818e-18   3.532127e-09   1.242526e-19   54
  2.759390e-01   1.281530e-18   3.492904e-04   5.432556e-20   240
  2.781181e-01   1.365360e-18   3.344484e-04   5.647074e-20   228
  2.790651e-01   1.437094e-18   3.746387e-09   9.863965e-20   72
  2.799844e-01   1.356632e-18   3.244231e-04   9.004232e-20   144
  2.811298e-01   1.575118e-18   0.000000e+00   9.877416e-20   96
  2.818146e-01   1.476502e-18   4.495664e-09   6.574746e-20   240
  2.831793e-01   1.012021e-18   3.973643e-09   1.234414e-19   24
  2.840530e-01   1.555990e-18   3.064151e-04   5.789540e-20   336
  2.852142e-01   1.468668e-18   0.000000e+00   9.482466e-20   72
  2.862741e-01   1.309108e-18   3.332831e-04   5.577651e-20   168
  2.872346e-01   1.358995e-18   0.000000e+00   1.036693e-19   72
  2.885737e-01   1.284447e-18   0.000000e+00   7.809538e-20   96
  2.896108e-01   1.149654e-18   3.307829e-04   4.898164e-20   216
  2.905708e-01   1.277715e-18   3.973643e-09   9.026875e-20   96
  2.918946e-01   1.197024e-18   0.000000e+00   5.747904e-20   192
  2.925542e-01   1.122360e-18   3.746387e-09   4.877612e-20   144
  2.938691e-01   1.055691e-18   0.000000e+00   6.782741e-20   48
  2.947794e-01   9.681183e-19   3.189136e-04   3.969190e-20   246
  2.960164e-01   1.080852e-18   2.940434e-04   4.730274e-20   168
  2.971308e-01   9.998267e-19   5.506041e-09   5.940287e-20   120
  2.977788e-01   9.741085e-19   0.000000e+00   3.827680e-20   240
  2.990707e-01   7.203842e-19   3.973643e-09   6.254832e-20   24
  3.001001e-01   9.917648e-19   3.147475e-04   3.440754e-20   360
  3.013820e-01   1.274368e-18   3.134082e-04   7.212112e-20   120
  3.022763e-01   1.141180e-18   0.000000e+00   6.097572e-20   144
  3.029133e-01   9.764698e-19   0.000000e+00   6.775905e-20   96
  3.048165e-01   1.102076e-18   0.000000e+00   6.102355e-20   144
  3.054482e-01   1.052959e-18   0.000000e+00   7.012093e-20   132
  3.063360e-01   1.059642e-18   3.093292e-04   4.856005e-20   176
  3.076248e-01   1.005249e-18   3.123602e-04   3.755579e-20   312
  3.092116e-01   9.125493e-19   0.000000e+00   5.605242e-20   96
  3.098343e-01   8.955209e-19   0.000000e+00   4.474307e-20   144
  3.107899e-01   9.553654e-19   3.092271e-04   3.735257e-20   312
  3.123131e-01   8.833593e-19   0.000000e+00   6.699966e-20   48
  3.129297e-01   8.009153e-19   3.973643e-09   3.789847e-20   192
  3.141593e-01   4.251649e-19   0.000000e+00   1.147867e-19   6
  3.149762e-01   7.787824e-19   2.884066e-04   3.112983e-20   288
  3.162994e-01   7.823442e-19   3.047203e-04   3.653187e-20   192
  3.172124e-01   8.207161e-19   9.345130e-09   4.073251e-20   216
  3.178195e-01   8.086201e-19   0.000000e+00   6.962780e-20   72
  3.193321e-01   7.585909e-19   3.018264e-04   3.792895e-20   192
  3.203366e-01   6.881774e-19   2.241224e-04   2.789395e-20   288
  3.214381e-01   7.183034e-19   0.000000e+00   4.537201e-20   24
  3.222890e-01   6.790214e-19   2.952626e-04   2.223129e-20   456
  3.238280e-01   8.221016e-19   5.619580e-09   8.082570e-20   48
  3.247789e-01   7.019185e-19   2.908218e-04   2.889968e-20   240
  3.258718e-01   7.943949e-19   2.939082e-04   3.241334e-20   216
  3.267908e-01   7.422467e-19   0.000000e+00   5.188479e-20   72
  3.273801e-01   7.019068e-19   1.015467e-08   3.351908e-20   168
  3.290441e-01   7.923165e-19   2.184577e-04   2.730294e-20   288
  3.299773e-01   7.692728e-19   2.890570e-04   3.799023e-20   168
  3.314762e-01   7.632507e-19   0.000000e+00   3.599461e-20   192
  3.320572e-01   7.088409e-19   3.746387e-09   4.065531e-20   144
  3.332162e-01   8.965959e-19   0.000000e+00   6.006420e-20   36
  3.341991e-01   6.403064e-19   2.639705e-04   2.390420e-20   342
  3.351389e-01   5.669619e-19   2.710657e-04   3.795089e-20   144
  3.363470e-01   6.451808e-19   2.842800e-04   2.372941e-20   384
  3.378125e-01   7.031615e-19   7.786718e-09   4.364190e-20   120
  3.385379e-01   6.691587e-19   2.534951e-04   3.044998e-20   264
  3.395201e-01   5.931909e-19   1.256576e-08   2.986528e-20   192
  3.404451e-01   5.889355e-19   2.731894e-04   3.243570e-20   152
  3.412191e-01   5.004892e-19   7.492773e-09   2.705793e-20   144
  3.428472e-01   5.279878e-19   1.768108e-04   2.376813e-20   216
  3.436008e-01   6.365012e-19   2.362665e-04   2.787521e-20   312
  3.449274e-01   5.596693e-19   2.738281e-04   2.268827e-20   240
  3.457090e-01   6.418331e-19   3.973643e-09   3.789845e-20   96
  3.471927e-01   4.706022e-19   2.617995e-04   2.257987e-20   144
  3.481071e-01   5.776699e-19   2.573258e-04   1.722837e-20   456
  3.495904e-01   5.501421e-19   0.000000e+00   3.871840e-20   120
  3.501414e-01   5.180526e-19   0.000000e+00   2.972185e-20   144
  3.512407e-01   5.052264e-19   0.000000e+00   9.023406e-20   24
  3.519456e-01   5.614812e-19   2.473498e-04   1.954342e-20   336
  3.531645e-01   5.827183e-19   2.727931e-04   2.980550e-20   198
  3.543067e-01   5.278209e-19   2.652756e-04   1.807733e-20   432
  3.556041e-01   5.179581e-19   0.000000e+00   5.163933e-20   48
  3.562810e-01   4.952015e-19   2.341925e-04   1.680193e-20   384
  3.574963e-01   4.124245e-19   2.696052e-04   2.091309e-20   144
  3.585975e-01   4.875554e-19   2.676825e-04   2.156817e-20   264
  3.599147e-01   3.786897e-19   0.000000e+00   3.087105e-20   48
  3.607984e-01   4.175178e-19   2.545223e-04   1.717147e-20   276
  3.616510e-01   3.912662e-19   2.307176e-04   1.768420e-20   192
  3.627906e-01   4.596790e-19   2.592759e-04   1.347684e-20   552
  3.641741e-01   4.160394e-19   8.991328e-09   2.353313e-20   120
  3.649965e-01   3.715230e-19   2.624511e-04   1.636253e-20   216
  3.657587e-01   3.816441e-19   4.495664e-09   2.041526e-20   120
  3.671201e-01   4.277939e-19   2.584500e-04   1.592515e-20   408
  3.683844e-01   2.703066e-19   5.619580e-09   4.236687e-20   24
  3.691684e-01   4.601110e-19   2.610810e-04   1.602160e-20   384
  3.702633e-01   4.285437e-19   2.550855e-04   1.930507e-20   240
  3.712141e-01   5.171589e-19   2.569535e-04   2.994315e-20   168
  3.725471e-01   4.017553e-19   6.357829e-09   2.431574e-20   120
  3.734064e-01   4.629270e-19   2.678605e-04   1.718274e-20   350
  3.748037e-01   3.996090e-19   4.409502e-04   1.411426e-20   384
  3.756388e-01   3.695348e-19   0.000000e+00   1.943785e-20   144
  3.771752e-01   3.636455e-19   1.059638e-08   1.492095e-20   288
  3.779773e-01   3.674288e-19   2.524053e-04   1.442127e-20   336
  3.790686e-01   3.606782e-19   2.297941e-04   1.938580e-20   168
  3.797219e-01   3.848182e-19   4.541306e-09   1.519125e-20   336
  3.810732e-01   4.076479e-19   2.385126e-04   1.990700e-20   288
  3.818848e-01   4.166444e-19   2.247398e-04   2.091579e-20   264
  3.832590e-01   3.375188e-19   0.000000e+00   1.524830e-20   240
  3.837616e-01   3.676139e-19   7.947286e-09   3.176780e-20   96
  3.855656e-01   3.783999e-19   3.056310e-04   1.465225e-20   360
  3.864075e-01   4.389837e-19   2.253025e-04   2.749059e-20   168
  3.874713e-01   3.608154e-19   2.456032e-04   1.217464e-20   456
  3.887523e-01   3.939721e-19   7.064254e-09   2.385123e-20   108
  3.894728e-01   3.101510e-19   2.464311e-04   1.595204e-20   264
  3.903716e-01   3.691823e-19   2.198567e-04   1.755751e-20   264
  3.916025e-01   3.644704e-19   2.074668e-04   1.557201e-20   312
  3.931351e-01   3.171077e-19   1.541705e-04   1.328919e-20   270
  3.937775e-01   3.849813e-19   1.957388e-04   1.952113e-20   240
  3.949323e-01   3.017438e-19   2.421536e-04   1.123955e-20   384
  3.956334e-01   4.037137e-19   0.000000e+00   2.102886e-20   192
  3.969952e-01   3.519303e-19   1.942960e-04   1.380283e-20   240
  3.977852e-01   3.623076e-19   2.397927e-04   1.353902e-20   336
  3.992708e-01   3.608415e-19   2.413972e-04   1.164576e-20   480
  4.004761e-01   2.581933e-19   0.000000e+00   2.120885e-20   72
  4.011493e-01   2.678436e-19   2.353842e-04   1.389096e-20   240
  4.020650e-01   3.321049e-19   2.212289e-04   1.383227e-20   312
  4.031147e-01   2.696606e-19   2.390954e-04   1.519109e-20   240
  4.047009e-01   2.691131e-19   1.816506e-04   9.408371e-21   408
  4.053288e-01   2.986172e-19   1.663482e-04   1.258259e-20   336
  4.065560e-01   2.985033e-19   2.112212e-04   1.466869e-20   264
  4.071591e-01   2.568582e-19   0.000000e+00   1.635697e-20   144
  4.088370e-01   2.879997e-19   2.927651e-04   9.867773e-21   464
  4.097211e-01   3.421878e-19   2.328083e-04   1.993773e-20   168
  4.105939e-01   2.650572e-19   2.120376e-04   1.164673e-20   336
  4.121713e-01   2.804843e-19   2.227870e-04   1.101822e-20   414
  4.130606e-01   3.118242e-19   2.319080e-04   2.078274e-20   216
  4.141998e-01   3.236599e-19   5.619580e-09   2.241487e-20   96
  4.146649e-01   2.783111e-19   1.685874e-08   1.152903e-20   384
  4.162944e-01   2.704336e-19   2.314600e-04   8.516096e-21   492
  4.171676e-01   2.824263e-19   2.263480e-04   1.301520e-20   240
  4.181546e-01   2.831614e-19   2.298225e-04   1.234525e-20   312
  4.195176e-01   2.077785e-19   2.297469e-04   9.652948e-21   192
  4.203810e-01   2.351542e-19   2.226525e-04   7.100306e-21   504
  4.215265e-01   2.416294e-19   1.473998e-04   1.003557e-20   408
  4.224284e-01   2.489440e-19   4.515774e-04   1.616696e-20   168
  4.235571e-01   3.410818e-19   2.145032e-04   1.678571e-20   288
  4.245041e-01   2.387044e-19   2.238525e-04   1.096424e-20   288
  4.254743e-01   2.414820e-19   2.251410e-04   8.463682e-21   432
  4.268815e-01   2.483868e-19   2.129084e-04   1.499922e-20   216
  4.276334e-01   2.805079e-19   2.124592e-04   1.368595e-20   360
  4.289721e-01   2.642131e-19   2.073582e-04   1.157103e-20   312
  4.301803e-01   3.720304e-19   0.000000e+00   2.738955e-20   48
  4.308767e-01   2.540620e-19   2.223178e-04   9.951948e-21   432
  4.321240e-01   2.364401e-19   3.708284e-04   9.347166e-21   414
  4.328606e-01   2.280100e-19   1.956255e-08   9.182456e-21   312
  4.342347e-01   2.100862e-19   3.253813e-04   7.080290e-21   528
  4.351620e-01   2.806053e-19   1.707976e-04   1.583495e-20   264
  4.362761e-01   2.124264e-19   2.025191e-04   7.588428e-21   480
  4.377318e-01   2.345028e-19   0.000000e+00   1.101614e-20   288
  4.383604e-01   2.552986e-19   2.176005e-04   1.539162e-20   168
  4.395105e-01   2.244208e-19   3.444610e-04   7.975701e-21   504
  4.408036e-01   2.609047e-19   7.492773e-09   1.557420e-20   144
  4.416171e-01   2.567696e-19   2.212265e-04   8.909378e-21   464
  4.428396e-01   2.134110e-19   3.246624e-04   7.263716e-21   432
  4.434197e-01   2.439598e-19   5.619580e-09   1.778461e-20   192
  4.449189e-01   2.354974e-19   2.406833e-04   1.234750e-20   396
  4.458042e-01   2.013750e-19   2.162000e-04   1.030114e-20   288
  4.466990e-01   2.112685e-19   2.135686e-04   8.321597e-21   336
  4.481283e-01   2.085254e-19   1.352359e-04   8.525976e-21   432
  4.490354e-01   2.047953e-19   3.505126e-04   7.354810e-21   360
  4.500539e-01   2.779222e-19   2.073334e-04   1.183760e-20   384
  4.515004e-01   2.135020e-19   1.830116e-04   1.339620e-20   198
  4.521974e-01   2.042922e-19   2.080246e-04   7.398922e-21   552
  4.534970e-01   1.857307e-19   2.912202e-04   7.312421e-21   432
  4.545821e-01   1.994414e-19   0.000000e+00   1.636729e-20   168
  4.554927e-01   2.127174e-19   3.610065e-04   8.560291e-21   480
  4.566974e-01   2.670596e-19   0.000000e+00   2.104715e-20   120
  4.572396e-01   2.273275e-19   2.948545e-04   9.726472e-21   336
  4.585628e-01   1.793337e-19   2.080152e-04   5.245837e-21   672
  4.598711e-01   2.072297e-19   3.025866e-04   7.721382e-21   528
  4.604805e-01   1.684043e-19   9.082613e-09   1.252735e-20   168
  4.618883e-01   1.772443e-19   3.375333e-04   7.160072e-21   456
  4.627474e-01   2.057376e-19   2.061344e-04   1.281401e-20   168
  4.636392e-01   2.171308e-19   2.057643e-04   9.066630e-21   504
  4.651216e-01   1.616424e-19   2.647872e-04   7.647154e-21   336
  4.660180e-01   2.059397e-19   1.908802e-04   1.097188e-20   312
  4.670124e-01   1.844214e-19   1.865029e-04   6.735324e-21   504
  4.683210e-01   1.829691e-19   1.294009e-04   7.982881e-21   432
  4.689362e-01   1.886890e-19   1.999672e-04   7.583572e-21   312
  4.702151e-01   1.816949e-19   2.049761e-04   9.035013e-21   384
  4.715504e-01   1.446177e-19   1.741510e-04   1.441460e-20   126
  4.723748e-01   1.703649e-19   3.057676e-04   7.177753e-21   492
  4.734278e-01   1.774193e-19   1.958445e-04   7.659342e-21   528
  4.747438e-01   1.616400e-19   1.989360e-04   6.263962e-21   480
  4.755596e-01   2.040416e-19   2.748289e-04   8.267872e-21   432
  4.767402e-01   1.785980e-19   2.161166e-04   8.791543e-21   440
  4.781114e-01   1.819075e-19   1.074739e-04   1.003333e-20   312
  4.786259e-01   1.489209e-19   1.610586e-04   5.553079e-21   480
  4.796813e-01   1.721929e-19   3.153497e-04   7.611540e-21   408
  4.812233e-01   1.882020e-19   1.888588e-04   7.403206e-21   360
  4.818747e-01   1.776378e-19   1.822418e-04   7.822104e-21   408
  4.830820e-01   1.495513e-19   1.854542e-04   5.793954e-21   456
  4.844414e-01   2.041120e-19   1.772485e-04   9.605953e-21   264
  4.851959e-01   1.831059e-19   1.923591e-04   8.382999e-21   384
  4.862943e-01   1.632074e-19   3.238501e-04   5.656532e-21   672
  4.875640e-01   1.753379e-19   1.937042e-04   1.077983e-20   240
  4.882967e-01   1.961903e-19   1.965613e-04   1.227820e-20   264
  4.893308e-01   1.411077e-19   2.424259e-04   5.284016e-21   624
  4.908739e-01   1.272528e-19   0.000000e+00   9.397857e-21   150
  4.914232e-01   1.702878e-19   2.716574e-04   6.768350e-21   600
  4.925819e-01   1.624605e-19   1.874909e-04   5.938737e-21   672
  4.938939e-01   1.584899e-19   1.763484e-04   8.038292e-21   336
  4.946248e-01   1.615801e-19   1.918157e-04   7.391126e-21   408
  4.957926e-01   1.705120e-19   1.913639e-04   7.712888e-21   408
  4.970915e-01   1.693659e-19   9.676385e-05   6.899606e-21   360
  4.978921e-01   1.605894e-19   3.552857e-04   6.814177e-21   456
  4.988592e-01   1.585207e-19   1.932065e-04   7.149147e-21   384
  5.000902e-01   1.423418e-19   1.783541e-04   8.652354e-21   348
  5.007554e-01   1.614044e-19   2.198754e-04   8.094400e-21   576
  5.020050e-01   1.658017e-19   1.810385e-04   7.093511e-21   504
  5.032833e-01   1.529007e-19   2.553443e-04   7.833858e-21   432
  5.043991e-01   1.594177e-19   3.473946e-04   7.818304e-21   576
  5.051948e-01   1.358271e-19   0.000000e+00   7.163874e-21   264
  5.064571e-01   1.521611e-19   2.764393e-04   5.372845e-21   768
  5.075549e-01   1.222931e-19   3.721752e-04   7.300704e-21   240
  5.084277e-01   1.180973e-19   3.282233e-04   9.133203e-21   192
  5.096990e-01   1.704394e-19   2.416124e-04   7.089475e-21   504
  5.106418e-01   1.773709e-19   3.255818e-04   6.783397e-21   590
  5.115460e-01   1.420193e-19   3.647966e-04   6.526343e-21   384
  5.126798e-01   1.191439e-19   3.048625e-04   4.655785e-21   504
  5.140486e-01   1.261466e-19   2.933830e-04   4.178118e-21   648
  5.153764e-01   1.182171e-19   7.967896e-05   5.664824e-21   504
  5.159117e-01   1.381131e-19   1.817627e-04   6.884927e-21   312
  5.168569e-01   1.446445e-19   2.618753e-04   5.962523e-21   576
  5.181545e-01   1.336221e-19   1.822405e-04   7.337983e-21   240
  5.189109e-01   1.340223e-19   1.841453e-04   5.276617e-21   552
  5.199816e-01   1.360019e-19   1.729082e-04   5.344639e-21   600
  5.215067e-01   1.352251e-19   2.111937e-04   5.831314e-21   600
  5.224237e-01   1.265961e-19   3.382099e-04   6.448284e-21   312
  5.233368e-01   1.657933e-19   2.945474e-04   8.087614e-21   480
  5.244775e-01   1.164528e-19   1.837693e-04   5.508717e-21   576
  5.254818e-01   1.567424e-19   2.959085e-04   8.748838e-21   408
  5.263729e-01   8.630375e-20   3.451909e-04   5.145609e-21   216
  5.275243e-01   1.514862e-19   2.643774e-04   6.090109e-21   516
  5.287578e-01   1.305974e-19   2.522429e-04   4.936354e-21   744
  5.300304e-01   1.482822e-19   1.684760e-04   6.332875e-21   462
  5.307494e-01   9.755920e-20   1.712315e-04   5.783651e-21   432
  5.318647e-01   1.119776e-19   1.588547e-04   4.274500e-21   648
  5.331761e-01   1.165447e-19   2.324340e-04   5.583069e-21   528
  5.342295e-01   1.258132e-19   2.799086e-04   5.049855e-21   600
  5.352820e-01   1.409557e-19   3.528915e-04   8.218955e-21   240
  5.363014e-01   1.242869e-19   2.703115e-04   4.818769e-21   720
  5.374863e-01   1.296440e-19   2.138653e-04   4.852336e-21   720
  5.387997e-01   8.611540e-20   0.000000e+00   8.665564e-21   144
  5.394909e-01   1.263163e-19   2.757364e-04   4.311401e-21   720
  5.404742e-01   1.282836e-19   1.653370e-04   6.216669e-21   384
  5.417051e-01   1.321293e-19   1.832848e-04   5.061093e-21   672
  5.428730e-01   1.307378e-19   3.209115e-04   8.762458e-21   336
  5.434308e-01   1.385641e-19   0.000000e+00   9.597571e-21   288
  5.447967e-01   1.120332e-19   2.539800e-04   4.511620e-21   776
  5.460612e-01   1.224299e-19   2.173184e-04   4.639652e-21   720
  5.471231e-01   1.025550e-19   1.750659e-04   4.610185e-21   432
  5.479725e-01   1.224338e-19   2.495786e-04   4.773610e-21   504
  5.489174e-01   1.304747e-19   1.748652e-04   5.567136e-21   528
  5.502396e-01   9.951844e-20   2.382437e-04   5.447020e-21   438
  5.513273e-01   1.051970e-19   2.772938e-04   4.094758e-21   624
  5.521470e-01   1.176838e-19   3.396475e-04   6.932238e-21   312
  5.532738e-01   1.339141e-19   1.829935e-04   5.340195e-21   696
  5.544390e-01   1.149272e-19   1.655760e-04   5.203611e-21   552
  5.556509e-01   1.021533e-19   1.281006e-04   4.463172e-21   516
  5.564006e-01   1.227063e-19   2.558713e-04   5.655891e-21   528
  5.573133e-01   1.080423e-19   1.664001e-04   4.909958e-21   528
  5.586097e-01   1.057271e-19   2.194479e-04   3.727274e-21   864
  5.594897e-01   1.124379e-19   3.005985e-04   5.820479e-21   408
  5.603706e-01   1.395011e-19   2.978186e-04   1.113868e-20   192
  5.616191e-01   9.880310e-20   2.464592e-04   3.880158e-21   720
  5.626731e-01   1.156100e-19   2.272475e-04   4.159619e-21   696
  5.639255e-01   1.146394e-19   2.454294e-04   4.657834e-21   720
  5.650713e-01   1.323546e-19   3.326501e-04   6.640639e-21   432
  5.657395e-01   1.003935e-19   1.958109e-04   5.753155e-21   264
  5.669418e-01   1.140171e-19   2.704061e-04   5.132725e-21   672
  5.680171e-01   1.067041e-19   2.768544e-04   4.317447e-21   600
  5.692933e-01   8.802354e-20   1.620980e-04   5.387058e-21   270
  5.699366e-01   8.149708e-20   2.440026e-04   3.854786e-21   528
  5.709591e-01   1.173796e-19   1.670843e-04   5.347125e-21   840
  5.723613e-01   1.018778e-19   3.194952e-04   3.735307e-21   888
  5.736568e-01   9.611331e-20   2.380474e-04   3.742955e-21   744
  5.747517e-01   1.186645e-19   1.223216e-04   5.522134e-21   456
  5.752963e-01   1.590086e-19   1.671601e-04   7.633839e-21   360
  5.762282e-01   7.809507e-20   1.448348e-04   4.468842e-21   384
  5.776580e-01   1.072344e-19   2.323137e-04   4.781817e-21   816
  5.787308e-01   1.065127e-19   3.370546e-04   4.696451e-21   824
  5.800348e-01   1.015892e-19   1.566791e-04   6.348874e-21   360
  5.807331e-01   9.659897e-20   2.311994e-04   3.769671e-21   624
  5.816941e-01   1.162628e-19   1.562320e-04   5.938938e-21   360
  5.829744e-01   9.917530e-20   2.125215e-04   4.430300e-21   876
  5.841306e-01   1.021627e-19   2.524119e-04   4.702163e-21   696
  5.852967e-01   1.047429e-19   1.629911e-04   6.877882e-21   336
  5.859080e-01   9.825928e-20   1.628079e-04   5.195835e-21   504
  5.869176e-01   9.516834e-20   1.642187e-04   4.323951e-21   672
  5.884155e-01   1.126294e-19   3.269213e-04   5.119096e-21   720
  5.894543e-01   8.895741e-20   2.469541e-04   3.730961e-21   774
  5.906010e-01   6.152822e-20   1.413501e-04   3.418419e-21   384
  5.912015e-01   1.028722e-19   2.720183e-04   5.819240e-21   528
  5.921335e-01   9.995214e-20   2.592486e-04   4.329724e-21   744
  5.936327e-01   1.107180e-19   2.138251e-04   3.980780e-21   768
  5.946281e-01   6.272933e-20   2.400348e-04   3.005302e-21   552
  5.958700e-01   9.171603e-20   2.616108e-04   3.774906e-21   696
  5.967938e-01   1.022563e-19   3.179026e-04   6.138661e-21   408
  5.975272e-01   1.054119e-19   1.373364e-04   6.156878e-21   504
  5.986899e-01   9.394437e-20   2.467198e-04   3.539167e-21   888
  5.998339e-01   7.286836e-20   2.564132e-04   3.732627e-21   648
  6.010230e-01   8.980028e-20   2.542153e-04   4.148603e-21   648
  6.021418e-01   8.402761e-20   2.741064e-04   4.000771e-21   792
  6.033268e-01   7.639581e-20   4.010364e-04   3.985860e-21   600
  6.042000e-01   7.188495e-20   2.717856e-04   3.728783e-21   456
  6.051191e-01   7.593796e-20   1.324567e-04   3.562680e-21   648
  6.062996e-01   8.398859e-20   2.583099e-04   3.480131e-21   936
  6.075741e-01   9.987761e-20   1.586356e-04   6.272140e-21   384
  6.086836e-01   5.222853e-20   1.334798e-08   5.151776e-21   198
  6.095398e-01   4.449662e-20   4.024720e-04   1.259709e-21   1224
  6.104634e-01   4.420916e-20   2.931235e-04   1.853540e-21   420
  6.115558e-01   4.113369e-20   2.836822e-04   1.421805e-21   792
  6.126238e-01   3.550423e-20   2.345810e-04   1.327897e-21   680
  6.138428e-01   3.843132e-20   2.154033e-04   1.619144e-21   600
  6.148235e-01   3.803315e-20   3.123938e-04   1.332505e-21   840
  6.161330e-01   4.102297e-20   1.474979e-04   2.098957e-21   432
  6.166334e-01   3.594370e-20   1.382249e-04   1.268577e-21   720
  6.177213e-01   3.902063e-20   2.768404e-04   1.194375e-21   960
  6.190745e-01   3.517983e-20   2.467829e-04   1.296673e-21   528
  6.200634e-01   3.503933e-20   2.522592e-04   1.504065e-21   624
  6.212404e-01   3.744776e-20   1.982740e-04   1.292809e-21   816
  6.224086e-01   3.733518e-20   3.260658e-04   1.259726e-21   696
  6.236996e-01   3.484927e-20   2.202416e-08   2.248214e-21   240
  6.241851e-01   3.195600e-20   1.922888e-04   1.159804e-21   672
  6.252686e-01   2.959925e-20   3.436476e-04   9.616560e-22   864
  6.264840e-01   2.675540e-20   2.636938e-04   8.345881e-22   816
  6.275795e-01   2.848054e-20   1.509292e-04   9.943287e-22   648
  6.287594e-01   2.946589e-20   1.542771e-04   8.964158e-22   843
  6.297611e-01   2.557411e-20   2.775825e-04   7.883221e-22   780
  6.309548e-01   2.067422e-20   1.489456e-04   1.162465e-21   216
  6.316911e-01   2.616593e-20   3.591661e-04   7.489157e-22   1056
  6.328235e-01   2.526420e-20   2.938382e-04   1.363176e-21   228
  6.338720e-01   2.605121e-20   3.658358e-04   6.902571e-22   924
  6.349484e-01   2.860215e-20   1.357046e-04   9.335777e-22   696
  6.360882e-01   2.444052e-20   2.415153e-04   6.957785e-22   996
  6.372543e-01   2.079732e-20   1.425858e-04   7.256313e-22   576
  6.384675e-01   2.353044e-20   2.200718e-04   9.579512e-22   552
  6.393519e-01   2.879948e-20   2.627580e-04   1.178173e-21   516
  6.402494e-01   2.530793e-20   3.821047e-04   8.099288e-22   744
  6.412749e-01   2.319214e-20   1.874451e-04   8.859035e-22   576
  6.421669e-01   2.413706e-20   1.929285e-04   8.272667e-22   792
  6.434346e-01   2.370178e-20   2.205530e-04   7.481313e-22   792
  6.443636e-01   2.435805e-20   2.378641e-04   8.551638e-22   720
  6.456200e-01   2.375399e-20   2.711104e-04   8.434165e-22   656
  6.467974e-01   2.199596e-20   2.960385e-04   7.520252e-22   816
  6.480043e-01   1.981124e-20   1.596190e-04   7.730139e-22   492
  6.486903e-01   2.368151e-20   2.296231e-04   8.607813e-22   552
  6.499778e-01   1.818938e-20   3.992867e-04   5.915201e-22   780
  6.508139e-01   2.149425e-20   2.452771e-04   8.209850e-22   528
  6.517148e-01   1.820385e-20   2.863130e-04   5.629451e-22   600
  6.530425e-01   2.355525e-20   2.379487e-04   7.124378e-22   900
  6.539577e-01   1.766227e-20   1.317325e-04   5.800991e-22   696
  6.552168e-01   1.711301e-20   3.330907e-04   6.297045e-22   696
  6.564349e-01   1.754063e-20   1.351317e-04   6.289176e-22   552
  6.574592e-01   1.915986e-20   1.571457e-04   6.506488e-22   708
  6.585322e-01   1.973732e-20   2.594565e-04   6.939994e-22   876
  6.596487e-01   1.576253e-20   1.377663e-04   8.174629e-22   216
  6.603980e-01   2.025151e-20   3.768094e-04   5.253855e-22   1032
  6.615201e-01   1.811648e-20   4.195357e-04   6.428017e-22   600
  6.626848e-01   1.646447e-20   2.001869e-04   6.460390e-22   600
  6.635732e-01   1.984246e-20   3.535112e-04   8.255944e-22   528
  6.646233e-01   1.801681e-20   1.940622e-04   5.502590e-22   732
  6.657296e-01   1.895827e-20   1.432973e-04   1.058212e-21   336
  6.670031e-01   1.639526e-20   2.042271e-04   5.321644e-22   912
  6.679548e-01   1.588534e-20   2.049821e-04   5.437386e-22   624
  6.689946e-01   1.620192e-20   1.727341e-04   5.181833e-22   768
  6.702082e-01   1.667632e-20   3.116463e-04   5.694256e-22   792
  6.713995e-01   1.679203e-20   1.545014e-04   7.439638e-22   660
  6.722471e-01   1.724210e-20   2.276826e-04   7.381626e-22   504
  6.731238e-01   1.336330e-20   3.719898e-04   5.425967e-22   480
  6.744376e-01   1.378596e-20   3.440421e-04   4.203766e-22   912
  6.754664e-01   1.725083e-20   3.831443e-04   8.270098e-22   432
  6.764380e-01   1.558740e-20   2.275021e-04   5.996159e-22   564
  6.773006e-01   1.501802e-20   2.177508e-04   4.772866e-22   600
  6.785149e-01   1.551253e-20   3.035240e-04   5.013125e-22   876
  6.794272e-01   1.372998e-20   1.364735e-04   6.126644e-22   264
  6.806846e-01   1.358342e-20   2.648123e-04   5.447830e-22   560
  6.816953e-01   1.454124e-20   1.799457e-04   5.029717e-22   840
  6.829222e-01   1.264394e-20   2.774244e-04   3.622335e-22   1008
  6.840568e-01   1.115603e-20   1.241010e-04   4.529154e-22   456
  6.850930e-01   1.415663e-20   1.607553e-04   5.428811e-22   576
  6.860509e-01   1.308722e-20   2.470177e-04   4.549042e-22   612
  6.873140e-01   1.475845e-20   2.206269e-04   5.670016e-22   780
  6.883444e-01   1.244379e-20   2.528284e-04   4.192958e-22   648
  6.893992e-01   1.130110e-20   1.178213e-04   4.593058e-22   312
  6.900734e-01   1.223617e-20   2.993645e-04   4.600594e-22   528
  6.912414e-01   1.134371e-20   3.909551e-04   3.177653e-22   720
  6.923583e-01   1.346249e-20   3.921794e-04   6.201581e-22   576
  6.937124e-01   1.286797e-20   3.383053e-04   9.745423e-22   444
  6.945549e-01   1.189312e-20   3.317685e-04   3.340636e-22   996
  6.955874e-01   1.088210e-20   2.771265e-04   5.024482e-22   432
  6.965633e-01   1.413734e-20   3.033990e-04   7.514637e-22   504
  6.974062e-01   1.068064e-20   1.367883e-04   4.126425e-22   504
  6.986065e-01   1.211793e-20   2.692009e-04   3.883810e-22   876
  6.996926e-01   1.033452e-20   3.098246e-04   3.943463e-22   504
  7.008236e-01   1.054414e-20   1.975899e-04   3.379108e-22   696
  7.017583e-01   1.005849e-20   1.689187e-04   3.846109e-22   492
  7.030300e-01   9.526895e-21   2.418152e-04   3.757935e-22   432
  7.039719e-01   1.087050e-20   2.264335e-04   3.332713e-22   768
  7.050885e-01   1.007851e-20   2.820533e-04   3.490914e-22   648
  7.061547e-01   9.374258e-21   1.840095e-04   3.846551e-22   456
  7.073798e-01   9.911929e-21   2.530430e-04   3.238846e-22   552
  7.082306e-01   9.588333e-21   1.734358e-04   4.184678e-22   648
  7.094016e-01   9.078589e-21   2.826907e-04   2.696774e-22   840
  7.105454e-01   8.465497e-21   1.348092e-04   3.393001e-22   432
  7.116906e-01   1.112044e-20   1.651183e-04   4.946940e-22   600
  7.124870e-01   8.551238e-21   1.759227e-04   3.562840e-22   432
  7.138248e-01   1.011627e-20   1.751482e-04   4.138449e-22   560
  7.147308e-01   8.830614e-21   2.772412e-04   2.639526e-22   840
  7.158652e-01   9.819368e-21   1.642140e-04   4.964607e-22   504
  7.167662e-01   7.519564e-21   3.351509e-04   2.426308e-22   696
  7.180362e-01   9.145928e-21   1.830475e-04   5.662634e-22   384
  7.190254e-01   8.425346e-21   2.681431e-04   2.936455e-22   576
  7.202219e-01   9.152270e-21   1.654845e-04   3.706689e-22   360
  7.211864e-01   9.300440e-21   2.464465e-04   3.275544e-22   828
  7.222268e-01   7.927304e-21   2.195064e-04   3.494134e-22   372
  7.231800e-01   7.017199e-21   3.352284e-04   2.242659e-22   576
  7.244428e-01   9.566863e-21   1.403933e-04   3.449466e-22   636
  7.253425e-01   8.104304e-21   2.706420e-04   2.958613e-22   648
  7.265596e-01   7.864887e-21   2.200024e-04   3.445752e-22   576
  7.274333e-01   7.357311e-21   3.548870e-04   2.624787e-22   528
  7.285953e-01   7.650872e-21   1.517289e-04   3.516759e-22   360
  7.295571e-01   7.573319e-21   3.490332e-04   3.064988e-22   672
  7.308130e-01   7.931712e-21   1.787806e-04   2.725371e-22   804
  7.318582e-01   7.731036e-21   1.972163e-04   3.496730e-22   408
  7.330145e-01   8.281925e-21   1.219011e-04   3.959271e-22   384
  7.337931e-01   5.943321e-21   2.789567e-04   2.617002e-22   480
  7.348913e-01   7.237348e-21   1.802469e-04   3.049830e-22   432
  7.359446e-01   7.162017e-21   3.321566e-04   2.436892e-22   648
  7.371913e-01   5.904166e-21   2.061016e-04   1.814088e-22   624
  7.381033e-01   6.795502e-21   1.874668e-04   3.429932e-22   456
  7.393486e-01   6.263338e-21   2.560963e-04   2.888434e-22   588
  7.401831e-01   6.159340e-21   1.633884e-04   2.183045e-22   600
  7.414016e-01   6.084853e-21   2.548458e-04   2.006526e-22   708
  7.423640e-01   6.743884e-21   1.605479e-04   3.356537e-22   360
  7.434275e-01   6.401637e-21   1.845541e-04   2.810092e-22   552
  7.444470e-01   5.634810e-21   1.294691e-04   2.377580e-22   288
  7.454820e-01   5.664023e-21   2.434372e-04   2.206257e-22   528
  7.464545e-01   5.840708e-21   1.642340e-04   2.585785e-22   456
  7.475410e-01   6.686564e-21   2.912225e-04   2.771385e-22   608
  7.486338e-01   5.096298e-21   1.408967e-04   1.893721e-22   504
  7.498278e-01   5.383158e-21   3.024972e-04   2.112312e-22   540
  7.507642e-01   5.457950e-21   3.247222e-04   2.838588e-22   360
  7.517735e-01   6.546771e-21   1.470509e-04   2.870678e-22   540
  7.526661e-01   5.264898e-21   1.262606e-04   1.960217e-22   576
  7.539642e-01   5.931614e-21   2.927555e-04   2.651455e-22   588
  7.551985e-01   4.685120e-21   4.039143e-04   1.595936e-22   672
  7.562588e-01   6.201470e-21   3.087151e-04   2.631229e-22   552
  7.571135e-01   5.957747e-21   3.088712e-04   4.216849e-22   144
  7.582042e-01   5.941926e-21   2.624178e-04   2.288989e-22   600
  7.592383e-01   4.650245e-21   3.288668e-04   1.800512e-22   504
  7.603860e-01   4.417473e-21   3.378126e-04   2.131576e-22   336
  7.615932e-01   5.261017e-21   3.797028e-04   2.310970e-22   600
  7.626744e-01   4.934065e-21   2.450478e-04   1.772707e-22   636
  7.638413e-01   4.508719e-21   1.970206e-04   2.057935e-22   384
  7.646595e-01   4.473409e-21   2.748205e-04   1.922853e-22   504
  7.658387e-01   3.744164e-21   1.153383e-04   1.798713e-22   240
  7.667694e-01   4.271458e-21   2.709461e-04   1.385053e-22   744
  7.678860e-01   4.736707e-21   1.850150e-04   1.664319e-22   648
  7.688783e-01   5.361736e-21   1.228185e-04   4.221376e-22   120
  7.700414e-01   4.680267e-21   1.929319e-04   1.856668e-22   564
  7.709202e-01   4.492344e-21   3.030111e-04   2.023187e-22   432
  7.720932e-01   4.368682e-21   2.351965e-04   1.729020e-22   480
  7.729764e-01   3.328351e-21   1.731106e-04   1.235979e-22   456
  7.740189e-01   4.500170e-21   2.864725e-04   1.887876e-22   444
  7.752020e-01   3.726783e-21   4.383180e-04   1.470884e-22   528
  7.762412e-01   4.769587e-21   3.255297e-04   2.878275e-22   264
  7.772498e-01   4.034610e-21   3.336195e-04   1.712717e-22   444
  7.786065e-01   4.109897e-21   3.654311e-04   1.420158e-22   696
  7.797327e-01   3.400069e-21   1.954448e-04   1.728219e-22   384
  7.805563e-01   3.495833e-21   2.469609e-04   1.365454e-22   432
  7.818373e-01   3.581533e-21   1.706384e-04   1.288165e-22   488
  7.826690e-01   3.765283e-21   2.571733e-04   1.487730e-22   480
  7.838749e-01   2.958629e-21   2.868014e-04   1.302553e-22   480
  7.848089e-01   3.680991e-21   1.203331e-04   1.873884e-22   240
  7.858692e-01   3.327343e-21   2.810886e-04   1.380420e-22   600
  7.868694e-01   2.893410e-21   2.449399e-04   1.300974e-22   288
  7.879343e-01   3.739345e-21   2.356143e-04   1.620729e-22   480
  7.890129e-01   3.994862e-21   4.191157e-04   1.744760e-22   504
  7.900748e-01   4.165216e-21   1.798267e-04   3.174571e-22   216
  7.914291e-01   2.972453e-21   2.944050e-04   1.034088e-22   504
  7.924838e-01   2.890614e-21   2.367912e-04   1.366026e-22   456
  7.936384e-01   2.862671e-21   1.358038e-04   1.408776e-22   384
  7.944031e-01   2.874939e-21   2.756326e-04   1.341762e-22   480
  7.954897e-01   2.939917e-21   2.420363e-04   1.075231e-22   504
  7.964966e-01   2.956747e-21   1.535327e-04   1.404176e-22   312
  7.975815e-01   3.910807e-21   2.474127e-04   1.966306e-22   492
  7.985417e-01   2.864944e-21   2.318919e-04   1.705713e-22   312
  7.997779e-01   3.327028e-21   3.766899e-04   1.230923e-22   576
  8.008661e-01   2.456120e-21   3.477153e-04   1.088174e-22   336
  8.017699e-01   2.643460e-21   2.677247e-04   1.491590e-22   240
  8.030228e-01   2.517408e-21   3.549351e-04   1.079034e-22   468
  8.041047e-01   2.838275e-21   2.222407e-04   2.166537e-22   192
  8.052370e-01   2.506804e-21   2.229031e-04   1.313784e-22   324
  8.060669e-01   2.382665e-21   1.617794e-04   7.888999e-23   600
  8.071978e-01   2.269419e-21   2.624704e-04   9.989463e-23   456
  8.080377e-01   2.081112e-21   1.180592e-04   8.764334e-23   336
  8.094297e-01   2.263451e-21   3.535027e-04   8.835934e-23   612
  8.104424e-01   3.123933e-21   2.966749e-04   2.508173e-22   144
  8.114002e-01   2.109495e-21   3.462957e-04   7.648450e-23   552
  8.127025e-01   2.599035e-21   1.363755e-04   1.396240e-22   264
  8.134384e-01   2.179416e-21   3.157441e-04   8.363513e-23   336
  8.145992e-01   2.480019e-21   2.086329e-04   1.269398e-22   384
  8.156059e-01   2.792363e-21   1.174397e-04   1.786853e-22   216
  8.167203e-01   2.093162e-21   2.489964e-04   9.173358e-23   344
  8.177364e-01   2.083828e-21   3.715143e-04   1.112712e-22   408
  8.189746e-01   1.870765e-21   2.854845e-04   1.040871e-22   264
  8.200718e-01   1.774170e-21   3.979796e-04   7.315680e-23   612
  8.211681e-01   2.072924e-21   2.048307e-04   1.002661e-22   408
  8.222956e-01   1.864907e-21   2.051251e-04   7.956325e-23   444
  8.231239e-01   1.650048e-21   1.147249e-04   1.388067e-22   120
  8.242338e-01   2.240221e-21   3.169640e-04   1.121035e-22   336
  8.250576e-01   1.560115e-21   1.101437e-04   8.935969e-23   288
  8.261708e-01   1.902033e-21   3.427692e-04   7.267235e-23   552
  8.277012e-01   1.318002e-21   1.835347e-08   1.137415e-22   72
  8.284882e-01   1.902892e-21   3.404572e-04   7.948807e-23   504
  8.294074e-01   1.824168e-21   1.095558e-04   1.015196e-22   216
  8.305983e-01   1.565909e-21   1.956043e-04   7.468716e-23   312
  8.316675e-01   1.837270e-21   2.227263e-04   9.560494e-23   336
  8.326865e-01   2.167684e-21   3.087236e-04   1.422576e-22   204
  8.337014e-01   1.227926e-21   3.587838e-04   4.301061e-23   504
  8.347777e-01   1.439028e-21   3.416652e-04   6.483285e-23   396
  8.358127e-01   1.521349e-21   3.133249e-04   7.699894e-23   312
  8.370674e-01   1.632164e-21   1.914750e-04   1.061847e-22   216
  8.379516e-01   1.610643e-21   1.039172e-04   1.434374e-22   168
  8.390260e-01   1.601392e-21   2.623966e-04   6.455969e-23   588
  8.402521e-01   1.584899e-21   3.561727e-04   8.392520e-23   240
  8.412047e-01   1.277249e-21   3.145601e-04   5.362015e-23   264
  8.423219e-01   1.123851e-21   3.890183e-04   5.689623e-23   288
  8.433131e-01   1.752373e-21   1.942596e-04   9.915051e-23   288
  8.445693e-01   1.185771e-21   1.824406e-04   6.594629e-23   288
  8.454153e-01   1.480513e-21   2.113423e-04   1.192409e-22   192
  8.464795e-01   1.076141e-21   2.248894e-04   4.788060e-23   264
  8.474933e-01   1.147509e-21   3.699119e-04   5.969250e-23   372
  8.485844e-01   1.289775e-21   3.995208e-04   7.291638e-23   360
  8.499161e-01   1.241718e-21   1.690810e-04   9.529427e-23   144
  8.506044e-01   1.259158e-21   2.348461e-04   8.706230e-23   296
  8.516909e-01   9.975073e-22   2.530345e-04   3.969658e-23   288
  8.529347e-01   1.169033e-21   3.781537e-04   5.826674e-23   480
  8.540076e-01   1.104475e-21   3.142096e-04   6.732006e-23   192
  8.550509e-01   1.162758e-21   3.370327e-04   8.441658e-23   192
  8.559992e-01   9.792399e-22   2.147949e-04   4.186775e-23   288
  8.573180e-01   1.477480e-21   1.869760e-04   1.251884e-22   108
  8.579823e-01   1.226987e-21   1.797545e-04   8.129178e-23   240
  8.591554e-01   1.147769e-21   3.353363e-04   5.421242e-23   384
  8.603605e-01   1.049750e-21   4.090723e-04   1.185848e-22   108
  8.614261e-01   8.886281e-22   2.398466e-04   5.745556e-23   348
  8.625466e-01   1.011554e-21   2.503134e-04   6.266875e-23   312
  8.635474e-01   7.747004e-22   2.432319e-04   6.984996e-23   96
  8.644677e-01   8.567060e-22   3.238194e-04   3.698114e-23   384
  8.654984e-01   5.479675e-22   2.227222e-04   3.122929e-23   144
  8.665066e-01   8.934392e-22   3.422225e-04   4.107753e-23   408
  8.677598e-01   1.204699e-21   1.526554e-04   1.027446e-22   144
  8.689437e-01   7.774187e-22   2.934816e-04   5.194657e-23   192
  8.696459e-01   1.120547e-21   3.303190e-04   1.301444e-22   144
  8.707904e-01   6.684314e-22   2.685615e-04   4.517131e-23   144
  8.718702e-01   7.639491e-22   3.282257e-04   4.247350e-23   336
  8.731927e-01   9.958998e-22   2.428454e-04   4.508466e-23   240
  8.740312e-01   6.424027e-22   1.102739e-04   3.850559e-23   96
  8.752007e-01   6.222110e-22   3.233803e-04   2.670281e-23   372
  8.763838e-01   1.195336e-21   3.846540e-04   9.873257e-23   132
  8.774230e-01   7.625611e-22   2.380193e-04   3.613598e-23   264
  8.783527e-01   7.765772e-22   1.827880e-04   5.764600e-23   168
  8.793449e-01   6.382730e-22   2.922429e-04   3.650164e-23   216
  8.802213e-01   1.012574e-21   1.787978e-04   6.872124e-23   216
  8.814979e-01   8.445108e-22   3.280196e-04   7.219108e-23   96
  8.826561e-01   6.294358e-22   2.140028e-04   6.059307e-23   120
  8.837183e-01   6.697772e-22   2.720578e-04   3.856432e-23   216
  8.845934e-01   6.112490e-22   1.188902e-04   2.744132e-23   200
  8.857519e-01   7.268630e-22   3.077557e-04   3.709676e-23   288
  8.872378e-01   8.003225e-22   8.097649e-05   6.731088e-23   144
  8.878635e-01   4.757231e-22   2.519939e-04   2.778914e-23   168
  8.891412e-01   7.958219e-22   2.835956e-04   7.725153e-23   159
  8.901386e-01   4.010792e-22   2.975600e-04   2.177415e-23   174
  8.911039e-01   6.569964e-22   2.698170e-04   4.921703e-23   144
  8.923678e-01   4.710496e-22   1.557998e-04   2.566593e-23   222
  8.932131e-01   4.578994e-22   1.572158e-04   2.618075e-23   168
  8.946732e-01   5.569391e-22   3.448346e-04   1.019034e-22   30
  8.952763e-01   6.525267e-22   3.044637e-04   6.140545e-23   72
  8.964123e-01   5.194157e-22   2.717302e-04   3.141773e-23   258
  8.976612e-01   5.225888e-22   1.701916e-04   3.158666e-23   264
  8.982857e-01   5.273592e-22   0.000000e+00   4.029571e-23   72
  8.995871e-01   6.793123e-22   3.373270e-04   5.038313e-23   174
  9.007654e-01   4.785884e-22   3.591909e-04   3.722774e-23   168
  9.017127e-01   4.165541e-22   1.123916e-08   3.653071e-23   48
  9.027297e-01   5.750698e-22   2.028435e-04   3.796579e-23   150
  9.039088e-01   4.296761e-22   3.731453e-04   2.976807e-23   168
  9.050911e-01   3.589676e-22   2.273028e-04   1.983495e-23   144
  9.061784e-01   4.882510e-22   2.123525e-04   4.328081e-23   102
  9.069882e-01   7.743941e-22   3.143182e-04   6.514386e-23   96
  9.082731e-01   6.098041e-22   3.119397e-04   4.718448e-23   120
  9.092246e-01   3.871917e-22   3.345635e-04   2.184709e-23   168
  9.102538e-01   2.355206e-22   2.470487e-04   1.465139e-23   126
  9.111308e-01   4.139419e-22   1.863241e-04   2.854662e-23   168
  9.123389e-01   2.707973e-22   2.987709e-04   1.994737e-23   72
  9.133947e-01   4.030786e-22   3.741278e-04   2.480376e-23   168
  9.143196e-01   3.789913e-22   1.025668e-04   2.713459e-23   78
  9.155870e-01   4.932785e-22   1.684070e-04   5.077685e-23   60
  9.166075e-01   2.721718e-22   2.731835e-04   2.774964e-23   96
  9.176659e-01   3.011006e-22   3.314854e-04   2.513637e-23   168
  9.186605e-01   5.390574e-22   2.097511e-04   4.115710e-23   86
  9.197042e-01   4.779797e-22   1.874678e-04   3.579059e-23   120
  9.212002e-01   3.509425e-22   1.336894e-04   1.942671e-23   168
  9.220069e-01   5.274243e-22   0.000000e+00   7.790419e-23   48
  9.230934e-01   2.927927e-22   2.435676e-04   2.322069e-23   120
  9.237177e-01   3.524420e-22   1.776924e-04   2.586080e-23   126
  9.252418e-01   2.350978e-22   3.125113e-04   2.309882e-23   96
  9.262310e-01   3.959298e-22   9.011285e-05   3.294504e-23   96
  9.270111e-01   4.447219e-22   0.000000e+00   5.082934e-23   72
  9.286731e-01   6.648174e-22   1.123916e-08   8.771566e-23   24
  9.297104e-01   2.248411e-22   1.854501e-04   1.268358e-23   120
  9.305196e-01   2.081787e-22   2.705147e-04   1.337783e-23   126
  9.314194e-01   3.276990e-22   2.255107e-04   2.393524e-23   96
  9.324708e-01   2.322353e-22   3.897482e-04   2.193906e-23   72
  9.336415e-01   2.311712e-22   1.685792e-04   1.735925e-23   144
  9.346046e-01   2.631003e-22   9.723254e-05   2.240770e-23   72
  9.355666e-01   1.717130e-22   1.942081e-04   1.368848e-23   54
  9.364132e-01   3.055962e-22   1.711436e-04   3.191016e-23   108
  9.381728e-01   2.158456e-22   1.677650e-04   3.279126e-23   72
  9.387206e-01   1.482081e-22   9.680617e-05   1.016658e-23   72
  9.400202e-01   3.559491e-22   1.946680e-08   5.566491e-23   24
  9.412498e-01   2.343261e-22   2.047976e-04   1.583401e-23   48
  9.419964e-01   1.602556e-22   1.560029e-04   1.298455e-23   102
  9.431203e-01   2.216038e-22   3.528137e-04   1.167022e-23   168
  9.445889e-01   2.083760e-22   1.924163e-04   1.741263e-23   72
  9.451330e-01   1.818802e-22   0.000000e+00   2.632964e-23   48
  9.462744e-01   1.660942e-22   3.309678e-04   1.305282e-23   120
  9.477807e-01   2.006973e-22   2.033864e-04   1.299629e-23   96
  9.492033e-01   2.303134e-22   2.202416e-08   2.903612e-23   30
  9.508942e-01   9.577151e-23   9.555995e-05   7.641110e-24   72
  9.516372e-01   2.330278e-22   1.123916e-08   2.712063e-23   24
  9.525916e-01   1.634909e-22   1.416435e-04   1.265589e-23   56
  9.536606e-01   1.355140e-22   2.021324e-04   8.720955e-24   96
  9.549399e-01   1.414815e-22   2.232036e-04   7.881107e-24   144
  9.559263e-01   1.182302e-22   1.267263e-04   9.523975e-24   54
  9.573592e-01   1.964753e-22   1.898493e-04   1.724843e-23   108
  9.588012e-01   1.223707e-22   1.005243e-04   1.948318e-23   48
  9.601739e-01   1.439486e-22   3.785063e-04   1.490825e-23   72
  9.634680e-01   8.678324e-23   2.500803e-04   9.001334e-24   78
  9.643808e-01   9.842974e-23   1.884669e-04   6.462147e-24   72
  9.654462e-01   1.150369e-22   1.882329e-04   8.212923e-24   72
  9.665603e-01   8.603686e-23   4.542266e-04   5.655862e-24   96
  9.674408e-01   1.201394e-22   1.878449e-04   1.325137e-23   72
  9.685029e-01   2.348862e-22   0.000000e+00   4.149678e-23   24
  9.695638e-01   1.168624e-22   3.748416e-04   1.590148e-23   72
  9.719599e-01   2.501779e-23   2.380359e-04   2.056461e-24   30
  9.724755e-01   1.722163e-22   0.000000e+00   1.634805e-23   24
  9.752466e-01   5.418494e-23   1.976584e-04   5.094422e-24   48
  9.761159e-01   7.063689e-23   4.253608e-04   3.469698e-24   120
  9.772870e-01   7.930353e-23   1.859776e-04   6.839599e-24   72
  9.784697e-01   1.395732e-22   1.857528e-04   1.932064e-23   36
  9.792826e-01   6.836631e-23   3.671339e-04   6.009109e-24   78
  9.815513e-01   6.694884e-23   1.963888e-04   1.064371e-23   48
  9.844928e-01   5.715628e-23   1.589457e-08   4.714017e-24   24
  9.865884e-01   4.952434e-23   1.367612e-04   4.239913e-24   56
  9.876436e-01   4.366015e-23   2.104496e-04   3.008643e-24   102
  9.889860e-01   4.052649e-23   1.498555e-08   3.180106e-24   72
  9.897653e-01   7.398093e-23   0.000000e+00   9.166877e-24   24
  9.911277e-01   4.893906e-23   1.944913e-04   6.263384e-24   48
  9.936528e-01   4.043886e-23   0.000000e+00   6.118937e-24   24
  9.967520e-01   2.605885e-23   0.000000e+00   9.891940e-24   6
  9.977185e-01   2.960885e-23   0.000000e+00   4.029181e-24   24
  9.983623e-01   2.645944e-23   1.820511e-04   2.099612e-24   72
  9.995384e-01   3.022623e-23   3.396336e-04   3.402162e-24   84
  1.000805e+00   9.467792e-24   0.000000e+00   9.578938e-25   24
  1.001190e+00   4.549508e-23   1.589457e-08   6.089855e-24   24
  1.003114e+00   2.495391e-23   1.123916e-08   2.340908e-24   24
  1.005800e+00   1.902223e-23   0.000000e+00   6.115101e-24   6
  1.009244e+00   1.346891e-23   1.910001e-04   1.302940e-24   48
  1.010072e+00   1.902318e-23   3.598129e-04   1.436746e-24   72
  1.011152e+00   2.224118e-23   1.906396e-04   3.348271e-24   48
  1.012867e+00   1.630225e-23   0.000000e+00   2.535515e-24   24
  1.015148e+00   5.197696e-24   1.123916e-08   1.716261e-24   6
  1.020262e+00   8.323368e-24   0.000000e+00   1.549146e-24   8
  1.020640e+00   1.012734e-23   1.123916e-08   7.526516e-25   48
  1.021546e+00   1.297354e-23   1.848806e-04   1.360688e-24   60
  1.022904e+00   1.128706e-23   0.000000e+00   1.048450e-24   24
  1.024787e+00   4.856902e-24   0.000000e+00   1.215854e-24   6
  1.031723e+00   5.337891e-24   0.000000e+00   6.977078e-25   24
  1.032283e+00   7.435482e-24   1.867372e-04   6.904160e-25   48
  1.033217e+00   4.819889e-24   0.000000e+00   6.287571e-25   24
  1.034708e+00   8.716820e-24   1.123916e-08   4.097002e-24   6
  1.043181e+00   3.821114e-24   1.742080e-04   8.206906e-25   36
  1.043797e+00   3.447080e-24   0.000000e+00   4.019165e-25   24
  1.044904e+00   3.281621e-24   0.000000e+00   1.703174e-25   6
  1.054545e+00   1.752107e-24   1.583190e-04   1.826970e-25   32
  1.055367e+00   9.944860e-25   1.123916e-08   3.180353e-25   6
  1.065728e+00   5.359426e-25   0.000000e+00   4.998410e-26   12
  1.066089e+00   7.420305e-25   0.000000e+00   1.625576e-25   6
  1.077063e+00   4.609188e-25   1.589457e-08   1.981415e-25   6
