# power spectrum of phi
# redshift z=30.000000
# k              Pk             sigma(k)       sigma(Pk)      count
  1.963495e-02   1.884199e-07   0.000000e+00   1.439861e-15   6
  2.776802e-02   1.505285e-07   0.000000e+00   0.000000e+00   12
  3.400874e-02   5.637216e-08   3.725290e-10   4.408655e-16   8
  3.926991e-02   7.607884e-09   0.000000e+00   3.673879e-17   6
  4.390509e-02   8.440745e-10   0.000000e+00   2.296174e-18   24
  4.809562e-02   9.755986e-09   7.024475e-10   4.499564e-17   24
  5.553604e-02   1.509935e-08   0.000000e+00   5.195649e-17   12
  5.890486e-02   9.713415e-09   7.947286e-10   2.682437e-11   30
  6.209118e-02   4.155295e-09   0.000000e+00   0.000000e+00   24
  6.512178e-02   6.873039e-10   1.216675e-09   0.000000e+00   24
  6.801748e-02   9.029042e-11   7.450581e-10   3.515285e-19   8
  7.079483e-02   1.369443e-09   9.934107e-10   0.000000e+00   24
  7.346727e-02   3.189347e-09   0.000000e+00   9.184697e-18   48
  7.853982e-02   4.999337e-09   0.000000e+00   2.597825e-17   6
  8.095699e-02   4.168495e-09   1.404895e-09   1.419119e-11   48
  8.330406e-02   2.929416e-09   0.000000e+00   7.836016e-12   36
  8.558678e-02   1.561743e-09   9.934107e-10   0.000000e+00   24
  8.781018e-02   6.073606e-10   0.000000e+00   0.000000e+00   24
  8.997866e-02   6.622129e-11   0.000000e+00   2.029551e-19   48
  9.209610e-02   5.197817e-11   1.404895e-09   2.029551e-19   24
  9.619124e-02   9.298123e-10   1.404895e-09   3.247281e-18   24
  9.817477e-02   1.487741e-09   0.000000e+00   1.287178e-11   30
  1.001190e-01   1.817088e-09   0.000000e+00   2.017663e-12   72
  1.020262e-01   1.895985e-09   1.490116e-09   4.427272e-13   32
  1.057375e-01   1.423681e-09   0.000000e+00   7.253774e-13   72
  1.075451e-01   1.042727e-09   0.000000e+00   1.623640e-18   48
  1.110721e-01   2.780375e-10   0.000000e+00   0.000000e+00   12
  1.127942e-01   8.291731e-11   0.000000e+00   1.118199e-12   48
  1.144905e-01   2.186575e-12   0.000000e+00   2.598332e-13   48
  1.161620e-01   3.292450e-11   1.404895e-09   7.175545e-20   48
  1.178097e-01   1.616721e-10   1.589457e-09   1.413238e-11   30
  1.194348e-01   2.009626e-10   1.404895e-09   0.000000e+00   24
  1.210380e-01   5.316082e-10   2.961779e-09   2.791580e-13   72
  1.241824e-01   9.538392e-10   0.000000e+00   2.296174e-18   24
  1.257251e-01   9.385758e-10   0.000000e+00   7.148495e-12   96
  1.272490e-01   8.266711e-10   0.000000e+00   1.623640e-18   48
  1.287550e-01   6.835224e-10   2.433349e-09   0.000000e+00   24
  1.302436e-01   6.497615e-10   2.433349e-09   0.000000e+00   24
  1.317153e-01   4.222876e-10   0.000000e+00   8.946750e-13   72
  1.331707e-01   2.666912e-10   0.000000e+00   5.740436e-19   48
  1.360350e-01   4.614336e-11   1.490116e-09   2.485682e-19   8
  1.374447e-01   2.684914e-11   1.766064e-09   8.616702e-12   54
  1.388401e-01   3.402959e-11   0.000000e+00   5.075232e-12   84
  1.402216e-01   6.695370e-11   0.000000e+00   3.998694e-12   48
  1.415897e-01   1.059357e-10   1.986821e-09   2.870218e-19   24
  1.429446e-01   1.720344e-10   1.873193e-09   3.616148e-13   72
  1.442869e-01   2.535161e-10   0.000000e+00   1.761669e-12   96
  1.469345e-01   3.650276e-10   0.000000e+00   5.740436e-19   48
  1.482407e-01   4.174902e-10   0.000000e+00   1.100568e-12   48
  1.495354e-01   4.528160e-10   1.986821e-09   0.000000e+00   24
  1.508189e-01   4.345472e-10   0.000000e+00   7.983839e-13   72
  1.533539e-01   2.977530e-10   1.873193e-09   1.947274e-12   72
  1.546058e-01   2.602922e-10   0.000000e+00   1.778928e-12   96
  1.570796e-01   2.826857e-10   0.000000e+00   1.623640e-18   6
  1.583021e-01   6.910761e-11   0.000000e+00   1.585016e-12   96
  1.595151e-01   2.324011e-11   1.986821e-09   1.763978e-13   96
  1.607190e-01   6.460992e-12   0.000000e+00   1.793886e-20   24
  1.619140e-01   3.945650e-12   2.809790e-09   2.762002e-13   48
  1.631002e-01   1.758502e-11   0.000000e+00   5.613502e-13   96
  1.642778e-01   2.811704e-11   0.000000e+00   5.073876e-20   48
  1.666081e-01   9.663364e-11   0.000000e+00   1.625933e-12   36
  1.677611e-01   1.302875e-10   3.441276e-09   7.522018e-13   48
  1.689063e-01   1.742842e-10   3.893359e-09   9.192023e-13   120
  1.700437e-01   2.024325e-10   0.000000e+00   6.408474e-14   56
  1.711736e-01   2.036178e-10   1.986821e-09   0.000000e+00   24
  1.722960e-01   2.086219e-10   0.000000e+00   3.070365e-13   96
  1.734112e-01   2.177800e-10   0.000000e+00   0.000000e+00   48
  1.756204e-01   1.977877e-10   0.000000e+00   0.000000e+00   24
  1.767146e-01   1.654738e-10   0.000000e+00   1.714390e-12   102
  1.778021e-01   1.634765e-10   0.000000e+00   4.446050e-12   48
  1.788829e-01   1.153099e-10   0.000000e+00   3.161550e-12   72
  1.799573e-01   7.537195e-11   0.000000e+00   0.000000e+00   48
  1.810253e-01   5.258661e-11   0.000000e+00   8.912775e-14   48
  1.820871e-01   2.868368e-11   4.495664e-09   3.044673e-13   120
  1.841922e-01   2.038491e-12   2.809790e-09   0.000000e+00   24
  1.852358e-01   1.361733e-13   2.649095e-09   5.331651e-15   144
  1.862735e-01   6.928799e-12   3.178914e-09   2.157842e-13   120
  1.873055e-01   1.816142e-11   2.809790e-09   5.073876e-20   48
  1.893526e-01   4.794067e-11   2.809790e-09   0.000000e+00   48
  1.903679e-01   5.486903e-11   2.809790e-09   3.681513e-13   96
  1.930487e-01   9.866476e-11   4.711199e-04   3.813197e-13   72
  1.943761e-01   1.056220e-10   3.532127e-09   1.314905e-12   108
  1.953653e-01   1.085433e-10   0.000000e+00   1.127566e-12   72
  1.963495e-01   1.377539e-10   0.000000e+00   4.012678e-13   30
  1.973288e-01   1.124418e-10   0.000000e+00   1.569361e-12   168
  1.983033e-01   1.211548e-10   0.000000e+00   3.360999e-12   48
  2.002380e-01   1.022876e-10   0.000000e+00   1.714599e-12   72
  2.011984e-01   8.849218e-11   0.000000e+00   1.021106e-12   96
  2.021542e-01   5.105110e-11   5.298191e-09   1.683895e-13   72
  2.031055e-01   3.511366e-11   0.000000e+00   1.740010e-13   72
  2.047049e-01   2.844655e-11   4.350048e-04   8.285905e-13   104
  2.059331e-01   9.292181e-12   3.746387e-09   2.540952e-13   144
  2.087224e-01   9.130266e-14   6.282881e-09   3.274844e-15   96
  2.096439e-01   2.308822e-12   0.000000e+00   1.525551e-13   96
  2.111095e-01   9.524718e-12   4.475232e-04   1.933008e-13   120
  2.123845e-01   1.634156e-11   0.000000e+00   1.582012e-13   120
  2.132902e-01   2.725542e-11   0.000000e+00   4.602500e-13   72
  2.150901e-01   3.652197e-11   0.000000e+00   0.000000e+00   48
  2.159845e-01   5.380339e-11   4.235416e-09   4.324513e-13   78
  2.171286e-01   5.769177e-11   4.007142e-04   6.448724e-13   168
  2.195255e-01   6.309630e-11   3.746387e-09   1.051433e-12   144
  2.204018e-01   6.875828e-11   3.746387e-09   1.393434e-12   144
  2.229436e-01   4.428272e-11   2.307791e-04   1.147179e-12   156
  2.238729e-01   6.820290e-11   4.866699e-09   2.447442e-12   48
  2.247323e-01   5.631013e-11   3.178914e-09   8.189317e-13   120
  2.255884e-01   2.385266e-11   0.000000e+00   3.069417e-13   48
  2.271022e-01   2.301700e-11   3.532495e-04   4.021753e-13   216
  2.289809e-01   4.752950e-12   0.000000e+00   3.520001e-14   48
  2.298212e-01   3.501389e-12   2.809790e-09   2.013948e-13   96
  2.310160e-01   9.771708e-13   4.128272e-04   5.092527e-14   168
  2.323239e-01   7.905888e-13   2.809790e-09   0.000000e+00   48
  2.331522e-01   1.637650e-12   0.000000e+00   3.907296e-16   96
  2.339775e-01   1.707272e-12   0.000000e+00   0.000000e+00   48
  2.356194e-01   1.229021e-11   3.178914e-09   9.745602e-13   30
  2.364362e-01   1.398956e-11   2.809790e-09   1.922508e-13   96
  2.374123e-01   1.578974e-11   3.244455e-04   3.298379e-13   240
  2.386674e-01   4.503132e-11   3.500299e-04   3.341996e-12   32
  2.396752e-01   3.302724e-11   0.000000e+00   9.012003e-13   168
  2.404781e-01   2.901702e-11   0.000000e+00   1.741967e-13   120
  2.420760e-01   3.752178e-11   5.923557e-09   6.440975e-13   72
  2.428710e-01   3.843085e-11   3.746387e-09   7.397308e-13   144
  2.436634e-01   3.761329e-11   0.000000e+00   1.165522e-12   96
  2.444532e-01   2.468262e-11   0.000000e+00   6.494735e-14   96
  2.460253e-01   3.319445e-11   4.588368e-09   7.557433e-13   72
  2.468075e-01   2.294817e-11   3.973643e-09   3.120406e-13   96
  2.483647e-01   3.042150e-11   0.000000e+00   0.000000e+00   24
  2.491396e-01   1.641947e-11   0.000000e+00   4.110527e-13   192
  2.500522e-01   1.101585e-11   2.970416e-04   3.883583e-13   132
  2.514501e-01   9.491426e-12   0.000000e+00   2.380515e-13   96
  2.522156e-01   6.039617e-12   0.000000e+00   2.203135e-13   96
  2.529787e-01   1.567161e-12   3.178914e-09   2.238619e-14   120
  2.544981e-01   3.003188e-12   0.000000e+00   1.098526e-20   48
  2.557435e-01   8.563095e-12   3.599905e-04   1.499565e-12   222
  2.567603e-01   3.134107e-12   0.000000e+00   4.060940e-13   120
  2.575100e-01   3.073097e-13   4.866699e-09   5.605894e-22   24
  2.586015e-01   2.933955e-12   3.715625e-04   5.487685e-14   312
  2.609797e-01   8.663040e-12   3.483547e-04   2.873389e-13   72
  2.619630e-01   1.196715e-11   2.809790e-09   1.634682e-13   96
  2.629726e-01   1.516064e-11   3.547511e-04   2.160436e-13   192
  2.641613e-01   1.693598e-11   4.495664e-09   1.941857e-13   120
  2.648900e-01   1.990443e-11   0.000000e+00   4.656326e-13   144
  2.663415e-01   2.015894e-11   0.000000e+00   0.000000e+00   48
  2.673732e-01   1.817150e-11   3.567146e-04   3.028168e-13   336
  2.685040e-01   1.996792e-11   0.000000e+00   3.330987e-13   48
  2.699360e-01   1.253970e-11   0.000000e+00   2.656029e-13   192
  2.706492e-01   8.752536e-12   0.000000e+00   2.536938e-20   48
  2.726764e-01   8.252110e-12   2.476067e-04   2.763734e-13   56
  2.736844e-01   6.315298e-12   3.180112e-04   8.963225e-14   336
  2.748894e-01   1.545710e-11   3.532127e-09   5.800080e-12   54
  2.759390e-01   5.547237e-12   3.492904e-04   7.198212e-13   240
  2.781181e-01   3.140317e-13   3.344484e-04   1.313070e-14   228
  2.790651e-01   3.240359e-14   3.746387e-09   1.498753e-15   72
  2.799844e-01   4.254895e-13   3.244231e-04   5.283414e-14   144
  2.811298e-01   5.511014e-13   0.000000e+00   6.257777e-14   96
  2.818146e-01   1.525020e-12   4.495664e-09   6.684187e-14   240
  2.831793e-01   8.769293e-13   3.973643e-09   3.171173e-21   24
  2.840530e-01   3.918231e-12   3.064151e-04   9.582841e-14   336
  2.852142e-01   4.897369e-12   0.000000e+00   2.798425e-13   72
  2.862741e-01   5.995195e-12   3.332831e-04   1.542254e-13   168
  2.872346e-01   8.378959e-12   0.000000e+00   3.352113e-13   72
  2.885737e-01   8.468254e-12   0.000000e+00   3.152220e-13   96
  2.896108e-01   7.915462e-12   3.307829e-04   1.620627e-13   216
  2.905708e-01   1.003356e-11   3.973643e-09   2.828677e-13   96
  2.918946e-01   8.805518e-12   0.000000e+00   6.902490e-14   192
  2.925542e-01   1.046797e-11   3.746387e-09   1.522326e-13   144
  2.938691e-01   5.096594e-12   0.000000e+00   8.969431e-21   48
  2.947794e-01   5.703601e-12   3.189136e-04   1.278932e-13   246
  2.960164e-01   6.006618e-12   2.940434e-04   2.897687e-13   168
  2.971308e-01   3.487815e-12   5.506041e-09   3.155271e-13   120
  2.977788e-01   3.792771e-12   0.000000e+00   1.881792e-13   240
  2.990707e-01   8.660848e-14   3.973643e-09   0.000000e+00   24
  3.001001e-01   1.039591e-12   3.147475e-04   3.860171e-14   360
  3.013820e-01   6.652320e-13   3.134082e-04   7.812866e-14   120
  3.022763e-01   1.030318e-13   0.000000e+00   1.067293e-14   144
  3.029133e-01   1.049806e-13   0.000000e+00   9.128038e-15   96
  3.048165e-01   1.048223e-12   0.000000e+00   9.634705e-14   144
  3.054482e-01   3.436113e-13   0.000000e+00   3.104347e-14   132
  3.063360e-01   1.253439e-12   3.093292e-04   9.099798e-14   176
  3.076248e-01   2.492988e-12   3.123602e-04   9.671667e-14   312
  3.092116e-01   4.014203e-12   0.000000e+00   5.663579e-14   96
  3.098343e-01   3.852838e-12   0.000000e+00   1.887190e-13   144
  3.107899e-01   2.242634e-12   3.092271e-04   7.704806e-14   312
  3.123131e-01   4.361220e-12   0.000000e+00   0.000000e+00   48
  3.129297e-01   3.938613e-12   3.973643e-09   2.069176e-13   192
  3.141593e-01   4.241428e-12   0.000000e+00   0.000000e+00   6
  3.149762e-01   4.427492e-12   2.884066e-04   1.059524e-13   288
  3.162994e-01   4.043704e-12   3.047203e-04   2.142834e-13   192
  3.172124e-01   7.153260e-12   9.345130e-09   2.876294e-13   216
  3.178195e-01   2.316737e-12   0.000000e+00   9.423313e-14   72
  3.193321e-01   6.478818e-12   3.018264e-04   3.400332e-13   192
  3.203366e-01   1.957475e-12   2.241224e-04   1.687657e-13   288
  3.214381e-01   4.618010e-12   0.000000e+00   0.000000e+00   24
  3.222890e-01   1.596088e-12   2.952626e-04   7.758582e-14   456
  3.238280e-01   2.672644e-12   5.619580e-09   1.717699e-13   48
  3.247789e-01   1.065465e-12   2.908218e-04   8.585730e-14   240
  3.258718e-01   7.076482e-13   2.939082e-04   3.189444e-14   216
  3.267908e-01   1.120181e-12   0.000000e+00   4.161586e-14   72
  3.273801e-01   5.254774e-13   1.015467e-08   4.119573e-14   168
  3.290441e-01   3.221268e-13   2.184577e-04   2.671993e-14   288
  3.299773e-01   1.610632e-12   2.890570e-04   9.957575e-14   168
  3.314762e-01   4.062975e-13   0.000000e+00   2.722140e-14   192
  3.320572e-01   1.613963e-12   3.746387e-09   9.370234e-14   144
  3.332162e-01   1.810560e-13   0.000000e+00   1.459236e-14   36
  3.341991e-01   2.717459e-12   2.639705e-04   1.159664e-13   342
  3.351389e-01   2.409965e-12   2.710657e-04   1.561732e-13   144
  3.363470e-01   2.769741e-12   2.842800e-04   1.305406e-13   384
  3.378125e-01   1.117075e-12   7.786718e-09   3.223500e-14   120
  3.385379e-01   2.457286e-12   2.534951e-04   2.058789e-13   264
  3.395201e-01   4.521685e-12   1.256576e-08   1.676965e-13   192
  3.404451e-01   1.212573e-12   2.731894e-04   4.051396e-14   152
  3.412191e-01   3.924480e-12   7.492773e-09   2.824422e-13   144
  3.428472e-01   1.600608e-12   1.768108e-04   9.945399e-14   216
  3.436008e-01   1.927994e-12   2.362665e-04   9.899209e-14   312
  3.449274e-01   9.081381e-13   2.738281e-04   8.045997e-14   240
  3.457090e-01   1.755759e-12   3.973643e-09   3.830094e-14   96
  3.471927e-01   3.572785e-13   2.617995e-04   4.429396e-14   144
  3.481071e-01   1.078183e-12   2.573258e-04   7.452922e-14   456
  3.495904e-01   9.727085e-14   0.000000e+00   5.548840e-15   120
  3.501414e-01   8.575288e-13   0.000000e+00   9.971830e-14   144
  3.512407e-01   2.352298e-13   0.000000e+00   0.000000e+00   24
  3.519456e-01   4.528670e-13   2.473498e-04   2.549296e-14   336
  3.531645e-01   9.911845e-13   2.727931e-04   3.965133e-14   198
  3.543067e-01   4.074497e-13   2.652756e-04   4.079866e-14   432
  3.556041e-01   3.379277e-12   0.000000e+00   3.731179e-13   48
  3.562810e-01   7.011359e-13   2.341925e-04   2.729387e-14   384
  3.574963e-01   4.020673e-13   2.696052e-04   1.682106e-14   144
  3.585975e-01   1.331536e-12   2.676825e-04   7.437167e-14   264
  3.599147e-01   2.959514e-12   0.000000e+00   0.000000e+00   48
  3.607984e-01   1.636361e-12   2.545223e-04   6.778577e-14   276
  3.616510e-01   1.731421e-12   2.307176e-04   9.291818e-14   192
  3.627906e-01   1.593679e-12   2.592759e-04   8.574464e-14   552
  3.641741e-01   2.378646e-12   8.991328e-09   2.472615e-13   120
  3.649965e-01   1.026801e-12   2.624511e-04   4.091657e-14   216
  3.657587e-01   1.000903e-12   4.495664e-09   2.010261e-14   120
  3.671201e-01   1.459485e-12   2.584500e-04   8.640010e-14   408
  3.683844e-01   3.253683e-13   5.619580e-09   0.000000e+00   24
  3.691684e-01   7.148453e-13   2.610810e-04   3.770218e-14   384
  3.702633e-01   5.302486e-13   2.550855e-04   3.102904e-14   240
  3.712141e-01   7.903418e-13   2.569535e-04   6.151309e-14   168
  3.725471e-01   5.049457e-13   6.357829e-09   7.832940e-14   120
  3.734064e-01   2.319899e-12   2.678605e-04   2.954125e-13   350
  3.748037e-01   3.958966e-13   4.409502e-04   1.432114e-14   384
  3.756388e-01   2.674741e-13   0.000000e+00   2.661859e-14   144
  3.771752e-01   2.331095e-13   1.059638e-08   2.341848e-14   288
  3.779773e-01   3.132984e-13   2.524053e-04   2.265578e-14   336
  3.790686e-01   8.650434e-14   2.297941e-04   6.716574e-15   168
  3.797219e-01   1.726949e-13   4.541306e-09   7.339064e-15   336
  3.810732e-01   5.714861e-13   2.385126e-04   2.822074e-14   288
  3.818848e-01   6.772852e-13   2.247398e-04   2.489384e-14   264
  3.832590e-01   7.125603e-13   0.000000e+00   3.256579e-14   240
  3.837616e-01   2.339988e-13   7.947286e-09   1.042869e-14   96
  3.855656e-01   7.225341e-13   3.056310e-04   5.123034e-14   360
  3.864075e-01   9.756174e-13   2.253025e-04   4.354327e-14   168
  3.874713e-01   8.260329e-13   2.456032e-04   3.563368e-14   456
  3.887523e-01   1.699098e-12   7.064254e-09   7.262595e-14   108
  3.894728e-01   4.840073e-13   2.464311e-04   4.524338e-14   264
  3.903716e-01   6.538782e-13   2.198567e-04   5.086849e-14   264
  3.916025e-01   8.287686e-13   2.074668e-04   4.485641e-14   312
  3.931351e-01   5.191513e-12   1.541705e-04   9.863360e-13   270
  3.937775e-01   5.173111e-13   1.957388e-04   4.556668e-14   240
  3.949323e-01   1.011760e-12   2.421536e-04   4.642463e-14   384
  3.956334e-01   2.302482e-13   0.000000e+00   8.470838e-15   192
  3.969952e-01   5.417978e-13   1.942960e-04   3.772938e-14   240
  3.977852e-01   4.001678e-13   2.397927e-04   1.801035e-14   336
  3.992708e-01   2.467472e-13   2.413972e-04   1.828093e-14   480
  4.004761e-01   7.113056e-13   0.000000e+00   2.275333e-14   72
  4.011493e-01   3.745692e-13   2.353842e-04   3.138989e-14   240
  4.020650e-01   1.195841e-13   2.212289e-04   5.762731e-15   312
  4.031147e-01   2.244389e-13   2.390954e-04   1.191629e-14   240
  4.047009e-01   1.906938e-13   1.816506e-04   8.201972e-15   408
  4.053288e-01   3.108571e-13   1.663482e-04   1.576041e-14   336
  4.065560e-01   3.632932e-13   2.112212e-04   2.293869e-14   264
  4.071591e-01   2.196579e-13   0.000000e+00   1.962259e-14   144
  4.088370e-01   5.012723e-13   2.927651e-04   2.613853e-14   464
  4.097211e-01   5.599089e-13   2.328083e-04   3.199847e-14   168
  4.105939e-01   2.866651e-13   2.120376e-04   1.216043e-14   336
  4.121713e-01   4.368354e-13   2.227870e-04   8.358305e-14   414
  4.130606e-01   1.643303e-12   2.319080e-04   1.214745e-13   216
  4.141998e-01   8.933469e-13   5.619580e-09   1.166447e-13   96
  4.146649e-01   5.294476e-13   1.685874e-08   3.926224e-14   384
  4.162944e-01   6.025242e-13   2.314600e-04   3.897244e-14   492
  4.171676e-01   1.298437e-12   2.263480e-04   8.636259e-14   240
  4.181546e-01   5.030753e-13   2.298225e-04   2.825999e-14   312
  4.195176e-01   4.879960e-13   2.297469e-04   4.770442e-14   192
  4.203810e-01   6.315188e-13   2.226525e-04   4.020652e-14   504
  4.215265e-01   6.868924e-13   1.473998e-04   4.646271e-14   408
  4.224284e-01   2.583134e-13   4.515774e-04   1.609717e-14   168
  4.235571e-01   4.728209e-13   2.145032e-04   5.480942e-14   288
  4.245041e-01   3.376434e-13   2.238525e-04   2.136390e-14   288
  4.254743e-01   2.149303e-13   2.251410e-04   1.762005e-14   432
  4.268815e-01   4.752206e-13   2.129084e-04   2.898181e-14   216
  4.276334e-01   2.369797e-13   2.124592e-04   1.258273e-14   360
  4.289721e-01   2.511917e-13   2.073582e-04   1.163522e-14   312
  4.301803e-01   6.748277e-13   0.000000e+00   0.000000e+00   48
  4.308767e-01   5.116735e-13   2.223178e-04   4.196530e-14   432
  4.321240e-01   3.925451e-13   3.708284e-04   2.558819e-14   414
  4.328606e-01   1.462092e-13   1.956255e-08   1.383337e-14   312
  4.342347e-01   4.361662e-13   3.253813e-04   1.821238e-14   528
  4.351620e-01   2.017816e-13   1.707976e-04   1.129393e-14   264
  4.362761e-01   3.918483e-13   2.025191e-04   2.499641e-14   480
  4.377318e-01   4.829595e-13   0.000000e+00   3.816404e-14   288
  4.383604e-01   1.832825e-13   2.176005e-04   9.176767e-15   168
  4.395105e-01   1.269793e-12   3.444610e-04   9.036860e-14   504
  4.408036e-01   1.810707e-12   7.492773e-09   1.840641e-13   144
  4.416171e-01   4.043249e-13   2.212265e-04   4.238135e-14   464
  4.428396e-01   6.189083e-13   3.246624e-04   4.954072e-14   432
  4.434197e-01   9.945396e-13   5.619580e-09   8.490956e-14   192
  4.449189e-01   7.649342e-13   2.406833e-04   5.681846e-14   396
  4.458042e-01   1.107390e-12   2.162000e-04   1.270382e-13   288
  4.466990e-01   9.872871e-13   2.135686e-04   5.940190e-14   336
  4.481283e-01   3.404990e-13   1.352359e-04   2.386718e-14   432
  4.490354e-01   4.437251e-13   3.505126e-04   2.170835e-14   360
  4.500539e-01   6.330011e-13   2.073334e-04   4.950331e-14   384
  4.515004e-01   4.655154e-13   1.830116e-04   9.489890e-14   198
  4.521974e-01   3.610845e-13   2.080246e-04   2.248625e-14   552
  4.534970e-01   7.216807e-13   2.912202e-04   3.635688e-14   432
  4.545821e-01   3.085043e-13   0.000000e+00   2.679812e-14   168
  4.554927e-01   5.035410e-13   3.610065e-04   1.065552e-14   480
  4.566974e-01   7.744446e-14   0.000000e+00   7.628295e-15   120
  4.572396e-01   7.946526e-13   2.948545e-04   4.278518e-14   336
  4.585628e-01   7.214834e-13   2.080152e-04   2.675725e-14   672
  4.598711e-01   6.493998e-13   3.025866e-04   3.959194e-14   528
  4.604805e-01   3.983922e-13   9.082613e-09   2.032013e-14   168
  4.618883e-01   9.708685e-13   3.375333e-04   7.130490e-14   456
  4.627474e-01   1.396814e-12   2.061344e-04   8.831266e-14   168
  4.636392e-01   6.930124e-13   2.057643e-04   4.520858e-14   504
  4.651216e-01   4.485888e-13   2.647872e-04   3.232849e-14   336
  4.660180e-01   1.022684e-12   1.908802e-04   1.029609e-13   312
  4.670124e-01   3.934978e-13   1.865029e-04   3.150442e-14   504
  4.683210e-01   3.423697e-13   1.294009e-04   2.317374e-14   432
  4.689362e-01   7.657616e-13   1.999672e-04   5.741037e-14   312
  4.702151e-01   3.901520e-13   2.049761e-04   3.947060e-14   384
  4.715504e-01   2.941284e-13   1.741510e-04   3.236612e-14   126
  4.723748e-01   4.947915e-13   3.057676e-04   2.757644e-14   492
  4.734278e-01   2.580054e-13   1.958445e-04   1.177468e-14   528
  4.747438e-01   5.781143e-13   1.989360e-04   3.391996e-14   480
  4.755596e-01   3.438397e-13   2.748289e-04   1.065839e-14   432
  4.767402e-01   4.563767e-13   2.161166e-04   3.062531e-14   440
  4.781114e-01   2.807446e-13   1.074739e-04   2.003170e-14   312
  4.786259e-01   9.870839e-13   1.610586e-04   8.042737e-14   480
  4.796813e-01   4.119621e-13   3.153497e-04   2.450067e-14   408
  4.812233e-01   7.473897e-13   1.888588e-04   4.745108e-14   360
  4.818747e-01   4.804518e-13   1.822418e-04   2.283910e-14   408
  4.830820e-01   2.648117e-13   1.854542e-04   1.087526e-14   456
  4.844414e-01   3.198739e-13   1.772485e-04   2.070301e-14   264
  4.851959e-01   6.138009e-13   1.923591e-04   2.585205e-14   384
  4.862943e-01   5.356484e-13   3.238501e-04   3.468652e-14   672
  4.875640e-01   8.858517e-13   1.937042e-04   5.974195e-14   240
  4.882967e-01   2.309256e-13   1.965613e-04   9.391374e-15   264
  4.893308e-01   5.844114e-13   2.424259e-04   4.123617e-14   624
  4.908739e-01   9.545335e-13   0.000000e+00   4.564164e-14   150
  4.914232e-01   6.704398e-13   2.716574e-04   2.408655e-14   600
  4.925819e-01   4.490668e-13   1.874909e-04   2.446802e-14   672
  4.938939e-01   5.200405e-13   1.763484e-04   4.066284e-14   336
  4.946248e-01   7.324799e-13   1.918157e-04   3.504275e-14   408
  4.957926e-01   3.616305e-13   1.913639e-04   2.003247e-14   408
  4.970915e-01   1.597345e-13   9.676385e-05   4.966964e-15   360
  4.978921e-01   1.821625e-13   3.552857e-04   6.561895e-15   456
  4.988592e-01   5.111873e-13   1.932065e-04   2.314941e-14   384
  5.000902e-01   4.133449e-13   1.783541e-04   1.930615e-14   348
  5.007554e-01   5.010460e-13   2.198754e-04   2.483674e-14   576
  5.020050e-01   5.788485e-13   1.810385e-04   3.132836e-14   504
  5.032833e-01   3.433108e-13   2.553443e-04   2.482994e-14   432
  5.043991e-01   5.229345e-13   3.473946e-04   2.759464e-14   576
  5.051948e-01   7.332923e-13   0.000000e+00   7.068191e-14   264
  5.064571e-01   5.646769e-13   2.764393e-04   2.475726e-14   768
  5.075549e-01   5.469125e-13   3.721752e-04   1.579504e-14   240
  5.084277e-01   2.316485e-13   3.282233e-04   1.277962e-14   192
  5.096990e-01   2.738086e-13   2.416124e-04   1.039727e-14   504
  5.106418e-01   2.016763e-12   3.255818e-04   2.822484e-13   590
  5.115460e-01   7.329665e-13   3.647966e-04   4.389967e-14   384
  5.126798e-01   6.402238e-13   3.048625e-04   3.885548e-14   504
  5.140486e-01   5.025847e-13   2.933830e-04   2.069685e-14   648
  5.153764e-01   1.501137e-13   7.967896e-05   6.909410e-15   504
  5.159117e-01   3.202271e-13   1.817627e-04   1.618620e-14   312
  5.168569e-01   3.876525e-13   2.618753e-04   1.779206e-14   576
  5.181545e-01   3.789757e-13   1.822405e-04   2.477638e-14   240
  5.189109e-01   2.542557e-13   1.841453e-04   8.943045e-15   552
  5.199816e-01   3.104351e-13   1.729082e-04   1.850819e-14   600
  5.215067e-01   2.672707e-13   2.111937e-04   9.095876e-15   600
  5.224237e-01   1.311157e-13   3.382099e-04   9.109337e-15   312
  5.233368e-01   1.717759e-13   2.945474e-04   1.446519e-14   480
  5.244775e-01   4.584037e-13   1.837693e-04   3.838167e-14   576
  5.254818e-01   2.246296e-13   2.959085e-04   1.897220e-14   408
  5.263729e-01   6.851983e-13   3.451909e-04   3.648444e-14   216
  5.275243e-01   1.580718e-13   2.643774e-04   8.815876e-15   516
  5.287578e-01   5.634975e-13   2.522429e-04   2.698758e-14   744
  5.300304e-01   8.519254e-13   1.684760e-04   2.627772e-13   462
  5.307494e-01   7.901036e-13   1.712315e-04   1.180792e-13   432
  5.318647e-01   3.906515e-13   1.588547e-04   1.742534e-14   648
  5.331761e-01   3.643285e-13   2.324340e-04   1.099224e-14   528
  5.342295e-01   2.417224e-13   2.799086e-04   1.024613e-14   600
  5.352820e-01   2.882139e-13   3.528915e-04   1.656645e-14   240
  5.363014e-01   3.353106e-13   2.703115e-04   1.834589e-14   720
  5.374863e-01   3.763398e-13   2.138653e-04   1.404829e-14   720
  5.387997e-01   2.012239e-13   0.000000e+00   1.482278e-14   144
  5.394909e-01   5.132229e-13   2.757364e-04   2.312778e-14   720
  5.404742e-01   2.861539e-13   1.653370e-04   1.652016e-14   384
  5.417051e-01   3.609577e-13   1.832848e-04   2.648037e-14   672
  5.428730e-01   3.461636e-13   3.209115e-04   1.681960e-14   336
  5.434308e-01   3.547492e-13   0.000000e+00   1.824594e-14   288
  5.447967e-01   3.465751e-13   2.539800e-04   2.403054e-14   776
  5.460612e-01   3.552026e-13   2.173184e-04   1.775071e-14   720
  5.471231e-01   1.914231e-13   1.750659e-04   9.993824e-15   432
  5.479725e-01   2.934871e-13   2.495786e-04   1.441986e-14   504
  5.489174e-01   4.294237e-13   1.748652e-04   2.810389e-14   528
  5.502396e-01   4.228596e-13   2.382437e-04   1.631096e-14   438
  5.513273e-01   3.317597e-13   2.772938e-04   1.362736e-14   624
  5.521470e-01   4.198152e-13   3.396475e-04   3.473123e-14   312
  5.532738e-01   3.613729e-13   1.829935e-04   1.322769e-14   696
  5.544390e-01   2.386888e-13   1.655760e-04   1.979865e-14   552
  5.556509e-01   2.561364e-13   1.281006e-04   1.698541e-14   516
  5.564006e-01   5.109571e-13   2.558713e-04   1.704369e-14   528
  5.573133e-01   2.292287e-13   1.664001e-04   1.559611e-14   528
  5.586097e-01   2.739780e-13   2.194479e-04   1.181817e-14   864
  5.594897e-01   3.125173e-13   3.005985e-04   1.772325e-14   408
  5.603706e-01   1.853054e-13   2.978186e-04   1.617597e-14   192
  5.616191e-01   5.132790e-13   2.464592e-04   2.022683e-14   720
  5.626731e-01   3.384987e-13   2.272475e-04   1.224843e-14   696
  5.639255e-01   4.498093e-13   2.454294e-04   1.761383e-14   720
  5.650713e-01   5.487280e-13   3.326501e-04   3.358210e-14   432
  5.657395e-01   1.295874e-13   1.958109e-04   1.207539e-14   264
  5.669418e-01   5.040763e-13   2.704061e-04   2.242370e-14   672
  5.680171e-01   2.785946e-13   2.768544e-04   2.126500e-14   600
  5.692933e-01   1.249018e-13   1.620980e-04   1.042905e-14   270
  5.699366e-01   1.527187e-13   2.440026e-04   6.728629e-15   528
  5.709591e-01   4.624552e-13   1.670843e-04   2.034885e-14   840
  5.723613e-01   4.209545e-13   3.194952e-04   2.025078e-14   888
  5.736568e-01   4.758902e-13   2.380474e-04   2.066002e-14   744
  5.747517e-01   1.197381e-13   1.223216e-04   5.359335e-15   456
  5.752963e-01   5.939432e-13   1.671601e-04   2.734572e-14   360
  5.762282e-01   2.777315e-13   1.448348e-04   1.782089e-14   384
  5.776580e-01   4.320992e-13   2.323137e-04   1.526174e-14   816
  5.787308e-01   6.468114e-13   3.370546e-04   3.669087e-14   824
  5.800348e-01   4.885280e-13   1.566791e-04   2.704412e-14   360
  5.807331e-01   5.309850e-13   2.311994e-04   3.382293e-14   624
  5.816941e-01   2.018640e-13   1.562320e-04   1.038329e-14   360
  5.829744e-01   4.189242e-13   2.125215e-04   2.544732e-14   876
  5.841306e-01   4.557530e-13   2.524119e-04   2.004126e-14   696
  5.852967e-01   1.276967e-13   1.629911e-04   7.295378e-15   336
  5.859080e-01   8.034316e-13   1.628079e-04   3.307885e-14   504
  5.869176e-01   2.725382e-13   1.642187e-04   9.946726e-15   672
  5.884155e-01   3.155693e-13   3.269213e-04   1.224826e-14   720
  5.894543e-01   8.367300e-13   2.469541e-04   5.553021e-14   774
  5.906010e-01   4.085260e-13   1.413501e-04   2.585547e-14   384
  5.912015e-01   2.214314e-13   2.720183e-04   1.004314e-14   528
  5.921335e-01   2.032483e-13   2.592486e-04   8.588263e-15   744
  5.936327e-01   3.541450e-13   2.138251e-04   1.742053e-14   768
  5.946281e-01   2.603968e-13   2.400348e-04   1.273297e-14   552
  5.958700e-01   3.944919e-13   2.616108e-04   1.939303e-14   696
  5.967938e-01   3.313873e-13   3.179026e-04   2.060728e-14   408
  5.975272e-01   4.510052e-13   1.373364e-04   3.704202e-14   504
  5.986899e-01   3.734064e-13   2.467198e-04   1.550505e-14   888
  5.998339e-01   2.021132e-13   2.564132e-04   1.173694e-14   648
  6.010230e-01   7.703700e-13   2.542153e-04   3.079522e-14   648
  6.021418e-01   3.180668e-13   2.741064e-04   1.910435e-14   792
  6.033268e-01   3.901977e-13   4.010364e-04   1.810285e-14   600
  6.042000e-01   5.094787e-13   2.717856e-04   2.131307e-14   456
  6.051191e-01   5.617093e-13   1.324567e-04   2.851551e-14   648
  6.062996e-01   4.584664e-13   2.583099e-04   1.672781e-14   936
  6.075741e-01   3.570915e-13   1.586356e-04   1.999276e-14   384
  6.086836e-01   1.229796e-12   1.334798e-08   3.149901e-13   198
  6.095398e-01   6.963971e-13   4.024720e-04   3.929783e-14   1224
  6.104634e-01   3.361229e-13   2.931235e-04   1.885564e-14   420
  6.115558e-01   3.717464e-13   2.836822e-04   1.534839e-14   792
  6.126238e-01   3.838673e-13   2.345810e-04   1.412372e-14   680
  6.138428e-01   6.454937e-13   2.154033e-04   3.716394e-14   600
  6.148235e-01   2.450368e-13   3.123938e-04   1.251075e-14   840
  6.161330e-01   3.647295e-13   1.474979e-04   2.534262e-14   432
  6.166334e-01   2.776543e-13   1.382249e-04   1.225380e-14   720
  6.177213e-01   3.509811e-13   2.768404e-04   1.429888e-14   960
  6.190745e-01   2.796418e-13   2.467829e-04   2.129688e-14   528
  6.200634e-01   1.686230e-13   2.522592e-04   6.023695e-15   624
  6.212404e-01   3.145765e-13   1.982740e-04   1.618190e-14   816
  6.224086e-01   1.749453e-13   3.260658e-04   8.840892e-15   696
  6.236996e-01   3.959372e-13   2.202416e-08   4.661433e-14   240
  6.241851e-01   7.954687e-14   1.922888e-04   3.050903e-15   672
  6.252686e-01   1.785176e-13   3.436476e-04   1.103873e-14   864
  6.264840e-01   3.991603e-13   2.636938e-04   1.700759e-14   816
  6.275795e-01   1.474894e-13   1.509292e-04   7.310465e-15   648
  6.287594e-01   4.698045e-13   1.542771e-04   1.132096e-14   843
  6.297611e-01   3.881378e-13   2.775825e-04   2.062850e-14   780
  6.309548e-01   2.221110e-13   1.489456e-04   3.014644e-14   216
  6.316911e-01   2.731885e-13   3.591661e-04   1.597416e-14   1056
  6.328235e-01   8.420053e-13   2.938382e-04   1.240555e-13   228
  6.338720e-01   5.668888e-13   3.658358e-04   2.251336e-14   924
  6.349484e-01   2.008465e-13   1.357046e-04   9.198361e-15   696
  6.360882e-01   6.068855e-13   2.415153e-04   5.558623e-14   996
  6.372543e-01   2.820937e-13   1.425858e-04   1.167217e-14   576
  6.384675e-01   6.169389e-13   2.200718e-04   3.183954e-14   552
  6.393519e-01   3.762689e-13   2.627580e-04   1.586764e-14   516
  6.402494e-01   3.805681e-13   3.821047e-04   1.454927e-14   744
  6.412749e-01   3.137049e-13   1.874451e-04   1.890747e-14   576
  6.421669e-01   4.612903e-13   1.929285e-04   2.497873e-14   792
  6.434346e-01   3.136216e-13   2.205530e-04   2.199831e-14   792
  6.443636e-01   1.891147e-13   2.378641e-04   8.463897e-15   720
  6.456200e-01   1.791278e-13   2.711104e-04   7.742892e-15   656
  6.467974e-01   3.359619e-13   2.960385e-04   1.505429e-14   816
  6.480043e-01   3.160271e-13   1.596190e-04   1.692034e-14   492
  6.486903e-01   3.164840e-13   2.296231e-04   2.367926e-14   552
  6.499778e-01   2.025450e-13   3.992867e-04   1.025267e-14   780
  6.508139e-01   1.872751e-13   2.452771e-04   7.444518e-15   528
  6.517148e-01   3.878536e-13   2.863130e-04   2.224693e-14   600
  6.530425e-01   2.775049e-13   2.379487e-04   1.037919e-14   900
  6.539577e-01   4.669329e-13   1.317325e-04   1.630430e-14   696
  6.552168e-01   2.530464e-13   3.330907e-04   1.378722e-14   696
  6.564349e-01   2.894543e-13   1.351317e-04   1.352229e-14   552
  6.574592e-01   2.647610e-13   1.571457e-04   1.319743e-14   708
  6.585322e-01   2.212553e-13   2.594565e-04   2.279964e-14   876
  6.596487e-01   1.611812e-13   1.377663e-04   7.265607e-15   216
  6.603980e-01   5.026215e-13   3.768094e-04   1.641612e-14   1032
  6.615201e-01   2.636081e-13   4.195357e-04   2.093674e-14   600
  6.626848e-01   2.251686e-13   2.001869e-04   7.303973e-15   600
  6.635732e-01   2.553430e-13   3.535112e-04   1.627827e-14   528
  6.646233e-01   2.659218e-13   1.940622e-04   2.065953e-14   732
  6.657296e-01   4.926552e-13   1.432973e-04   7.346408e-14   336
  6.670031e-01   1.615031e-13   2.042271e-04   1.255564e-14   912
  6.679548e-01   3.382916e-13   2.049821e-04   1.937971e-14   624
  6.689946e-01   3.577332e-13   1.727341e-04   1.603515e-14   768
  6.702082e-01   1.911757e-13   3.116463e-04   9.759662e-15   792
  6.713995e-01   2.651283e-13   1.545014e-04   1.739433e-14   660
  6.722471e-01   2.913393e-13   2.276826e-04   1.352595e-14   504
  6.731238e-01   4.904678e-13   3.719898e-04   3.614839e-14   480
  6.744376e-01   3.370731e-13   3.440421e-04   2.283609e-14   912
  6.754664e-01   2.022543e-13   3.831443e-04   1.292209e-14   432
  6.764380e-01   4.508463e-13   2.275021e-04   2.251290e-14   564
  6.773006e-01   1.848057e-13   2.177508e-04   1.241764e-14   600
  6.785149e-01   4.224850e-13   3.035240e-04   1.982506e-14   876
  6.794272e-01   6.393200e-13   1.364735e-04   6.752245e-14   264
  6.806846e-01   5.310730e-13   2.648123e-04   2.521751e-14   560
  6.816953e-01   4.590253e-13   1.799457e-04   2.120027e-14   840
  6.829222e-01   3.370562e-13   2.774244e-04   1.524935e-14   1008
  6.840568e-01   1.567413e-13   1.241010e-04   7.556928e-15   456
  6.850930e-01   2.828039e-13   1.607553e-04   1.264513e-14   576
  6.860509e-01   2.502593e-13   2.470177e-04   1.150702e-14   612
  6.873140e-01   3.144778e-13   2.206269e-04   1.090812e-14   780
  6.883444e-01   4.719121e-13   2.528284e-04   2.131287e-14   648
  6.893992e-01   2.793804e-13   1.178213e-04   2.582736e-14   312
  6.900734e-01   2.055536e-13   2.993645e-04   9.899340e-15   528
  6.912414e-01   2.749751e-13   3.909551e-04   1.067005e-14   720
  6.923583e-01   1.551987e-13   3.921794e-04   8.666584e-15   576
  6.937124e-01   3.749971e-13   3.383053e-04   3.530387e-14   444
  6.945549e-01   3.281200e-13   3.317685e-04   1.366236e-14   996
  6.955874e-01   2.884331e-13   2.771265e-04   1.282567e-14   432
  6.965633e-01   5.271788e-13   3.033990e-04   3.846550e-14   504
  6.974062e-01   2.372369e-13   1.367883e-04   1.028587e-14   504
  6.986065e-01   3.571855e-13   2.692009e-04   1.687073e-14   876
  6.996926e-01   1.027313e-13   3.098246e-04   7.127231e-15   504
  7.008236e-01   4.308191e-13   1.975899e-04   3.779887e-14   696
  7.017583e-01   3.392230e-13   1.689187e-04   1.434614e-14   492
  7.030300e-01   2.466019e-13   2.418152e-04   1.556078e-14   432
  7.039719e-01   3.768163e-13   2.264335e-04   2.001857e-14   768
  7.050885e-01   3.899235e-13   2.820533e-04   1.918660e-14   648
  7.061547e-01   4.515068e-13   1.840095e-04   3.397371e-14   456
  7.073798e-01   2.047428e-13   2.530430e-04   8.948664e-15   552
  7.082306e-01   2.698883e-13   1.734358e-04   1.241489e-14   648
  7.094016e-01   3.758537e-13   2.826907e-04   1.797968e-14   840
  7.105454e-01   1.361336e-13   1.348092e-04   7.076185e-15   432
  7.116906e-01   2.405977e-13   1.651183e-04   8.012323e-15   600
  7.124870e-01   2.967076e-13   1.759227e-04   1.115516e-14   432
  7.138248e-01   2.844684e-13   1.751482e-04   1.299340e-14   560
  7.147308e-01   1.832189e-13   2.772412e-04   6.402413e-15   840
  7.158652e-01   4.405496e-13   1.642140e-04   2.884309e-14   504
  7.167662e-01   1.056616e-13   3.351509e-04   5.830221e-15   696
  7.180362e-01   2.796786e-13   1.830475e-04   1.780360e-14   384
  7.190254e-01   3.716641e-13   2.681431e-04   3.132354e-14   576
  7.202219e-01   1.202603e-13   1.654845e-04   7.502515e-15   360
  7.211864e-01   2.584630e-13   2.464465e-04   1.578237e-14   828
  7.222268e-01   2.614297e-13   2.195064e-04   2.385383e-14   372
  7.231800e-01   1.741694e-13   3.352284e-04   1.092316e-14   576
  7.244428e-01   1.517921e-13   1.403933e-04   4.961089e-15   636
  7.253425e-01   2.279945e-13   2.706420e-04   3.021619e-14   648
  7.265596e-01   2.606787e-13   2.200024e-04   1.899770e-14   576
  7.274333e-01   2.805204e-13   3.548870e-04   1.241332e-14   528
  7.285953e-01   2.545699e-13   1.517289e-04   2.248402e-14   360
  7.295571e-01   2.189851e-13   3.490332e-04   8.386856e-15   672
  7.308130e-01   2.825780e-13   1.787806e-04   1.054151e-14   804
  7.318582e-01   3.843961e-13   1.972163e-04   3.770686e-14   408
  7.330145e-01   8.477734e-14   1.219011e-04   5.873259e-15   384
  7.337931e-01   2.821192e-13   2.789567e-04   2.154012e-14   480
  7.348913e-01   2.812978e-13   1.802469e-04   2.240635e-14   432
  7.359446e-01   2.249150e-13   3.321566e-04   1.273681e-14   648
  7.371913e-01   1.935198e-13   2.061016e-04   9.734059e-15   624
  7.381033e-01   8.103141e-14   1.874668e-04   4.124413e-15   456
  7.393486e-01   1.714048e-13   2.560963e-04   1.327427e-14   588
  7.401831e-01   9.046586e-14   1.633884e-04   3.932516e-15   600
  7.414016e-01   1.765384e-13   2.548458e-04   1.116048e-14   708
  7.423640e-01   2.828729e-13   1.605479e-04   3.555074e-14   360
  7.434275e-01   8.323282e-14   1.845541e-04   4.045513e-15   552
  7.444470e-01   8.204350e-14   1.294691e-04   6.594487e-15   288
  7.454820e-01   1.922700e-13   2.434372e-04   1.375213e-14   528
  7.464545e-01   1.101871e-13   1.642340e-04   7.871328e-15   456
  7.475410e-01   1.897044e-13   2.912225e-04   1.077106e-14   608
  7.486338e-01   1.865672e-13   1.408967e-04   1.209435e-14   504
  7.498278e-01   2.041790e-13   3.024972e-04   1.663131e-14   540
  7.507642e-01   2.268741e-13   3.247222e-04   1.797425e-14   360
  7.517735e-01   5.518713e-13   1.470509e-04   3.039704e-14   540
  7.526661e-01   3.028051e-13   1.262606e-04   2.015117e-14   576
  7.539642e-01   2.932365e-13   2.927555e-04   1.347826e-14   588
  7.551985e-01   1.256794e-13   4.039143e-04   8.878766e-15   672
  7.562588e-01   1.321910e-13   3.087151e-04   6.304802e-15   552
  7.571135e-01   8.963829e-14   3.088712e-04   1.017157e-14   144
  7.582042e-01   2.394562e-13   2.624178e-04   1.636195e-14   600
  7.592383e-01   6.582971e-14   3.288668e-04   6.772981e-15   504
  7.603860e-01   2.330177e-13   3.378126e-04   1.607162e-14   336
  7.615932e-01   3.144150e-13   3.797028e-04   1.285148e-14   600
  7.626744e-01   1.350225e-13   2.450478e-04   7.722383e-15   636
  7.638413e-01   3.244790e-14   1.970206e-04   1.758998e-15   384
  7.646595e-01   1.863835e-13   2.748205e-04   7.483534e-15   504
  7.658387e-01   6.898652e-14   1.153383e-04   8.729395e-15   240
  7.667694e-01   2.471089e-13   2.709461e-04   1.217639e-14   744
  7.678860e-01   1.319138e-13   1.850150e-04   5.924710e-15   648
  7.688783e-01   6.552298e-13   1.228185e-04   9.000613e-14   120
  7.700414e-01   2.254187e-13   1.929319e-04   2.479988e-14   564
  7.709202e-01   2.112102e-13   3.030111e-04   2.564427e-14   432
  7.720932e-01   2.294007e-13   2.351965e-04   1.399785e-14   480
  7.729764e-01   1.095792e-13   1.731106e-04   5.832425e-15   456
  7.740189e-01   2.480426e-13   2.864725e-04   1.795723e-14   444
  7.752020e-01   9.942382e-14   4.383180e-04   5.075349e-15   528
  7.762412e-01   8.651572e-14   3.255297e-04   4.452455e-15   264
  7.772498e-01   4.871307e-13   3.336195e-04   4.650923e-14   444
  7.786065e-01   2.296388e-13   3.654311e-04   8.709892e-15   696
  7.797327e-01   2.312559e-13   1.954448e-04   3.040641e-14   384
  7.805563e-01   2.265469e-13   2.469609e-04   1.238439e-14   432
  7.818373e-01   2.526964e-13   1.706384e-04   1.401507e-14   488
  7.826690e-01   2.657772e-13   2.571733e-04   2.045578e-14   480
  7.838749e-01   9.319728e-14   2.868014e-04   5.734417e-15   480
  7.848089e-01   6.610510e-14   1.203331e-04   3.999318e-15   240
  7.858692e-01   1.631004e-13   2.810886e-04   1.215119e-14   600
  7.868694e-01   1.632261e-13   2.449399e-04   1.590585e-14   288
  7.879343e-01   1.236847e-13   2.356143e-04   5.233347e-15   480
  7.890129e-01   7.858174e-14   4.191157e-04   4.757840e-15   504
  7.900748e-01   8.009843e-14   1.798267e-04   5.368279e-15   216
  7.914291e-01   1.269941e-13   2.944050e-04   8.838249e-15   504
  7.924838e-01   1.324590e-13   2.367912e-04   7.237742e-15   456
  7.936384e-01   2.041338e-13   1.358038e-04   1.369339e-14   384
  7.944031e-01   2.283672e-13   2.756326e-04   1.278681e-14   480
  7.954897e-01   9.310352e-14   2.420363e-04   4.962085e-15   504
  7.964966e-01   1.834337e-13   1.535327e-04   1.258615e-14   312
  7.975815e-01   2.809194e-13   2.474127e-04   1.772136e-14   492
  7.985417e-01   2.833865e-13   2.318919e-04   2.335661e-14   312
  7.997779e-01   7.543726e-14   3.766899e-04   2.995968e-15   576
  8.008661e-01   1.810744e-13   3.477153e-04   1.652809e-14   336
  8.017699e-01   1.512457e-13   2.677247e-04   1.321478e-14   240
  8.030228e-01   1.739264e-13   3.549351e-04   9.689163e-15   468
  8.041047e-01   2.023685e-13   2.222407e-04   1.704203e-14   192
  8.052370e-01   1.937448e-13   2.229031e-04   2.022657e-14   324
  8.060669e-01   1.550185e-13   1.617794e-04   7.826323e-15   600
  8.071978e-01   1.011207e-13   2.624704e-04   9.149017e-15   456
  8.080377e-01   4.164045e-14   1.180592e-04   2.684646e-15   336
  8.094297e-01   1.543416e-13   3.535027e-04   7.566960e-15   612
  8.104424e-01   1.595211e-13   2.966749e-04   1.544069e-14   144
  8.114002e-01   1.067647e-13   3.462957e-04   6.034806e-15   552
  8.127025e-01   1.227137e-13   1.363755e-04   7.041563e-15   264
  8.134384e-01   1.128919e-13   3.157441e-04   6.655904e-15   336
  8.145992e-01   5.220050e-14   2.086329e-04   3.682081e-15   384
  8.156059e-01   3.922625e-14   1.174397e-04   2.318486e-15   216
  8.167203e-01   7.241271e-14   2.489964e-04   5.997228e-15   344
  8.177364e-01   5.837026e-14   3.715143e-04   6.156635e-15   408
  8.189746e-01   4.904245e-14   2.854845e-04   3.812629e-15   264
  8.200718e-01   6.995244e-14   3.979796e-04   2.879481e-15   612
  8.211681e-01   1.381438e-13   2.048307e-04   9.689078e-15   408
  8.222956e-01   3.472328e-13   2.051251e-04   2.371590e-14   444
  8.231239e-01   4.334980e-13   1.147249e-04   5.845090e-14   120
  8.242338e-01   1.983881e-13   3.169640e-04   1.508304e-14   336
  8.250576e-01   1.542126e-13   1.101437e-04   1.079091e-14   288
  8.261708e-01   1.707247e-13   3.427692e-04   8.209143e-15   552
  8.277012e-01   1.760702e-13   1.835347e-08   1.573859e-14   72
  8.284882e-01   1.137201e-13   3.404572e-04   1.236249e-14   504
  8.294074e-01   1.788226e-13   1.095558e-04   1.277393e-14   216
  8.305983e-01   9.399746e-14   1.956043e-04   9.420698e-15   312
  8.316675e-01   7.222851e-14   2.227263e-04   2.992848e-15   336
  8.326865e-01   1.650317e-13   3.087236e-04   1.110407e-14   204
  8.337014e-01   1.692380e-13   3.587838e-04   1.634502e-14   504
  8.347777e-01   2.018651e-13   3.416652e-04   1.133779e-14   396
  8.358127e-01   1.083720e-13   3.133249e-04   7.281834e-15   312
  8.370674e-01   2.756234e-13   1.914750e-04   2.566120e-14   216
  8.379516e-01   3.569300e-14   1.039172e-04   1.680277e-15   168
  8.390260e-01   2.546460e-13   2.623966e-04   1.169340e-14   588
  8.402521e-01   1.519880e-13   3.561727e-04   2.276981e-14   240
  8.412047e-01   1.335465e-13   3.145601e-04   1.136869e-14   264
  8.423219e-01   1.109365e-13   3.890183e-04   7.234114e-15   288
  8.433131e-01   2.529584e-13   1.942596e-04   2.172868e-14   288
  8.445693e-01   7.180503e-14   1.824406e-04   5.791780e-15   288
  8.454153e-01   7.457480e-14   2.113423e-04   4.439084e-15   192
  8.464795e-01   1.097899e-13   2.248894e-04   1.119480e-14   264
  8.474933e-01   7.092399e-14   3.699119e-04   5.263927e-15   372
  8.485844e-01   1.286388e-13   3.995208e-04   1.018175e-14   360
  8.499161e-01   3.603205e-13   1.690810e-04   4.284557e-14   144
  8.506044e-01   1.544551e-14   2.348461e-04   1.606786e-15   296
  8.516909e-01   2.482248e-13   2.530345e-04   3.515268e-14   288
  8.529347e-01   2.618341e-13   3.781537e-04   2.409218e-14   480
  8.540076e-01   2.089820e-13   3.142096e-04   3.251706e-14   192
  8.550509e-01   4.052116e-14   3.370327e-04   3.841591e-15   192
  8.559992e-01   6.648196e-14   2.147949e-04   4.467081e-15   288
  8.573180e-01   4.462421e-14   1.869760e-04   5.883143e-15   108
  8.579823e-01   5.622661e-14   1.797545e-04   1.783281e-15   240
  8.591554e-01   1.107331e-13   3.353363e-04   9.677030e-15   384
  8.603605e-01   2.855752e-13   4.090723e-04   2.819828e-14   108
  8.614261e-01   2.214568e-13   2.398466e-04   1.184642e-14   348
  8.625466e-01   1.973018e-13   2.503134e-04   1.115519e-14   312
  8.635474e-01   2.687877e-13   2.432319e-04   3.074576e-14   96
  8.644677e-01   1.311837e-13   3.238194e-04   9.806541e-15   384
  8.654984e-01   1.080187e-13   2.227222e-04   1.681023e-14   144
  8.665066e-01   1.558866e-13   3.422225e-04   1.058829e-14   408
  8.677598e-01   2.171567e-13   1.526554e-04   2.825918e-14   144
  8.689437e-01   3.892798e-13   2.934816e-04   4.225093e-14   192
  8.696459e-01   2.983922e-13   3.303190e-04   3.961002e-14   144
  8.707904e-01   6.628180e-14   2.685615e-04   4.966142e-15   144
  8.718702e-01   1.396517e-13   3.282257e-04   1.500044e-14   336
  8.731927e-01   1.286815e-13   2.428454e-04   9.560752e-15   240
  8.740312e-01   8.275908e-14   1.102739e-04   7.294915e-15   96
  8.752007e-01   1.259279e-13   3.233803e-04   1.155799e-14   372
  8.763838e-01   2.918497e-14   3.846540e-04   5.307367e-15   132
  8.774230e-01   2.606750e-14   2.380193e-04   2.766597e-15   264
  8.783527e-01   1.139518e-13   1.827880e-04   1.013010e-14   168
  8.793449e-01   1.853696e-13   2.922429e-04   1.651499e-14   216
  8.802213e-01   1.616666e-13   1.787978e-04   1.419123e-14   216
  8.814979e-01   2.719422e-15   3.280196e-04   5.168863e-18   96
  8.826561e-01   4.526638e-14   2.140028e-04   3.814369e-15   120
  8.837183e-01   8.102874e-14   2.720578e-04   5.958227e-15   216
  8.845934e-01   5.453796e-14   1.188902e-04   3.787857e-15   200
  8.857519e-01   8.535058e-14   3.077557e-04   7.381822e-15   288
  8.872378e-01   8.051158e-14   8.097649e-05   4.188291e-15   144
  8.878635e-01   1.599525e-13   2.519939e-04   2.387495e-14   168
  8.891412e-01   1.991151e-13   2.835956e-04   2.545369e-14   159
  8.901386e-01   1.419242e-13   2.975600e-04   1.539951e-14   174
  8.911039e-01   3.657462e-14   2.698170e-04   3.148306e-15   144
  8.923678e-01   2.890744e-14   1.557998e-04   6.246887e-15   222
  8.932131e-01   5.819732e-14   1.572158e-04   3.615435e-15   168
  8.946732e-01   4.967316e-14   3.448346e-04   1.288677e-14   30
  8.952763e-01   1.422439e-14   3.044637e-04   1.042777e-15   72
  8.964123e-01   1.168880e-13   2.717302e-04   1.822319e-14   258
  8.976612e-01   2.576029e-14   1.701916e-04   1.872794e-15   264
  8.982857e-01   1.849112e-13   0.000000e+00   3.108726e-14   72
  8.995871e-01   4.728766e-14   3.373270e-04   3.682410e-15   174
  9.007654e-01   4.998748e-14   3.591909e-04   1.734114e-15   168
  9.017127e-01   1.170789e-14   1.123916e-08   0.000000e+00   48
  9.027297e-01   4.329275e-14   2.028435e-04   3.518005e-15   150
  9.039088e-01   1.245932e-13   3.731453e-04   1.316294e-14   168
  9.050911e-01   5.137651e-14   2.273028e-04   3.658981e-15   144
  9.061784e-01   9.887566e-14   2.123525e-04   1.670295e-14   102
  9.069882e-01   1.915435e-13   3.143182e-04   3.051122e-14   96
  9.082731e-01   7.097190e-14   3.119397e-04   2.528613e-15   120
  9.092246e-01   2.171179e-13   3.345635e-04   2.433332e-14   168
  9.102538e-01   1.526353e-13   2.470487e-04   4.594142e-14   126
  9.111308e-01   1.111474e-13   1.863241e-04   1.031630e-14   168
  9.123389e-01   1.435591e-14   2.987709e-04   6.774431e-16   72
  9.133947e-01   2.867733e-14   3.741278e-04   1.870243e-15   168
  9.143196e-01   1.817282e-13   1.025668e-04   4.234109e-14   78
  9.155870e-01   1.866564e-14   1.684070e-04   6.510301e-16   60
  9.166075e-01   1.772937e-13   2.731835e-04   1.289738e-14   96
  9.176659e-01   1.621827e-14   3.314854e-04   8.985994e-16   168
  9.186605e-01   1.473065e-13   2.097511e-04   2.470534e-14   86
  9.197042e-01   8.265588e-14   1.874678e-04   1.271798e-14   120
  9.212002e-01   6.490738e-14   1.336894e-04   3.452861e-15   168
  9.220069e-01   2.835875e-14   0.000000e+00   0.000000e+00   48
  9.230934e-01   5.209240e-14   2.435676e-04   4.879695e-15   120
  9.237177e-01   1.455443e-13   1.776924e-04   3.868249e-14   126
  9.252418e-01   1.523481e-13   3.125113e-04   1.488076e-14   96
  9.262310e-01   2.375039e-14   9.011285e-05   3.991360e-15   96
  9.270111e-01   1.426549e-13   0.000000e+00   1.643918e-14   72
  9.286731e-01   8.282201e-14   1.123916e-08   0.000000e+00   24
  9.297104e-01   7.469470e-14   1.854501e-04   9.680446e-15   120
  9.305196e-01   1.972078e-13   2.705147e-04   4.007049e-14   126
  9.314194e-01   5.325236e-14   2.255107e-04   2.228798e-15   96
  9.324708e-01   4.223398e-14   3.897482e-04   6.586201e-16   72
  9.336415e-01   1.077603e-13   1.685792e-04   1.082978e-14   144
  9.346046e-01   1.605609e-13   9.723254e-05   2.857114e-15   72
  9.355666e-01   2.386487e-13   1.942081e-04   8.013838e-14   54
  9.364132e-01   8.801029e-14   1.711436e-04   7.544054e-15   108
  9.381728e-01   9.425822e-14   1.677650e-04   8.453080e-15   72
  9.387206e-01   1.096111e-14   9.680617e-05   1.683365e-15   72
  9.400202e-01   3.930679e-13   1.946680e-08   0.000000e+00   24
  9.412498e-01   1.491135e-15   2.047976e-04   2.630297e-17   48
  9.419964e-01   1.291561e-13   1.560029e-04   5.210265e-14   102
  9.431203e-01   9.788019e-14   3.528137e-04   4.007412e-15   168
  9.445889e-01   1.068485e-14   1.924163e-04   5.590194e-16   72
  9.451330e-01   2.063742e-15   0.000000e+00   7.585698e-24   48
  9.462744e-01   6.996414e-14   3.309678e-04   5.731912e-15   120
  9.477807e-01   4.522778e-14   2.033864e-04   1.857722e-15   96
  9.492033e-01   1.173136e-13   2.202416e-08   1.793450e-14   30
  9.508942e-01   1.014180e-14   9.555995e-05   7.488587e-16   72
  9.516372e-01   9.385915e-16   1.123916e-08   0.000000e+00   24
  9.525916e-01   2.331637e-14   1.416435e-04   1.138591e-15   56
  9.536606e-01   2.200898e-13   2.021324e-04   1.348516e-14   96
  9.549399e-01   7.419768e-14   2.232036e-04   5.603359e-15   144
  9.559263e-01   1.748312e-14   1.267263e-04   6.041169e-15   54
  9.573592e-01   1.194645e-13   1.898493e-04   1.315863e-14   108
  9.588012e-01   3.406090e-14   1.005243e-04   2.697857e-15   48
  9.601739e-01   3.180928e-14   3.785063e-04   1.864968e-15   72
  9.634680e-01   2.785395e-13   2.500803e-04   3.528730e-14   78
  9.643808e-01   1.249278e-13   1.884669e-04   1.446722e-14   72
  9.654462e-01   5.598751e-14   1.882329e-04   7.088968e-15   72
  9.665603e-01   2.749751e-14   4.542266e-04   1.513488e-15   96
  9.674408e-01   7.127193e-14   1.878449e-04   1.726542e-15   72
  9.685029e-01   3.212422e-13   0.000000e+00   0.000000e+00   24
  9.695638e-01   2.845733e-14   3.748416e-04   4.761378e-15   72
  9.719599e-01   2.489718e-13   2.380359e-04   1.260536e-14   30
  9.724755e-01   3.960421e-14   0.000000e+00   1.401474e-22   24
  9.752466e-01   1.758006e-13   1.976584e-04   9.236306e-15   48
  9.761159e-01   5.113652e-14   4.253608e-04   5.331273e-15   120
  9.772870e-01   9.881049e-14   1.859776e-04   1.584270e-14   72
  9.784697e-01   2.670821e-14   1.857528e-04   2.543951e-15   36
  9.792826e-01   1.044962e-13   3.671339e-04   9.070904e-15   78
  9.815513e-01   1.201813e-13   1.963888e-04   1.240822e-14   48
  9.844928e-01   2.158053e-16   1.589457e-08   0.000000e+00   24
  9.865884e-01   1.042983e-14   1.367612e-04   6.544546e-16   56
  9.876436e-01   9.380393e-14   2.104496e-04   7.117032e-15   102
  9.889860e-01   8.118081e-14   1.498555e-08   1.302796e-14   72
  9.897653e-01   2.044322e-14   0.000000e+00   0.000000e+00   24
  9.911277e-01   8.695379e-14   1.944913e-04   8.048164e-15   48
  9.936528e-01   3.852730e-14   0.000000e+00   0.000000e+00   24
  9.967520e-01   8.762484e-13   0.000000e+00   0.000000e+00   6
  9.977185e-01   7.314174e-14   0.000000e+00   0.000000e+00   24
  9.983623e-01   7.366805e-14   1.820511e-04   5.466424e-15   72
  9.995384e-01   2.919763e-13   3.396336e-04   5.167939e-14   84
  1.000805e+00   1.094740e-15   0.000000e+00   0.000000e+00   24
  1.001190e+00   9.034213e-14   1.589457e-08   0.000000e+00   24
  1.003114e+00   1.012789e-13   1.123916e-08   3.963966e-22   24
  1.005800e+00   2.123720e-12   0.000000e+00   0.000000e+00   6
  1.009244e+00   2.763185e-14   1.910001e-04   2.284081e-15   48
  1.010072e+00   1.411528e-14   3.598129e-04   1.458330e-15   72
  1.011152e+00   1.415083e-13   1.906396e-04   5.908353e-15   48
  1.012867e+00   1.287227e-15   0.000000e+00   0.000000e+00   24
  1.015148e+00   1.749005e-13   1.123916e-08   0.000000e+00   6
  1.020262e+00   4.892837e-15   0.000000e+00   0.000000e+00   8
  1.020640e+00   7.976014e-15   1.123916e-08   0.000000e+00   48
  1.021546e+00   3.923667e-14   1.848806e-04   1.555547e-15   60
  1.022904e+00   1.465205e-13   0.000000e+00   0.000000e+00   24
  1.024787e+00   2.694577e-13   0.000000e+00   0.000000e+00   6
  1.031723e+00   8.096840e-16   0.000000e+00   0.000000e+00   24
  1.032283e+00   4.665801e-14   1.867372e-04   5.758667e-15   48
  1.033217e+00   7.127626e-14   0.000000e+00   0.000000e+00   24
  1.034708e+00   1.150790e-14   1.123916e-08   0.000000e+00   6
  1.043181e+00   9.450066e-15   1.742080e-04   1.094924e-15   36
  1.043797e+00   1.926967e-15   0.000000e+00   0.000000e+00   24
  1.044904e+00   9.609710e-13   0.000000e+00   0.000000e+00   6
  1.054545e+00   3.679956e-14   1.583190e-04   9.182677e-15   32
  1.055367e+00   7.413259e-14   1.123916e-08   0.000000e+00   6
  1.065728e+00   2.866436e-14   0.000000e+00   0.000000e+00   12
  1.066089e+00   1.547923e-13   0.000000e+00   5.605894e-22   6
  1.077063e+00   4.094851e-14   1.589457e-08   1.981983e-22   6
