# power spectrum of chi
# redshift z=50.520088
# k              Pk             sigma(k)       sigma(Pk)      count
  1.963495e-02   2.750380e-14   0.000000e+00   7.360231e-17   6
  2.776802e-02   3.071057e-14   0.000000e+00   1.405817e-16   12
  3.400874e-02   1.958547e-14   3.725290e-10   1.605020e-16   8
  3.926991e-02   8.303671e-15   0.000000e+00   1.571793e-16   6
  4.390509e-02   2.190656e-15   0.000000e+00   2.650177e-17   24
  4.809562e-02   1.741189e-16   7.024475e-10   1.025588e-17   24
  5.553604e-02   5.624841e-16   0.000000e+00   2.508817e-17   12
  5.890486e-02   8.179286e-16   7.947286e-10   1.210809e-17   30
  6.209118e-02   8.907868e-16   0.000000e+00   1.460927e-17   24
  6.512178e-02   6.516741e-16   1.216675e-09   1.234982e-17   24
  6.801748e-02   2.820401e-16   7.450581e-10   9.823408e-18   8
  7.079483e-02   1.130163e-16   9.934107e-10   3.210741e-18   24
  7.346727e-02   1.409175e-17   0.000000e+00   1.117932e-18   48
  7.853982e-02   6.613758e-17   0.000000e+00   5.561144e-18   6
  8.095699e-02   1.162139e-16   1.404895e-09   3.977179e-18   48
  8.330406e-02   1.647711e-16   0.000000e+00   3.598390e-18   36
  8.558678e-02   1.551678e-16   9.934107e-10   5.046759e-18   24
  8.781018e-02   1.486708e-16   0.000000e+00   3.004725e-18   24
  8.997866e-02   1.076681e-16   0.000000e+00   2.165716e-18   48
  9.209610e-02   5.255497e-17   1.404895e-09   1.853992e-18   24
  9.619124e-02   7.220105e-18   1.404895e-09   6.514101e-19   24
  9.817477e-02   5.663611e-19   0.000000e+00   7.990925e-20   30
  1.001190e-01   3.331779e-18   0.000000e+00   2.321563e-19   72
  1.020262e-01   1.072533e-17   1.490116e-09   9.057484e-19   32
  1.057375e-01   3.657395e-17   0.000000e+00   9.238437e-19   72
  1.075451e-01   4.137640e-17   0.000000e+00   1.192777e-18   48
  1.110721e-01   3.896420e-17   0.000000e+00   2.307275e-18   12
  1.127942e-01   3.307873e-17   0.000000e+00   1.083503e-18   48
  1.144905e-01   2.522461e-17   0.000000e+00   8.652727e-19   48
  1.161620e-01   1.752132e-17   1.404895e-09   5.325036e-19   48
  1.178097e-01   7.735471e-18   1.589457e-09   6.763047e-19   30
  1.194348e-01   6.746063e-18   1.404895e-09   5.172222e-19   24
  1.210380e-01   1.029284e-18   2.961779e-09   1.239499e-19   72
  1.241824e-01   1.252890e-18   0.000000e+00   1.362796e-19   24
  1.257251e-01   5.327554e-18   0.000000e+00   1.768450e-19   96
  1.272490e-01   9.974401e-18   0.000000e+00   3.459933e-19   48
  1.287550e-01   1.337995e-17   2.433349e-09   5.430633e-19   24
  1.302436e-01   1.574738e-17   2.433349e-09   4.471036e-19   24
  1.317153e-01   1.690450e-17   0.000000e+00   3.351961e-19   72
  1.331707e-01   1.761152e-17   0.000000e+00   3.518625e-19   48
  1.360350e-01   9.859861e-18   1.490116e-09   7.103541e-19   8
  1.374447e-01   1.006258e-17   1.766064e-09   3.650859e-19   54
  1.388401e-01   6.060690e-18   0.000000e+00   1.673392e-19   84
  1.402216e-01   4.117750e-18   0.000000e+00   1.757099e-19   48
  1.415897e-01   2.094202e-18   1.986821e-09   2.105061e-19   24
  1.429446e-01   8.774603e-19   1.873193e-09   6.708251e-20   72
  1.442869e-01   3.035661e-19   0.000000e+00   2.375791e-20   96
  1.469345e-01   1.278058e-18   0.000000e+00   9.088674e-20   48
  1.482407e-01   1.849099e-18   0.000000e+00   1.351176e-19   48
  1.495354e-01   2.013403e-18   1.986821e-09   1.578709e-19   24
  1.508189e-01   3.637464e-18   0.000000e+00   1.344928e-19   72
  1.533539e-01   7.136732e-18   1.873193e-09   1.219060e-19   72
  1.546058e-01   6.985047e-18   0.000000e+00   1.416100e-19   96
  1.570796e-01   5.939206e-18   0.000000e+00   3.044121e-19   6
  1.583021e-01   5.554104e-18   0.000000e+00   1.454165e-19   96
  1.595151e-01   4.556370e-18   1.986821e-09   1.197627e-19   96
  1.607190e-01   4.368384e-18   0.000000e+00   1.229069e-19   24
  1.619140e-01   2.574174e-18   2.809790e-09   9.462630e-20   48
  1.631002e-01   2.114870e-18   0.000000e+00   6.082006e-20   96
  1.642778e-01   8.762339e-19   0.000000e+00   5.954948e-20   48
  1.666081e-01   3.493261e-19   0.000000e+00   3.559853e-20   36
  1.677611e-01   1.502100e-19   3.441276e-09   1.982196e-20   48
  1.689063e-01   1.541377e-19   3.893359e-09   1.515606e-20   120
  1.700437e-01   5.409355e-19   0.000000e+00   4.581210e-20   56
  1.711736e-01   1.257614e-18   1.986821e-09   5.380985e-20   24
  1.722960e-01   1.352132e-18   0.000000e+00   5.814259e-20   96
  1.734112e-01   2.110244e-18   0.000000e+00   5.845177e-20   48
  1.756204e-01   2.465698e-18   0.000000e+00   8.279643e-20   24
  1.767146e-01   3.149788e-18   0.000000e+00   6.433382e-20   102
  1.778021e-01   3.775966e-18   0.000000e+00   1.108812e-19   48
  1.788829e-01   3.573274e-18   0.000000e+00   6.454715e-20   72
  1.799573e-01   3.369273e-18   0.000000e+00   1.068836e-19   48
  1.810253e-01   3.134930e-18   0.000000e+00   5.896711e-20   48
  1.820871e-01   2.686755e-18   4.495664e-09   4.029819e-20   120
  1.841922e-01   1.244847e-18   2.809790e-09   4.932211e-20   24
  1.852358e-01   1.433886e-18   2.649095e-09   3.389798e-20   144
  1.862735e-01   9.091450e-19   3.178914e-09   3.106609e-20   120
  1.873055e-01   5.619413e-19   2.809790e-09   2.773720e-20   48
  1.893526e-01   1.635331e-19   2.809790e-09   1.704984e-20   48
  1.903679e-01   5.841775e-20   2.809790e-09   6.203320e-21   96
  1.930487e-01   2.591924e-19   4.711199e-04   1.763549e-20   72
  1.943761e-01   5.340652e-19   3.532127e-09   2.059593e-20   108
  1.953653e-01   8.063761e-19   0.000000e+00   3.340166e-20   72
  1.963495e-01   1.188794e-18   0.000000e+00   7.127613e-20   30
  1.973288e-01   1.409734e-18   0.000000e+00   3.499878e-20   168
  1.983033e-01   1.946439e-18   0.000000e+00   6.755739e-20   48
  2.002380e-01   1.935861e-18   0.000000e+00   3.846699e-20   72
  2.011984e-01   1.892818e-18   0.000000e+00   3.988740e-20   96
  2.021542e-01   1.705196e-18   5.298191e-09   3.858791e-20   72
  2.031055e-01   1.577518e-18   0.000000e+00   4.136573e-20   72
  2.047049e-01   1.223875e-18   4.350048e-04   3.206308e-20   104
  2.059331e-01   9.711676e-19   3.746387e-09   2.289124e-20   144
  2.087224e-01   5.483044e-19   6.282881e-09   2.175566e-20   96
  2.096439e-01   3.580835e-19   0.000000e+00   2.024428e-20   96
  2.111095e-01   1.581172e-19   4.475232e-04   1.130720e-20   120
  2.123845e-01   6.602104e-20   0.000000e+00   4.629965e-21   120
  2.132902e-01   4.231714e-20   0.000000e+00   5.536237e-21   72
  2.150901e-01   5.557292e-20   0.000000e+00   6.288995e-21   48
  2.159845e-01   1.556030e-19   4.235416e-09   8.224438e-21   78
  2.171286e-01   3.405635e-19   4.007142e-04   1.024835e-20   168
  2.195255e-01   5.672408e-19   3.746387e-09   1.792261e-20   144
  2.204018e-01   6.391811e-19   3.746387e-09   1.565808e-20   144
  2.229436e-01   9.756218e-19   2.307791e-04   1.959128e-20   156
  2.238729e-01   1.020177e-18   4.866699e-09   3.546233e-20   48
  2.247323e-01   9.574858e-19   3.178914e-09   2.278566e-20   120
  2.255884e-01   9.868819e-19   0.000000e+00   2.387342e-20   48
  2.271022e-01   7.645594e-19   3.532495e-04   1.476422e-20   216
  2.289809e-01   5.907643e-19   0.000000e+00   3.163345e-20   48
  2.298212e-01   5.246857e-19   2.809790e-09   1.466677e-20   96
  2.310160e-01   3.080870e-19   4.128272e-04   8.514696e-21   168
  2.323239e-01   2.577568e-19   2.809790e-09   1.279569e-20   48
  2.331522e-01   1.621796e-19   0.000000e+00   9.055963e-21   96
  2.339775e-01   7.282116e-20   0.000000e+00   7.878002e-21   48
  2.356194e-01   2.283632e-20   3.178914e-09   5.233725e-21   30
  2.364362e-01   2.535433e-20   2.809790e-09   2.712843e-21   96
  2.374123e-01   3.412075e-20   3.244455e-04   2.083997e-21   240
  2.386674e-01   5.105865e-20   3.500299e-04   7.084045e-21   32
  2.396752e-01   1.386900e-19   0.000000e+00   5.228056e-21   168
  2.404781e-01   1.823456e-19   0.000000e+00   6.696184e-21   120
  2.420760e-01   3.806175e-19   5.923557e-09   1.297103e-20   72
  2.428710e-01   3.985776e-19   3.746387e-09   9.711501e-21   144
  2.436634e-01   5.022376e-19   0.000000e+00   1.076677e-20   96
  2.444532e-01   4.917409e-19   0.000000e+00   1.349042e-20   96
  2.460253e-01   5.331839e-19   4.588368e-09   1.830988e-20   72
  2.468075e-01   5.053011e-19   3.973643e-09   1.362242e-20   96
  2.483647e-01   5.093859e-19   0.000000e+00   2.483660e-20   24
  2.491396e-01   5.294420e-19   0.000000e+00   8.101916e-21   192
  2.500522e-01   4.392142e-19   2.970416e-04   1.414522e-20   132
  2.514501e-01   3.241834e-19   0.000000e+00   1.301000e-20   96
  2.522156e-01   3.493828e-19   0.000000e+00   1.102821e-20   96
  2.529787e-01   2.438633e-19   3.178914e-09   7.725698e-21   120
  2.544981e-01   1.510747e-19   0.000000e+00   8.499775e-21   48
  2.557435e-01   7.770848e-20   3.599905e-04   4.465158e-21   222
  2.567603e-01   7.347105e-20   0.000000e+00   3.660155e-21   120
  2.575100e-01   1.087967e-20   4.866699e-09   1.650519e-21   24
  2.586015e-01   1.718816e-20   3.715625e-04   9.629103e-22   312
  2.609797e-01   5.642945e-20   3.483547e-04   4.847922e-21   72
  2.619630e-01   6.672873e-20   2.809790e-09   3.323659e-21   96
  2.629726e-01   1.199730e-19   3.547511e-04   4.161708e-21   192
  2.641613e-01   1.760101e-19   4.495664e-09   6.875039e-21   120
  2.648900e-01   2.076746e-19   0.000000e+00   6.097486e-21   144
  2.663415e-01   2.128948e-19   0.000000e+00   8.261044e-21   48
  2.673732e-01   2.941540e-19   3.567146e-04   4.140103e-21   336
  2.685040e-01   3.552470e-19   0.000000e+00   1.131652e-20   48
  2.699360e-01   3.343373e-19   0.000000e+00   5.995228e-21   192
  2.706492e-01   3.062640e-19   0.000000e+00   7.802454e-21   48
  2.726764e-01   2.397392e-19   2.476067e-04   8.975052e-21   56
  2.736844e-01   2.085199e-19   3.180112e-04   4.116241e-21   336
  2.748894e-01   2.169764e-19   3.532127e-09   9.964544e-21   54
  2.759390e-01   1.334752e-19   3.492904e-04   3.579818e-21   240
  2.781181e-01   6.832127e-20   3.344484e-04   2.584748e-21   228
  2.790651e-01   5.841796e-20   3.746387e-09   4.445850e-21   72
  2.799844e-01   2.775033e-20   3.244231e-04   1.778246e-21   144
  2.811298e-01   1.649280e-20   0.000000e+00   2.008297e-21   96
  2.818146e-01   1.133067e-20   4.495664e-09   7.114301e-22   240
  2.831793e-01   8.775866e-21   3.973643e-09   1.675313e-21   24
  2.840530e-01   3.478928e-20   3.064151e-04   1.526574e-21   336
  2.852142e-01   8.283296e-20   0.000000e+00   3.490731e-21   72
  2.862741e-01   8.149761e-20   3.332831e-04   3.445684e-21   168
  2.872346e-01   1.183647e-19   0.000000e+00   5.684326e-21   72
  2.885737e-01   1.563605e-19   0.000000e+00   5.071399e-21   96
  2.896108e-01   1.825027e-19   3.307829e-04   3.713528e-21   216
  2.905708e-01   1.849874e-19   3.973643e-09   5.581333e-21   96
  2.918946e-01   2.194400e-19   0.000000e+00   4.047424e-21   192
  2.925542e-01   2.100177e-19   3.746387e-09   5.118149e-21   144
  2.938691e-01   2.054170e-19   0.000000e+00   6.975698e-21   48
  2.947794e-01   1.875427e-19   3.189136e-04   3.323443e-21   246
  2.960164e-01   1.545559e-19   2.940434e-04   4.612526e-21   168
  2.971308e-01   1.440526e-19   5.506041e-09   4.132776e-21   120
  2.977788e-01   1.096168e-19   0.000000e+00   2.730402e-21   240
  2.990707e-01   6.367514e-20   3.973643e-09   5.130803e-21   24
  3.001001e-01   5.656107e-20   3.147475e-04   1.734306e-21   360
  3.013820e-01   3.780997e-20   3.134082e-04   3.070163e-21   120
  3.022763e-01   1.560364e-20   0.000000e+00   9.757278e-22   144
  3.029133e-01   1.844124e-20   0.000000e+00   1.715867e-21   96
  3.048165e-01   7.705005e-21   0.000000e+00   6.833246e-22   144
  3.054482e-01   8.215406e-21   0.000000e+00   6.518375e-22   132
  3.063360e-01   2.042379e-20   3.093292e-04   1.244497e-21   176
  3.076248e-01   4.026594e-20   3.123602e-04   1.328763e-21   312
  3.092116e-01   6.310625e-20   0.000000e+00   2.750496e-21   96
  3.098343e-01   8.086530e-20   0.000000e+00   2.814184e-21   144
  3.107899e-01   8.596297e-20   3.092271e-04   2.075389e-21   312
  3.123131e-01   1.246146e-19   0.000000e+00   3.724470e-21   48
  3.129297e-01   1.140492e-19   3.973643e-09   2.847740e-21   192
  3.141593e-01   2.012133e-19   0.000000e+00   1.131808e-20   6
  3.149762e-01   1.457225e-19   2.884066e-04   2.961509e-21   288
  3.162994e-01   1.303772e-19   3.047203e-04   3.350456e-21   192
  3.172124e-01   1.336105e-19   9.345130e-09   2.660911e-21   216
  3.178195e-01   9.813405e-20   0.000000e+00   4.882182e-21   72
  3.193321e-01   9.564657e-20   3.018264e-04   2.889242e-21   192
  3.203366e-01   7.119681e-20   2.241224e-04   2.103119e-21   288
  3.214381e-01   5.759086e-20   0.000000e+00   4.390232e-21   24
  3.222890e-01   5.113350e-20   2.952626e-04   1.291131e-21   456
  3.238280e-01   1.737498e-20   5.619580e-09   2.753515e-21   48
  3.247789e-01   1.622486e-20   2.908218e-04   1.142444e-21   240
  3.258718e-01   7.896352e-21   2.939082e-04   5.307212e-22   216
  3.267908e-01   5.067018e-21   0.000000e+00   6.388031e-22   72
  3.273801e-01   5.257302e-21   1.015467e-08   4.340525e-22   168
  3.290441e-01   1.341884e-20   2.184577e-04   7.543238e-22   288
  3.299773e-01   2.556215e-20   2.890570e-04   1.384840e-21   168
  3.314762e-01   3.487814e-20   0.000000e+00   1.195719e-21   192
  3.320572e-01   4.908972e-20   3.746387e-09   1.731701e-21   144
  3.332162e-01   5.212366e-20   0.000000e+00   4.607148e-21   36
  3.341991e-01   7.282875e-20   2.639705e-04   1.639578e-21   342
  3.351389e-01   8.432619e-20   2.710657e-04   2.538666e-21   144
  3.363470e-01   9.139124e-20   2.842800e-04   1.693335e-21   384
  3.378125e-01   9.777792e-20   7.786718e-09   2.723461e-21   120
  3.385379e-01   8.240287e-20   2.534951e-04   1.805783e-21   264
  3.395201e-01   8.074544e-20   1.256576e-08   2.002229e-21   192
  3.404451e-01   7.847912e-20   2.731894e-04   2.121156e-21   152
  3.412191e-01   6.426236e-20   7.492773e-09   2.546479e-21   144
  3.428472e-01   5.082324e-20   1.768108e-04   1.407057e-21   216
  3.436008e-01   3.856217e-20   2.362665e-04   1.281833e-21   312
  3.449274e-01   2.996412e-20   2.738281e-04   1.086037e-21   240
  3.457090e-01   1.988305e-20   3.973643e-09   1.342166e-21   96
  3.471927e-01   1.614898e-20   2.617995e-04   8.959661e-22   144
  3.481071e-01   8.662875e-21   2.573258e-04   4.036651e-22   456
  3.495904e-01   5.465078e-21   0.000000e+00   5.429803e-22   120
  3.501414e-01   5.098593e-21   0.000000e+00   3.578039e-22   144
  3.512407e-01   1.085880e-20   0.000000e+00   1.561914e-21   24
  3.519456e-01   1.242268e-20   2.473498e-04   4.839500e-22   336
  3.531645e-01   2.031467e-20   2.727931e-04   8.240189e-22   198
  3.543067e-01   2.447484e-20   2.652756e-04   6.979133e-22   432
  3.556041e-01   3.512792e-20   0.000000e+00   2.116971e-21   48
  3.562810e-01   4.543083e-20   2.341925e-04   9.698826e-22   384
  3.574963e-01   5.356999e-20   2.696052e-04   1.418462e-21   144
  3.585975e-01   5.890113e-20   2.676825e-04   1.446706e-21   264
  3.599147e-01   4.312045e-20   0.000000e+00   2.099599e-21   48
  3.607984e-01   5.816629e-20   2.545223e-04   1.452096e-21   276
  3.616510e-01   6.823375e-20   2.307176e-04   1.745274e-21   192
  3.627906e-01   5.370285e-20   2.592759e-04   9.836705e-22   552
  3.641741e-01   3.951584e-20   8.991328e-09   1.312989e-21   120
  3.649965e-01   2.768592e-20   2.624511e-04   8.591724e-22   216
  3.657587e-01   3.737670e-20   4.495664e-09   1.520591e-21   120
  3.671201e-01   2.235598e-20   2.584500e-04   6.762181e-22   408
  3.683844e-01   5.840444e-21   5.619580e-09   8.719647e-22   24
  3.691684e-01   1.129432e-20   2.610810e-04   4.844887e-22   384
  3.702633e-01   7.477529e-21   2.550855e-04   4.382277e-22   240
  3.712141e-01   3.841553e-21   2.569535e-04   2.802107e-22   168
  3.725471e-01   4.384553e-21   6.357829e-09   3.498863e-22   120
  3.734064e-01   4.493240e-21   2.678605e-04   2.570415e-22   350
  3.748037e-01   8.108280e-21   4.409502e-04   3.627410e-22   384
  3.756388e-01   8.081281e-21   0.000000e+00   5.232669e-22   144
  3.771752e-01   1.956209e-20   1.059638e-08   7.084882e-22   288
  3.779773e-01   2.547318e-20   2.524053e-04   6.901303e-22   336
  3.790686e-01   2.709066e-20   2.297941e-04   1.152977e-21   168
  3.797219e-01   3.371266e-20   4.541306e-09   7.983761e-22   336
  3.810732e-01   4.411210e-20   2.385126e-04   1.068273e-21   288
  3.818848e-01   3.068751e-20   2.247398e-04   9.527738e-22   264
  3.832590e-01   3.960863e-20   0.000000e+00   1.094087e-21   240
  3.837616e-01   4.604447e-20   7.947286e-09   1.588053e-21   96
  3.855656e-01   3.224746e-20   3.056310e-04   1.096062e-21   360
  3.864075e-01   3.208493e-20   2.253025e-04   1.547119e-21   168
  3.874713e-01   2.960194e-20   2.456032e-04   7.797916e-22   456
  3.887523e-01   3.424308e-20   7.064254e-09   1.428167e-21   108
  3.894728e-01   1.536351e-20   2.464311e-04   7.462412e-22   264
  3.903716e-01   1.322042e-20   2.198567e-04   5.689916e-22   264
  3.916025e-01   9.300169e-21   2.074668e-04   5.133492e-22   312
  3.931351e-01   6.282387e-21   1.541705e-04   2.887786e-22   270
  3.937775e-01   3.336655e-21   1.957388e-04   1.838159e-22   240
  3.949323e-01   2.923412e-21   2.421536e-04   1.716525e-22   384
  3.956334e-01   5.252772e-21   0.000000e+00   3.443051e-22   192
  3.969952e-01   4.741745e-21   1.942960e-04   2.901911e-22   240
  3.977852e-01   8.947099e-21   2.397927e-04   3.404623e-22   336
  3.992708e-01   1.243982e-20   2.413972e-04   3.792349e-22   480
  4.004761e-01   1.644443e-20   0.000000e+00   1.034915e-21   72
  4.011493e-01   2.071049e-20   2.353842e-04   6.040029e-22   240
  4.020650e-01   2.158160e-20   2.212289e-04   5.864793e-22   312
  4.031147e-01   2.572043e-20   2.390954e-04   7.929446e-22   240
  4.047009e-01   2.386454e-20   1.816506e-04   6.284822e-22   408
  4.053288e-01   2.813806e-20   1.663482e-04   7.938210e-22   336
  4.065560e-01   2.486986e-20   2.112212e-04   8.804054e-22   264
  4.071591e-01   2.815681e-20   0.000000e+00   7.979267e-22   144
  4.088370e-01   2.167661e-20   2.927651e-04   6.036409e-22   464
  4.097211e-01   2.492280e-20   2.328083e-04   9.227847e-22   168
  4.105939e-01   1.506313e-20   2.120376e-04   4.758160e-22   336
  4.121713e-01   1.031847e-20   2.227870e-04   3.275030e-22   414
  4.130606e-01   1.245271e-20   2.319080e-04   5.499902e-22   216
  4.141998e-01   5.715113e-21   5.619580e-09   3.678969e-22   96
  4.146649e-01   6.888667e-21   1.685874e-08   3.090046e-22   384
  4.162944e-01   3.539328e-21   2.314600e-04   1.806443e-22   492
  4.171676e-01   3.875310e-21   2.263480e-04   2.496681e-22   240
  4.181546e-01   2.875475e-21   2.298225e-04   1.799121e-22   312
  4.195176e-01   3.729658e-21   2.297469e-04   2.630308e-22   192
  4.203810e-01   4.700941e-21   2.226525e-04   1.729038e-22   504
  4.215265e-01   8.414192e-21   1.473998e-04   2.765180e-22   408
  4.224284e-01   9.120024e-21   4.515774e-04   4.161415e-22   168
  4.235571e-01   1.496331e-20   2.145032e-04   4.979098e-22   288
  4.245041e-01   1.379906e-20   2.238525e-04   4.874919e-22   288
  4.254743e-01   1.473361e-20   2.251410e-04   3.608511e-22   432
  4.268815e-01   1.540717e-20   2.129084e-04   6.768721e-22   216
  4.276334e-01   1.896926e-20   2.124592e-04   4.503752e-22   360
  4.289721e-01   1.949182e-20   2.073582e-04   6.361508e-22   312
  4.301803e-01   2.182674e-20   0.000000e+00   1.191860e-21   48
  4.308767e-01   1.711443e-20   2.223178e-04   6.029884e-22   432
  4.321240e-01   1.732726e-20   3.708284e-04   5.096607e-22   414
  4.328606e-01   1.252846e-20   1.956255e-08   4.431485e-22   312
  4.342347e-01   1.099065e-20   3.253813e-04   3.197326e-22   528
  4.351620e-01   7.693415e-21   1.707976e-04   4.082938e-22   264
  4.362761e-01   6.638194e-21   2.025191e-04   2.492559e-22   480
  4.377318e-01   4.972054e-21   0.000000e+00   2.913417e-22   288
  4.383604e-01   4.050488e-21   2.176005e-04   3.463306e-22   168
  4.395105e-01   2.578234e-21   3.444610e-04   1.192922e-22   504
  4.408036e-01   2.617388e-21   7.492773e-09   1.895465e-22   144
  4.416171e-01   2.338176e-21   2.212265e-04   1.012589e-22   464
  4.428396e-01   3.912253e-21   3.246624e-04   1.641228e-22   432
  4.434197e-01   5.283913e-21   5.619580e-09   2.874262e-22   192
  4.449189e-01   6.194522e-21   2.406833e-04   2.398167e-22   396
  4.458042e-01   7.495499e-21   2.162000e-04   3.184202e-22   288
  4.466990e-01   7.930893e-21   2.135686e-04   2.677583e-22   336
  4.481283e-01   1.391422e-20   1.352359e-04   3.889315e-22   432
  4.490354e-01   1.282579e-20   3.505126e-04   4.731976e-22   360
  4.500539e-01   1.372219e-20   2.073334e-04   4.009535e-22   384
  4.515004e-01   1.610832e-20   1.830116e-04   7.642998e-22   198
  4.521974e-01   1.407536e-20   2.080246e-04   3.726872e-22   552
  4.534970e-01   1.310941e-20   2.912202e-04   3.855795e-22   432
  4.545821e-01   1.284920e-20   0.000000e+00   6.125017e-22   168
  4.554927e-01   8.258474e-21   3.610065e-04   2.990286e-22   480
  4.566974e-01   9.454354e-21   0.000000e+00   5.609424e-22   120
  4.572396e-01   8.076923e-21   2.948545e-04   3.558600e-22   336
  4.585628e-01   6.045874e-21   2.080152e-04   1.967861e-22   672
  4.598711e-01   4.164422e-21   3.025866e-04   1.891336e-22   528
  4.604805e-01   2.616418e-21   9.082613e-09   1.858856e-22   168
  4.618883e-01   2.111496e-21   3.375333e-04   1.071389e-22   456
  4.627474e-01   2.075999e-21   2.061344e-04   1.759751e-22   168
  4.636392e-01   2.339852e-21   2.057643e-04   1.168480e-22   504
  4.651216e-01   3.356456e-21   2.647872e-04   2.061671e-22   336
  4.660180e-01   4.754961e-21   1.908802e-04   2.423709e-22   312
  4.670124e-01   4.172430e-21   1.865029e-04   1.598349e-22   504
  4.683210e-01   5.457848e-21   1.294009e-04   2.082732e-22   432
  4.689362e-01   9.389526e-21   1.999672e-04   3.396719e-22   312
  4.702151e-01   8.568633e-21   2.049761e-04   2.910053e-22   384
  4.715504e-01   1.239866e-20   1.741510e-04   7.395583e-22   126
  4.723748e-01   1.155903e-20   3.057676e-04   3.386327e-22   492
  4.734278e-01   1.147409e-20   1.958445e-04   2.992434e-22   528
  4.747438e-01   8.796996e-21   1.989360e-04   2.709750e-22   480
  4.755596e-01   1.088231e-20   2.748289e-04   2.869183e-22   432
  4.767402e-01   7.590947e-21   2.161166e-04   2.582487e-22   440
  4.781114e-01   8.589074e-21   1.074739e-04   2.880733e-22   312
  4.786259e-01   6.816807e-21   1.610586e-04   2.293844e-22   480
  4.796813e-01   5.414679e-21   3.153497e-04   2.170736e-22   408
  4.812233e-01   3.613820e-21   1.888588e-04   1.872179e-22   360
  4.818747e-01   4.254167e-21   1.822418e-04   2.269559e-22   408
  4.830820e-01   2.536867e-21   1.854542e-04   1.176503e-22   456
  4.844414e-01   2.357133e-21   1.772485e-04   1.820159e-22   264
  4.851959e-01   2.484509e-21   1.923591e-04   1.399913e-22   384
  4.862943e-01   1.977242e-21   3.238501e-04   8.356144e-23   672
  4.875640e-01   3.296230e-21   1.937042e-04   2.032755e-22   240
  4.882967e-01   2.752704e-21   1.965613e-04   1.523859e-22   264
  4.893308e-01   3.488003e-21   2.424259e-04   1.376802e-22   624
  4.908739e-01   5.367353e-21   0.000000e+00   3.408720e-22   150
  4.914232e-01   6.251279e-21   2.716574e-04   1.982011e-22   600
  4.925819e-01   6.969063e-21   1.874909e-04   2.112233e-22   672
  4.938939e-01   6.702782e-21   1.763484e-04   2.929164e-22   336
  4.946248e-01   9.096765e-21   1.918157e-04   2.962217e-22   408
  4.957926e-01   6.031024e-21   1.913639e-04   2.411804e-22   408
  4.970915e-01   8.324164e-21   9.676385e-05   3.661127e-22   360
  4.978921e-01   7.777173e-21   3.552857e-04   2.744226e-22   456
  4.988592e-01   6.543491e-21   1.932065e-04   2.694955e-22   384
  5.000902e-01   6.188809e-21   1.783541e-04   2.787627e-22   348
  5.007554e-01   7.057459e-21   2.198754e-04   2.442570e-22   576
  5.020050e-01   5.487726e-21   1.810385e-04   2.156405e-22   504
  5.032833e-01   4.107789e-21   2.553443e-04   1.930403e-22   432
  5.043991e-01   3.942957e-21   3.473946e-04   1.852562e-22   576
  5.051948e-01   1.948193e-21   0.000000e+00   1.149330e-22   264
  5.064571e-01   2.311732e-21   2.764393e-04   9.515177e-23   768
  5.075549e-01   1.649425e-21   3.721752e-04   1.011745e-22   240
  5.084277e-01   2.049620e-21   3.282233e-04   2.149232e-22   192
  5.096990e-01   2.293838e-21   2.416124e-04   1.191338e-22   504
  5.106418e-01   2.908891e-21   3.255818e-04   1.394076e-22   590
  5.115460e-01   3.080999e-21   3.647966e-04   1.535965e-22   384
  5.126798e-01   3.324030e-21   3.048625e-04   1.337266e-22   504
  5.140486e-01   4.493416e-21   2.933830e-04   1.826424e-22   648
  5.153764e-01   4.628736e-21   7.967896e-05   1.586465e-22   504
  5.159117e-01   5.984380e-21   1.817627e-04   2.846474e-22   312
  5.168569e-01   6.792138e-21   2.618753e-04   2.342358e-22   576
  5.181545e-01   6.941701e-21   1.822405e-04   3.889857e-22   240
  5.189109e-01   6.584231e-21   1.841453e-04   2.597291e-22   552
  5.199816e-01   4.643340e-21   1.729082e-04   1.458237e-22   600
  5.215067e-01   4.867373e-21   2.111937e-04   1.788270e-22   600
  5.224237e-01   5.367852e-21   3.382099e-04   2.974062e-22   312
  5.233368e-01   5.196375e-21   2.945474e-04   2.313521e-22   480
  5.244775e-01   4.146264e-21   1.837693e-04   1.602358e-22   576
  5.254818e-01   3.866787e-21   2.959085e-04   1.900061e-22   408
  5.263729e-01   2.457232e-21   3.451909e-04   1.733093e-22   216
  5.275243e-01   2.811280e-21   2.643774e-04   1.179572e-22   516
  5.287578e-01   2.248608e-21   2.522429e-04   9.071379e-23   744
  5.300304e-01   2.236064e-21   1.684760e-04   1.202083e-22   462
  5.307494e-01   1.381806e-21   1.712315e-04   8.699576e-23   432
  5.318647e-01   1.676085e-21   1.588547e-04   7.152326e-23   648
  5.331761e-01   2.131242e-21   2.324340e-04   1.195399e-22   528
  5.342295e-01   3.056348e-21   2.799086e-04   1.165324e-22   600
  5.352820e-01   2.922446e-21   3.528915e-04   2.065786e-22   240
  5.363014e-01   2.990739e-21   2.703115e-04   9.329863e-23   720
  5.374863e-01   3.738918e-21   2.138653e-04   1.338776e-22   720
  5.387997e-01   2.678032e-21   0.000000e+00   1.865594e-22   144
  5.394909e-01   4.684175e-21   2.757364e-04   1.535762e-22   720
  5.404742e-01   5.092321e-21   1.653370e-04   2.448925e-22   384
  5.417051e-01   5.664187e-21   1.832848e-04   1.878909e-22   672
  5.428730e-01   3.937771e-21   3.209115e-04   1.772058e-22   336
  5.434308e-01   5.420049e-21   0.000000e+00   2.961047e-22   288
  5.447967e-01   3.873882e-21   2.539800e-04   1.245479e-22   776
  5.460612e-01   4.467267e-21   2.173184e-04   1.469552e-22   720
  5.471231e-01   3.221577e-21   1.750659e-04   1.456971e-22   432
  5.479725e-01   2.754626e-21   2.495786e-04   1.052002e-22   504
  5.489174e-01   2.286437e-21   1.748652e-04   1.085863e-22   528
  5.502396e-01   1.714712e-21   2.382437e-04   8.667929e-23   438
  5.513273e-01   1.952838e-21   2.772938e-04   8.549839e-23   624
  5.521470e-01   1.594576e-21   3.396475e-04   9.432285e-23   312
  5.532738e-01   2.029997e-21   1.829935e-04   8.839049e-23   696
  5.544390e-01   1.687768e-21   1.655760e-04   7.793036e-23   552
  5.556509e-01   2.046162e-21   1.281006e-04   9.430561e-23   516
  5.564006e-01   2.734667e-21   2.558713e-04   1.338427e-22   528
  5.573133e-01   2.295069e-21   1.664001e-04   1.119740e-22   528
  5.586097e-01   2.361165e-21   2.194479e-04   8.573486e-23   864
  5.594897e-01   2.714959e-21   3.005985e-04   1.614906e-22   408
  5.603706e-01   3.391480e-21   2.978186e-04   2.239790e-22   192
  5.616191e-01   3.493687e-21   2.464592e-04   1.171674e-22   720
  5.626731e-01   3.303411e-21   2.272475e-04   1.193340e-22   696
  5.639255e-01   3.757506e-21   2.454294e-04   1.495394e-22   720
  5.650713e-01   3.558224e-21   3.326501e-04   1.352645e-22   432
  5.657395e-01   4.564326e-21   1.958109e-04   2.250787e-22   264
  5.669418e-01   3.811937e-21   2.704061e-04   1.391474e-22   672
  5.680171e-01   2.649289e-21   2.768544e-04   1.042495e-22   600
  5.692933e-01   2.838349e-21   1.620980e-04   1.964239e-22   270
  5.699366e-01   2.342721e-21   2.440026e-04   1.038885e-22   528
  5.709591e-01   3.231977e-21   1.670843e-04   1.122127e-22   840
  5.723613e-01   2.457776e-21   3.194952e-04   8.626184e-23   888
  5.736568e-01   1.759164e-21   2.380474e-04   6.676087e-23   744
  5.747517e-01   1.888579e-21   1.223216e-04   8.373922e-23   456
  5.752963e-01   1.774551e-21   1.671601e-04   9.819407e-23   360
  5.762282e-01   1.233194e-21   1.448348e-04   7.297211e-23   384
  5.776580e-01   1.825335e-21   2.323137e-04   7.122961e-23   816
  5.787308e-01   1.827369e-21   3.370546e-04   6.536924e-23   824
  5.800348e-01   2.253290e-21   1.566791e-04   1.322621e-22   360
  5.807331e-01   2.125815e-21   2.311994e-04   7.200189e-23   624
  5.816941e-01   2.140980e-21   1.562320e-04   1.087775e-22   360
  5.829744e-01   2.685449e-21   2.125215e-04   8.328461e-23   876
  5.841306e-01   2.711300e-21   2.524119e-04   1.091397e-22   696
  5.852967e-01   2.725873e-21   1.629911e-04   1.568167e-22   336
  5.859080e-01   3.555411e-21   1.628079e-04   1.656937e-22   504
  5.869176e-01   3.796789e-21   1.642187e-04   1.282682e-22   672
  5.884155e-01   3.067799e-21   3.269213e-04   1.106032e-22   720
  5.894543e-01   3.769289e-21   2.469541e-04   1.357959e-22   774
  5.906010e-01   3.592849e-21   1.413501e-04   1.656012e-22   384
  5.912015e-01   2.380127e-21   2.720183e-04   1.247280e-22   528
  5.921335e-01   3.059880e-21   2.592486e-04   1.131760e-22   744
  5.936327e-01   2.614195e-21   2.138251e-04   1.072900e-22   768
  5.946281e-01   1.985754e-21   2.400348e-04   9.052361e-23   552
  5.958700e-01   1.702337e-21   2.616108e-04   7.630067e-23   696
  5.967938e-01   1.996922e-21   3.179026e-04   1.119461e-22   408
  5.975272e-01   2.450261e-21   1.373364e-04   1.153029e-22   504
  5.986899e-01   2.009727e-21   2.467198e-04   7.795987e-23   888
  5.998339e-01   1.859498e-21   2.564132e-04   7.824640e-23   648
  6.010230e-01   2.441507e-21   2.542153e-04   1.007882e-22   648
  6.021418e-01   1.849825e-21   2.741064e-04   7.312328e-23   792
  6.033268e-01   2.275694e-21   4.010364e-04   1.144505e-22   600
  6.042000e-01   1.936975e-21   2.717856e-04   9.796654e-23   456
  6.051191e-01   2.530786e-21   1.324567e-04   9.156108e-23   648
  6.062996e-01   2.377743e-21   2.583099e-04   7.977817e-23   936
  6.075741e-01   3.071881e-21   1.586356e-04   1.383369e-22   384
  6.086836e-01   3.694364e-21   1.334798e-08   2.442346e-22   198
  6.095398e-01   3.688267e-21   4.024720e-04   1.018926e-22   1224
  6.104634e-01   2.872163e-21   2.931235e-04   1.502146e-22   420
  6.115558e-01   2.826870e-21   2.836822e-04   9.282858e-23   792
  6.126238e-01   2.620094e-21   2.345810e-04   1.023994e-22   680
  6.138428e-01   2.833305e-21   2.154033e-04   1.243678e-22   600
  6.148235e-01   2.527573e-21   3.123938e-04   9.798769e-23   840
  6.161330e-01   2.410567e-21   1.474979e-04   1.252884e-22   432
  6.166334e-01   1.785061e-21   1.382249e-04   7.384933e-23   720
  6.177213e-01   1.927688e-21   2.768404e-04   7.365370e-23   960
  6.190745e-01   1.674587e-21   2.467829e-04   8.052737e-23   528
  6.200634e-01   1.414120e-21   2.522592e-04   6.008159e-23   624
  6.212404e-01   2.135990e-21   1.982740e-04   8.308258e-23   816
  6.224086e-01   1.921821e-21   3.260658e-04   8.906045e-23   696
  6.236996e-01   1.740000e-21   2.202416e-08   1.114643e-22   240
  6.241851e-01   1.899629e-21   1.922888e-04   7.398386e-23   672
  6.252686e-01   2.440330e-21   3.436476e-04   9.797168e-23   864
  6.264840e-01   1.854066e-21   2.636938e-04   7.416891e-23   816
  6.275795e-01   2.046070e-21   1.509292e-04   9.763446e-23   648
  6.287594e-01   2.741100e-21   1.542771e-04   1.120507e-22   843
  6.297611e-01   2.700524e-21   2.775825e-04   1.175740e-22   780
  6.309548e-01   3.701293e-21   1.489456e-04   2.409929e-22   216
  6.316911e-01   2.504704e-21   3.591661e-04   9.370844e-23   1056
  6.328235e-01   2.520974e-21   2.938382e-04   1.958742e-22   228
  6.338720e-01   4.130308e-21   3.658358e-04   1.473678e-22   924
  6.349484e-01   2.652142e-21   1.357046e-04   1.302754e-22   696
  6.360882e-01   2.873744e-21   2.415153e-04   1.036677e-22   996
  6.372543e-01   1.888850e-21   1.425858e-04   7.932117e-23   576
  6.384675e-01   2.330393e-21   2.200718e-04   1.158807e-22   552
  6.393519e-01   3.390202e-21   2.627580e-04   1.404832e-22   516
  6.402494e-01   2.410278e-21   3.821047e-04   1.067059e-22   744
  6.412749e-01   1.855883e-21   1.874451e-04   8.747398e-23   576
  6.421669e-01   1.750136e-21   1.929285e-04   7.975616e-23   792
  6.434346e-01   1.655834e-21   2.205530e-04   6.379129e-23   792
  6.443636e-01   1.777894e-21   2.378641e-04   7.863961e-23   720
  6.456200e-01   1.917764e-21   2.711104e-04   8.973679e-23   656
  6.467974e-01   1.727123e-21   2.960385e-04   7.141215e-23   816
  6.480043e-01   2.154483e-21   1.596190e-04   1.125854e-22   492
  6.486903e-01   1.811947e-21   2.296231e-04   7.860863e-23   552
  6.499778e-01   1.377843e-21   3.992867e-04   6.254445e-23   780
  6.508139e-01   1.970003e-21   2.452771e-04   1.091867e-22   528
  6.517148e-01   2.567300e-21   2.863130e-04   1.287833e-22   600
  6.530425e-01   2.676148e-21   2.379487e-04   1.405531e-22   900
  6.539577e-01   3.224887e-21   1.317325e-04   1.712661e-22   696
  6.552168e-01   2.656258e-21   3.330907e-04   1.288289e-22   696
  6.564349e-01   2.391132e-21   1.351317e-04   1.233898e-22   552
  6.574592e-01   2.779166e-21   1.571457e-04   1.294321e-22   708
  6.585322e-01   2.223682e-21   2.594565e-04   8.968696e-23   876
  6.596487e-01   1.589053e-21   1.377663e-04   1.604629e-22   216
  6.603980e-01   2.121079e-21   3.768094e-04   7.732635e-23   1032
  6.615201e-01   1.559401e-21   4.195357e-04   8.359384e-23   600
  6.626848e-01   1.749500e-21   2.001869e-04   8.702678e-23   600
  6.635732e-01   1.667855e-21   3.535112e-04   8.570795e-23   528
  6.646233e-01   1.822235e-21   1.940622e-04   8.335223e-23   732
  6.657296e-01   1.761442e-21   1.432973e-04   1.377250e-22   336
  6.670031e-01   1.572696e-21   2.042271e-04   6.944714e-23   912
  6.679548e-01   1.515481e-21   2.049821e-04   7.466006e-23   624
  6.689946e-01   2.274038e-21   1.727341e-04   9.795490e-23   768
  6.702082e-01   1.618238e-21   3.116463e-04   5.990616e-23   792
  6.713995e-01   2.130309e-21   1.545014e-04   1.103097e-22   660
  6.722471e-01   1.561270e-21   2.276826e-04   9.009492e-23   504
  6.731238e-01   1.982868e-21   3.719898e-04   1.415135e-22   480
  6.744376e-01   1.934221e-21   3.440421e-04   7.586981e-23   912
  6.754664e-01   1.676908e-21   3.831443e-04   1.024898e-22   432
  6.764380e-01   1.616148e-21   2.275021e-04   7.525852e-23   564
  6.773006e-01   1.895566e-21   2.177508e-04   8.827845e-23   600
  6.785149e-01   2.140927e-21   3.035240e-04   7.478472e-23   876
  6.794272e-01   1.974140e-21   1.364735e-04   1.575004e-22   264
  6.806846e-01   2.034449e-21   2.648123e-04   9.590415e-23   560
  6.816953e-01   1.952357e-21   1.799457e-04   7.204376e-23   840
  6.829222e-01   1.827550e-21   2.774244e-04   6.587021e-23   1008
  6.840568e-01   1.042143e-21   1.241010e-04   5.809718e-23   456
  6.850930e-01   1.656237e-21   1.607553e-04   7.980272e-23   576
  6.860509e-01   2.071926e-21   2.470177e-04   9.810692e-23   612
  6.873140e-01   1.537376e-21   2.206269e-04   7.394364e-23   780
  6.883444e-01   1.586639e-21   2.528284e-04   7.747929e-23   648
  6.893992e-01   1.442218e-21   1.178213e-04   1.046890e-22   312
  6.900734e-01   1.199634e-21   2.993645e-04   5.692526e-23   528
  6.912414e-01   1.572870e-21   3.909551e-04   7.067897e-23   720
  6.923583e-01   1.213881e-21   3.921794e-04   5.686229e-23   576
  6.937124e-01   1.375255e-21   3.383053e-04   8.146227e-23   444
  6.945549e-01   1.966893e-21   3.317685e-04   8.280100e-23   996
  6.955874e-01   1.331546e-21   2.771265e-04   7.338665e-23   432
  6.965633e-01   2.295239e-21   3.033990e-04   1.256216e-22   504
  6.974062e-01   2.324703e-21   1.367883e-04   1.265955e-22   504
  6.986065e-01   1.950989e-21   2.692009e-04   8.011959e-23   876
  6.996926e-01   1.620413e-21   3.098246e-04   8.106169e-23   504
  7.008236e-01   1.823865e-21   1.975899e-04   8.893079e-23   696
  7.017583e-01   1.320282e-21   1.689187e-04   6.595658e-23   492
  7.030300e-01   1.621252e-21   2.418152e-04   9.366075e-23   432
  7.039719e-01   1.760523e-21   2.264335e-04   9.702126e-23   768
  7.050885e-01   2.079229e-21   2.820533e-04   8.734408e-23   648
  7.061547e-01   2.354817e-21   1.840095e-04   1.520094e-22   456
  7.073798e-01   1.871535e-21   2.530430e-04   1.145422e-22   552
  7.082306e-01   1.618114e-21   1.734358e-04   7.981183e-23   648
  7.094016e-01   1.566085e-21   2.826907e-04   6.712817e-23   840
  7.105454e-01   1.551445e-21   1.348092e-04   9.418546e-23   432
  7.116906e-01   2.133563e-21   1.651183e-04   1.137967e-22   600
  7.124870e-01   1.693720e-21   1.759227e-04   8.950476e-23   432
  7.138248e-01   1.311307e-21   1.751482e-04   7.510782e-23   560
  7.147308e-01   1.296621e-21   2.772412e-04   4.913003e-23   840
  7.158652e-01   1.584038e-21   1.642140e-04   9.478896e-23   504
  7.167662e-01   1.160749e-21   3.351509e-04   5.548939e-23   696
  7.180362e-01   1.243237e-21   1.830475e-04   6.116424e-23   384
  7.190254e-01   1.410335e-21   2.681431e-04   8.204755e-23   576
  7.202219e-01   1.389744e-21   1.654845e-04   1.121683e-22   360
  7.211864e-01   1.247111e-21   2.464465e-04   4.788423e-23   828
  7.222268e-01   1.450125e-21   2.195064e-04   9.858833e-23   372
  7.231800e-01   1.671891e-21   3.352284e-04   8.779513e-23   576
  7.244428e-01   1.972392e-21   1.403933e-04   9.410280e-23   636
  7.253425e-01   1.689411e-21   2.706420e-04   7.767611e-23   648
  7.265596e-01   1.394599e-21   2.200024e-04   6.881791e-23   576
  7.274333e-01   1.369935e-21   3.548870e-04   5.437767e-23   528
  7.285953e-01   2.051427e-21   1.517289e-04   1.366735e-22   360
  7.295571e-01   1.305701e-21   3.490332e-04   6.018660e-23   672
  7.308130e-01   1.865827e-21   1.787806e-04   1.003360e-22   804
  7.318582e-01   2.384069e-21   1.972163e-04   1.880445e-22   408
  7.330145e-01   1.832075e-21   1.219011e-04   1.274555e-22   384
  7.337931e-01   9.949351e-22   2.789567e-04   7.805410e-23   480
  7.348913e-01   1.798878e-21   1.802469e-04   9.439768e-23   432
  7.359446e-01   1.109382e-21   3.321566e-04   5.443545e-23   648
  7.371913e-01   1.518470e-21   2.061016e-04   8.543497e-23   624
  7.381033e-01   1.470111e-21   1.874668e-04   1.057157e-22   456
  7.393486e-01   1.406413e-21   2.560963e-04   8.459633e-23   588
  7.401831e-01   1.030355e-21   1.633884e-04   4.719214e-23   600
  7.414016e-01   2.000149e-21   2.548458e-04   1.077380e-22   708
  7.423640e-01   1.803438e-21   1.605479e-04   1.590483e-22   360
  7.434275e-01   1.940085e-21   1.845541e-04   1.131919e-22   552
  7.444470e-01   1.399613e-21   1.294691e-04   1.099322e-22   288
  7.454820e-01   1.567776e-21   2.434372e-04   9.095977e-23   528
  7.464545e-01   1.341909e-21   1.642340e-04   6.743127e-23   456
  7.475410e-01   1.610764e-21   2.912225e-04   7.299389e-23   608
  7.486338e-01   1.403583e-21   1.408967e-04   7.416385e-23   504
  7.498278e-01   9.155113e-22   3.024972e-04   5.573255e-23   540
  7.507642e-01   2.043383e-21   3.247222e-04   1.315525e-22   360
  7.517735e-01   1.534657e-21   1.470509e-04   9.046129e-23   540
  7.526661e-01   1.298657e-21   1.262606e-04   6.926527e-23   576
  7.539642e-01   1.368156e-21   2.927555e-04   7.445669e-23   588
  7.551985e-01   1.053311e-21   4.039143e-04   4.452885e-23   672
  7.562588e-01   1.222907e-21   3.087151e-04   6.828599e-23   552
  7.571135e-01   1.235194e-21   3.088712e-04   1.123079e-22   144
  7.582042e-01   1.036802e-21   2.624178e-04   5.345594e-23   600
  7.592383e-01   8.929515e-22   3.288668e-04   4.954653e-23   504
  7.603860e-01   8.195444e-22   3.378126e-04   4.567482e-23   336
  7.615932e-01   8.527792e-22   3.797028e-04   3.967331e-23   600
  7.626744e-01   1.287136e-21   2.450478e-04   1.016274e-22   636
  7.638413e-01   1.920401e-21   1.970206e-04   2.064342e-22   384
  7.646595e-01   1.603305e-21   2.748205e-04   1.296530e-22   504
  7.658387e-01   1.230296e-21   1.153383e-04   9.321366e-23   240
  7.667694e-01   1.413842e-21   2.709461e-04   7.266072e-23   744
  7.678860e-01   9.867229e-22   1.850150e-04   4.742297e-23   648
  7.688783e-01   4.194881e-21   1.228185e-04   4.118316e-22   120
  7.700414e-01   9.689028e-22   1.929319e-04   4.384298e-23   564
  7.709202e-01   1.685529e-21   3.030111e-04   8.869893e-23   432
  7.720932e-01   1.069810e-21   2.351965e-04   5.643850e-23   480
  7.729764e-01   7.606995e-22   1.731106e-04   4.036755e-23   456
  7.740189e-01   1.309706e-21   2.864725e-04   7.288599e-23   444
  7.752020e-01   9.152797e-22   4.383180e-04   4.285590e-23   528
  7.762412e-01   1.778245e-21   3.255297e-04   1.042731e-22   264
  7.772498e-01   1.169596e-21   3.336195e-04   7.823913e-23   444
  7.786065e-01   1.272029e-21   3.654311e-04   5.719908e-23   696
  7.797327e-01   1.368682e-21   1.954448e-04   7.677399e-23   384
  7.805563e-01   8.265575e-22   2.469609e-04   4.787219e-23   432
  7.818373e-01   1.170864e-21   1.706384e-04   6.109004e-23   488
  7.826690e-01   8.703840e-22   2.571733e-04   4.895864e-23   480
  7.838749e-01   1.139620e-21   2.868014e-04   5.857270e-23   480
  7.848089e-01   6.772540e-22   1.203331e-04   4.698816e-23   240
  7.858692e-01   1.031307e-21   2.810886e-04   7.029880e-23   600
  7.868694e-01   7.306517e-22   2.449399e-04   5.201945e-23   288
  7.879343e-01   1.126274e-21   2.356143e-04   6.904116e-23   480
  7.890129e-01   8.224294e-22   4.191157e-04   5.035209e-23   504
  7.900748e-01   7.952774e-22   1.798267e-04   6.876250e-23   216
  7.914291e-01   1.200194e-21   2.944050e-04   7.656574e-23   504
  7.924838e-01   9.136884e-22   2.367912e-04   5.667092e-23   456
  7.936384e-01   1.186956e-21   1.358038e-04   8.935988e-23   384
  7.944031e-01   1.377990e-21   2.756326e-04   7.176570e-23   480
  7.954897e-01   1.296770e-21   2.420363e-04   6.611156e-23   504
  7.964966e-01   1.218291e-21   1.535327e-04   5.695949e-23   312
  7.975815e-01   1.382410e-21   2.474127e-04   6.835473e-23   492
  7.985417e-01   7.491664e-22   2.318919e-04   4.097054e-23   312
  7.997779e-01   8.272720e-22   3.766899e-04   4.039422e-23   576
  8.008661e-01   9.839309e-22   3.477153e-04   6.729646e-23   336
  8.017699e-01   9.706438e-22   2.677247e-04   7.087055e-23   240
  8.030228e-01   9.825055e-22   3.549351e-04   5.022482e-23   468
  8.041047e-01   1.269015e-21   2.222407e-04   8.516541e-23   192
  8.052370e-01   8.375537e-22   2.229031e-04   6.301688e-23   324
  8.060669e-01   9.509483e-22   1.617794e-04   4.225511e-23   600
  8.071978e-01   9.812170e-22   2.624704e-04   5.620499e-23   456
  8.080377e-01   9.402506e-22   1.180592e-04   5.435778e-23   336
  8.094297e-01   1.094755e-21   3.535027e-04   5.550100e-23   612
  8.104424e-01   7.811946e-22   2.966749e-04   5.183404e-23   144
  8.114002e-01   9.605757e-22   3.462957e-04   4.856085e-23   552
  8.127025e-01   8.210714e-22   1.363755e-04   5.535758e-23   264
  8.134384e-01   9.878598e-22   3.157441e-04   5.156448e-23   336
  8.145992e-01   8.954372e-22   2.086329e-04   4.883235e-23   384
  8.156059e-01   9.044830e-22   1.174397e-04   6.524901e-23   216
  8.167203e-01   8.845078e-22   2.489964e-04   8.528463e-23   344
  8.177364e-01   1.070575e-21   3.715143e-04   6.919196e-23   408
  8.189746e-01   1.207951e-21   2.854845e-04   9.279536e-23   264
  8.200718e-01   1.260802e-21   3.979796e-04   7.974414e-23   612
  8.211681e-01   1.055006e-21   2.048307e-04   6.096356e-23   408
  8.222956e-01   1.246532e-21   2.051251e-04   7.792050e-23   444
  8.231239e-01   1.437375e-21   1.147249e-04   1.668769e-22   120
  8.242338e-01   1.058281e-21   3.169640e-04   6.053556e-23   336
  8.250576e-01   6.870728e-22   1.101437e-04   4.471663e-23   288
  8.261708e-01   7.167525e-22   3.427692e-04   3.774754e-23   552
  8.277012e-01   8.814010e-22   1.835347e-08   1.077977e-22   72
  8.284882e-01   9.290449e-22   3.404572e-04   4.426014e-23   504
  8.294074e-01   5.385863e-22   1.095558e-04   3.869950e-23   216
  8.305983e-01   8.764298e-22   1.956043e-04   5.529550e-23   312
  8.316675e-01   6.954831e-22   2.227263e-04   4.487638e-23   336
  8.326865e-01   1.032777e-21   3.087236e-04   1.550969e-22   204
  8.337014e-01   8.598496e-22   3.587838e-04   5.474774e-23   504
  8.347777e-01   1.191895e-21   3.416652e-04   7.872732e-23   396
  8.358127e-01   7.726436e-22   3.133249e-04   6.230165e-23   312
  8.370674e-01   1.404184e-21   1.914750e-04   9.358235e-23   216
  8.379516e-01   1.286480e-21   1.039172e-04   7.933834e-23   168
  8.390260e-01   1.000794e-21   2.623966e-04   4.887134e-23   588
  8.402521e-01   5.093862e-22   3.561727e-04   3.840167e-23   240
  8.412047e-01   1.257705e-21   3.145601e-04   1.242903e-22   264
  8.423219e-01   7.200157e-22   3.890183e-04   4.698480e-23   288
  8.433131e-01   1.064190e-21   1.942596e-04   6.523225e-23   288
  8.445693e-01   7.801783e-22   1.824406e-04   5.243075e-23   288
  8.454153e-01   8.483393e-22   2.113423e-04   7.706342e-23   192
  8.464795e-01   9.015291e-22   2.248894e-04   4.195797e-23   264
  8.474933e-01   1.033264e-21   3.699119e-04   6.788717e-23   372
  8.485844e-01   1.620237e-21   3.995208e-04   1.321154e-22   360
  8.499161e-01   9.325585e-22   1.690810e-04   1.043689e-22   144
  8.506044e-01   6.055390e-22   2.348461e-04   3.823259e-23   296
  8.516909e-01   8.131920e-22   2.530345e-04   5.609584e-23   288
  8.529347e-01   6.719117e-22   3.781537e-04   3.388848e-23   480
  8.540076e-01   4.576961e-22   3.142096e-04   3.898554e-23   192
  8.550509e-01   6.582602e-22   3.370327e-04   5.301901e-23   192
  8.559992e-01   6.139573e-22   2.147949e-04   4.093925e-23   288
  8.573180e-01   1.055256e-21   1.869760e-04   1.600180e-22   108
  8.579823e-01   7.083990e-22   1.797545e-04   5.063057e-23   240
  8.591554e-01   6.731884e-22   3.353363e-04   4.121178e-23   384
  8.603605e-01   8.022787e-22   4.090723e-04   1.039239e-22   108
  8.614261e-01   1.986090e-21   2.398466e-04   2.046714e-22   348
  8.625466e-01   1.056176e-21   2.503134e-04   6.610299e-23   312
  8.635474e-01   6.826188e-22   2.432319e-04   8.398889e-23   96
  8.644677e-01   7.780051e-22   3.238194e-04   5.030318e-23   384
  8.654984e-01   1.042590e-21   2.227222e-04   8.486435e-23   144
  8.665066e-01   1.077277e-21   3.422225e-04   7.401489e-23   408
  8.677598e-01   9.589113e-22   1.526554e-04   6.771027e-23   144
  8.689437e-01   9.802394e-22   2.934816e-04   8.125559e-23   192
  8.696459e-01   8.379910e-22   3.303190e-04   7.864803e-23   144
  8.707904e-01   8.072762e-22   2.685615e-04   7.048709e-23   144
  8.718702e-01   6.554276e-22   3.282257e-04   3.682423e-23   336
  8.731927e-01   4.519993e-22   2.428454e-04   3.352100e-23   240
  8.740312e-01   3.310460e-22   1.102739e-04   3.574224e-23   96
  8.752007e-01   9.183510e-22   3.233803e-04   5.028004e-23   372
  8.763838e-01   9.578390e-22   3.846540e-04   8.805631e-23   132
  8.774230e-01   4.247329e-22   2.380193e-04   2.470515e-23   264
  8.783527e-01   6.623216e-22   1.827880e-04   6.087807e-23   168
  8.793449e-01   9.323263e-22   2.922429e-04   6.422447e-23   216
  8.802213e-01   8.900985e-22   1.787978e-04   6.744093e-23   216
  8.814979e-01   4.072302e-22   3.280196e-04   4.353086e-23   96
  8.826561e-01   6.168974e-22   2.140028e-04   5.557466e-23   120
  8.837183e-01   5.268321e-22   2.720578e-04   3.359709e-23   216
  8.845934e-01   9.617735e-22   1.188902e-04   5.320693e-23   200
  8.857519e-01   7.877051e-22   3.077557e-04   5.407450e-23   288
  8.872378e-01   8.446343e-22   8.097649e-05   6.233194e-23   144
  8.878635e-01   7.640207e-22   2.519939e-04   5.900674e-23   168
  8.891412e-01   1.652932e-21   2.835956e-04   3.210402e-22   159
  8.901386e-01   9.404361e-22   2.975600e-04   7.528306e-23   174
  8.911039e-01   6.951897e-22   2.698170e-04   6.975308e-23   144
  8.923678e-01   7.073692e-22   1.557998e-04   5.862508e-23   222
  8.932131e-01   8.893578e-22   1.572158e-04   7.331460e-23   168
  8.946732e-01   9.255556e-22   3.448346e-04   1.330913e-22   30
  8.952763e-01   3.170441e-22   3.044637e-04   3.723766e-23   72
  8.964123e-01   6.736901e-22   2.717302e-04   5.116859e-23   258
  8.976612e-01   7.231388e-22   1.701916e-04   5.510141e-23   264
  8.982857e-01   5.844663e-22   0.000000e+00   8.938624e-23   72
  8.995871e-01   9.421782e-22   3.373270e-04   7.500090e-23   174
  9.007654e-01   6.812582e-22   3.591909e-04   4.715607e-23   168
  9.017127e-01   2.550769e-22   1.123916e-08   3.838228e-23   48
  9.027297e-01   6.448929e-22   2.028435e-04   7.983966e-23   150
  9.039088e-01   4.566949e-22   3.731453e-04   3.980855e-23   168
  9.050911e-01   5.789142e-22   2.273028e-04   4.476464e-23   144
  9.061784e-01   9.658735e-22   2.123525e-04   1.437020e-22   102
  9.069882e-01   1.463046e-21   3.143182e-04   1.178192e-22   96
  9.082731e-01   1.148362e-21   3.119397e-04   9.205024e-23   120
  9.092246e-01   9.545907e-22   3.345635e-04   5.469694e-23   168
  9.102538e-01   1.218498e-21   2.470487e-04   1.087290e-22   126
  9.111308e-01   5.886529e-22   1.863241e-04   4.404790e-23   168
  9.123389e-01   7.999319e-22   2.987709e-04   8.535192e-23   72
  9.133947e-01   5.367763e-22   3.741278e-04   3.769085e-23   168
  9.143196e-01   6.337564e-22   1.025668e-04   6.572731e-23   78
  9.155870e-01   6.513745e-22   1.684070e-04   8.678047e-23   60
  9.166075e-01   6.640811e-22   2.731835e-04   6.412784e-23   96
  9.176659e-01   4.871574e-22   3.314854e-04   3.892855e-23   168
  9.186605e-01   1.111100e-21   2.097511e-04   1.190667e-22   86
  9.197042e-01   7.631077e-22   1.874678e-04   1.120959e-22   120
  9.212002e-01   5.978888e-22   1.336894e-04   4.419974e-23   168
  9.220069e-01   5.856347e-22   0.000000e+00   8.447627e-23   48
  9.230934e-01   3.717477e-22   2.435676e-04   3.690370e-23   120
  9.237177e-01   8.330079e-22   1.776924e-04   9.969016e-23   126
  9.252418e-01   4.540327e-22   3.125113e-04   4.149770e-23   96
  9.262310e-01   8.897346e-22   9.011285e-05   9.544496e-23   96
  9.270111e-01   5.490154e-22   0.000000e+00   7.087427e-23   72
  9.286731e-01   4.121083e-22   1.123916e-08   5.578977e-23   24
  9.297104e-01   1.167974e-21   1.854501e-04   1.185615e-22   120
  9.305196e-01   6.582474e-22   2.705147e-04   4.984468e-23   126
  9.314194e-01   1.057224e-21   2.255107e-04   8.163031e-23   96
  9.324708e-01   1.773264e-21   3.897482e-04   1.645459e-22   72
  9.336415e-01   4.266273e-22   1.685792e-04   3.682395e-23   144
  9.346046e-01   8.190706e-22   9.723254e-05   6.925354e-23   72
  9.355666e-01   1.940678e-21   1.942081e-04   3.981381e-22   54
  9.364132e-01   6.089492e-22   1.711436e-04   5.701245e-23   108
  9.381728e-01   1.667488e-21   1.677650e-04   1.566470e-22   72
  9.387206e-01   3.963110e-22   9.680617e-05   4.259405e-23   72
  9.400202e-01   1.417403e-21   1.946680e-08   2.096050e-22   24
  9.412498e-01   6.476540e-22   2.047976e-04   8.465970e-23   48
  9.419964e-01   5.444504e-22   1.560029e-04   6.495807e-23   102
  9.431203e-01   7.164423e-22   3.528137e-04   5.828047e-23   168
  9.445889e-01   3.567913e-22   1.924163e-04   3.534538e-23   72
  9.451330e-01   4.568309e-22   0.000000e+00   7.443288e-23   48
  9.462744e-01   6.222622e-22   3.309678e-04   6.219807e-23   120
  9.477807e-01   5.802868e-22   2.033864e-04   6.121392e-23   96
  9.492033e-01   9.981847e-22   2.202416e-08   2.079875e-22   30
  9.508942e-01   4.297344e-22   9.555995e-05   3.522876e-23   72
  9.516372e-01   5.469439e-22   1.123916e-08   8.574634e-23   24
  9.525916e-01   1.318956e-21   1.416435e-04   1.039920e-22   56
  9.536606e-01   9.438342e-22   2.021324e-04   1.090158e-22   96
  9.549399e-01   1.042396e-21   2.232036e-04   8.282941e-23   144
  9.559263e-01   5.066534e-22   1.267263e-04   4.449884e-23   54
  9.573592e-01   1.252510e-21   1.898493e-04   1.512063e-22   108
  9.588012e-01   3.393780e-22   1.005243e-04   5.143432e-23   48
  9.601739e-01   6.276996e-22   3.785063e-04   6.602058e-23   72
  9.634680e-01   1.815453e-21   2.500803e-04   2.372624e-22   78
  9.643808e-01   7.567763e-22   1.884669e-04   6.497579e-23   72
  9.654462e-01   5.425920e-22   1.882329e-04   5.435746e-23   72
  9.665603e-01   3.885126e-22   4.542266e-04   4.123213e-23   96
  9.674408e-01   8.050054e-22   1.878449e-04   7.645850e-23   72
  9.685029e-01   9.172134e-22   0.000000e+00   1.320389e-22   24
  9.695638e-01   4.583325e-22   3.748416e-04   5.373865e-23   72
  9.719599e-01   5.871040e-22   2.380359e-04   1.258303e-22   30
  9.724755e-01   4.875826e-22   0.000000e+00   1.097644e-22   24
  9.752466e-01   1.886507e-21   1.976584e-04   1.725778e-22   48
  9.761159e-01   7.519079e-22   4.253608e-04   7.413166e-23   120
  9.772870e-01   6.214964e-22   1.859776e-04   6.895278e-23   72
  9.784697e-01   2.364173e-21   1.857528e-04   2.547930e-22   36
  9.792826e-01   1.371092e-21   3.671339e-04   1.600230e-22   78
  9.815513e-01   4.846116e-22   1.963888e-04   7.113737e-23   48
  9.844928e-01   4.378330e-22   1.589457e-08   4.786423e-23   24
  9.865884e-01   7.704239e-22   1.367612e-04   7.897012e-23   56
  9.876436e-01   1.016913e-21   2.104496e-04   1.708694e-22   102
  9.889860e-01   3.594283e-22   1.498555e-08   4.083198e-23   72
  9.897653e-01   8.472481e-22   0.000000e+00   1.220949e-22   24
  9.911277e-01   5.808536e-22   1.944913e-04   8.297341e-23   48
  9.936528e-01   2.116995e-22   0.000000e+00   3.386373e-23   24
  9.967520e-01   6.407128e-22   0.000000e+00   3.226532e-22   6
  9.977185e-01   1.001059e-21   0.000000e+00   1.020346e-22   24
  9.983623e-01   2.385503e-21   1.820511e-04   3.569307e-22   72
  9.995384e-01   1.473275e-21   3.396336e-04   1.669964e-22   84
  1.000805e+00   2.565825e-22   0.000000e+00   3.612398e-23   24
  1.001190e+00   2.058859e-21   1.589457e-08   1.463164e-22   24
  1.003114e+00   6.017753e-22   1.123916e-08   8.142465e-23   24
  1.005800e+00   2.761345e-21   0.000000e+00   6.306572e-22   6
  1.009244e+00   5.701045e-22   1.910001e-04   7.517446e-23   48
  1.010072e+00   2.777467e-22   3.598129e-04   2.675267e-23   72
  1.011152e+00   5.529711e-22   1.906396e-04   7.342222e-23   48
  1.012867e+00   1.597383e-22   0.000000e+00   2.592079e-23   24
  1.015148e+00   2.543547e-21   1.123916e-08   9.355557e-22   6
  1.020262e+00   1.711374e-20   0.000000e+00   8.440149e-22   8
  1.020640e+00   2.753262e-22   1.123916e-08   2.980310e-23   48
  1.021546e+00   4.257884e-21   1.848806e-04   5.927990e-22   60
  1.022904e+00   6.819326e-22   0.000000e+00   1.025382e-22   24
  1.024787e+00   3.197868e-21   0.000000e+00   3.538537e-22   6
  1.031723e+00   5.544999e-22   0.000000e+00   9.293703e-23   24
  1.032283e+00   3.933453e-22   1.867372e-04   3.876351e-23   48
  1.033217e+00   1.445184e-22   0.000000e+00   3.337785e-23   24
  1.034708e+00   1.340018e-21   1.123916e-08   3.139254e-22   6
  1.043181e+00   7.130758e-21   1.742080e-04   1.647141e-21   36
  1.043797e+00   4.060993e-22   0.000000e+00   6.759540e-23   24
  1.044904e+00   1.780747e-20   0.000000e+00   1.467740e-21   6
  1.054545e+00   4.463521e-22   1.583190e-04   4.836362e-23   32
  1.055367e+00   9.476629e-22   1.123916e-08   3.081829e-22   6
  1.065728e+00   4.212247e-22   0.000000e+00   1.432694e-22   12
  1.066089e+00   1.865735e-20   0.000000e+00   8.839602e-22   6
  1.077063e+00   5.154699e-22   1.589457e-08   6.783853e-23   6
