# power spectrum of phi
# redshift z=0.000000
# k              Pk             sigma(k)       sigma(Pk)      count
  1.963495e-02   1.287271e-08   0.000000e+00   7.347758e-17   6
  2.776802e-02   1.872301e-09   0.000000e+00   0.000000e+00   12
  3.400874e-02   3.626301e-10   3.725290e-10   0.000000e+00   8
  3.926991e-02   1.104553e-09   0.000000e+00   6.494562e-18   6
  4.390509e-02   9.204029e-11   0.000000e+00   0.000000e+00   24
  4.809562e-02   1.873931e-10   7.024475e-10   0.000000e+00   24
  5.553604e-02   1.274562e-10   0.000000e+00   5.740436e-19   12
  5.890486e-02   1.178932e-10   7.947286e-10   3.202050e-12   30
  6.209118e-02   2.069048e-12   0.000000e+00   0.000000e+00   24
  6.512178e-02   2.512673e-11   1.216675e-09   0.000000e+00   24
  6.801748e-02   5.347651e-11   7.450581e-10   4.305327e-19   8
  7.079483e-02   3.122030e-11   9.934107e-10   7.175545e-20   24
  7.346727e-02   8.539383e-11   0.000000e+00   0.000000e+00   48
  7.853982e-02   9.125922e-12   0.000000e+00   0.000000e+00   6
  8.095699e-02   2.369531e-11   1.404895e-09   1.123744e-13   48
  8.330406e-02   7.497033e-11   0.000000e+00   1.589090e-11   36
  8.558678e-02   7.274833e-11   9.934107e-10   2.029551e-19   24
  8.781018e-02   1.280737e-11   0.000000e+00   0.000000e+00   24
  8.997866e-02   2.183536e-11   0.000000e+00   3.587772e-20   48
  9.209610e-02   1.574740e-11   1.404895e-09   0.000000e+00   24
  9.619124e-02   1.971072e-11   1.404895e-09   0.000000e+00   24
  9.817477e-02   8.096975e-11   0.000000e+00   5.602277e-12   30
  1.001190e-01   3.976759e-11   0.000000e+00   1.712414e-12   72
  1.020262e-01   1.076812e-12   1.490116e-09   5.971182e-13   32
  1.057375e-01   5.806554e-12   0.000000e+00   4.650426e-13   72
  1.075451e-01   3.144267e-12   0.000000e+00   0.000000e+00   48
  1.110721e-01   1.873366e-10   0.000000e+00   0.000000e+00   12
  1.127942e-01   2.514539e-11   0.000000e+00   3.193762e-12   48
  1.144905e-01   1.619433e-11   0.000000e+00   2.657502e-12   48
  1.161620e-01   1.639858e-11   1.404895e-09   0.000000e+00   48
  1.178097e-01   1.037596e-11   1.589457e-09   7.441404e-13   30
  1.194348e-01   5.309753e-12   1.404895e-09   2.536938e-20   24
  1.210380e-01   9.348607e-12   2.961779e-09   7.871338e-13   72
  1.241824e-01   3.738958e-13   0.000000e+00   0.000000e+00   24
  1.257251e-01   1.325137e-11   0.000000e+00   2.162458e-12   96
  1.272490e-01   3.657322e-11   0.000000e+00   0.000000e+00   48
  1.287550e-01   1.510619e-12   2.433349e-09   0.000000e+00   24
  1.302436e-01   1.386450e-12   2.433349e-09   6.342346e-21   24
  1.317153e-01   7.044557e-12   0.000000e+00   3.050126e-13   72
  1.331707e-01   9.648510e-13   0.000000e+00   0.000000e+00   48
  1.360350e-01   3.566257e-12   1.490116e-09   3.883878e-21   8
  1.374447e-01   4.989291e-12   1.766064e-09   1.338641e-13   54
  1.388401e-01   1.317870e-11   0.000000e+00   3.563962e-12   84
  1.402216e-01   1.181509e-11   0.000000e+00   1.739066e-12   48
  1.415897e-01   7.485560e-12   1.986821e-09   0.000000e+00   24
  1.429446e-01   3.927260e-12   1.873193e-09   3.039335e-13   72
  1.442869e-01   5.254939e-12   0.000000e+00   5.102313e-13   96
  1.469345e-01   7.860329e-12   0.000000e+00   1.793886e-20   48
  1.482407e-01   6.817274e-13   0.000000e+00   8.531774e-14   48
  1.495354e-01   5.765971e-13   1.986821e-09   3.171173e-21   24
  1.508189e-01   2.775473e-13   0.000000e+00   1.104204e-14   72
  1.533539e-01   7.294031e-12   1.873193e-09   9.405252e-13   72
  1.546058e-01   1.023597e-11   0.000000e+00   9.851512e-13   96
  1.570796e-01   1.402805e-12   0.000000e+00   0.000000e+00   6
  1.583021e-01   2.756515e-12   0.000000e+00   3.072597e-13   96
  1.595151e-01   2.552048e-13   1.986821e-09   1.799178e-14   96
  1.607190e-01   5.698419e-12   0.000000e+00   0.000000e+00   24
  1.619140e-01   1.087143e-12   2.809790e-09   9.166489e-14   48
  1.631002e-01   2.081691e-12   0.000000e+00   8.728652e-14   96
  1.642778e-01   1.677393e-12   0.000000e+00   0.000000e+00   48
  1.666081e-01   1.727428e-11   0.000000e+00   3.649599e-12   36
  1.677611e-01   9.128257e-12   3.441276e-09   7.142779e-13   48
  1.689063e-01   5.319051e-12   3.893359e-09   4.795109e-13   120
  1.700437e-01   2.413704e-12   0.000000e+00   1.327492e-14   56
  1.711736e-01   5.604405e-12   1.986821e-09   0.000000e+00   24
  1.722960e-01   1.148044e-13   0.000000e+00   1.250299e-14   96
  1.734112e-01   5.966498e-12   0.000000e+00   0.000000e+00   48
  1.756204e-01   5.996746e-12   0.000000e+00   0.000000e+00   24
  1.767146e-01   2.061202e-12   0.000000e+00   2.422801e-13   102
  1.778021e-01   1.381802e-12   0.000000e+00   3.999269e-13   48
  1.788829e-01   1.903770e-12   0.000000e+00   1.802289e-13   72
  1.799573e-01   9.932787e-13   0.000000e+00   2.746316e-21   48
  1.810253e-01   6.042632e-12   0.000000e+00   8.511335e-13   48
  1.820871e-01   5.985253e-12   4.495664e-09   6.271453e-13   120
  1.841922e-01   3.170020e-13   2.809790e-09   0.000000e+00   24
  1.852358e-01   3.216659e-12   2.649095e-09   1.831834e-13   144
  1.862735e-01   1.331702e-12   3.178914e-09   8.030873e-14   120
  1.873055e-01   1.739644e-12   2.809790e-09   0.000000e+00   48
  1.893526e-01   1.010678e-12   2.809790e-09   2.242358e-21   48
  1.903679e-01   2.440246e-13   2.809790e-09   4.350816e-14   96
  1.930487e-01   3.996492e-12   4.711199e-04   3.850389e-13   72
  1.943761e-01   9.583865e-12   3.532127e-09   1.672366e-12   108
  1.953653e-01   5.075773e-12   0.000000e+00   8.191907e-13   72
  1.963495e-01   5.906563e-12   0.000000e+00   3.886826e-13   30
  1.973288e-01   1.003383e-12   0.000000e+00   1.251494e-13   168
  1.983033e-01   9.021850e-13   0.000000e+00   2.313886e-13   48
  2.002380e-01   2.059046e-12   0.000000e+00   1.647892e-13   72
  2.011984e-01   2.228545e-12   0.000000e+00   2.286157e-13   96
  2.021542e-01   8.944858e-13   5.298191e-09   4.195050e-14   72
  2.031055e-01   2.128088e-13   0.000000e+00   4.227144e-15   72
  2.047049e-01   4.878682e-13   4.350048e-04   2.614075e-14   104
  2.059331e-01   2.459501e-13   3.746387e-09   3.259596e-15   144
  2.087224e-01   4.687234e-12   6.282881e-09   5.969784e-13   96
  2.096439e-01   6.647000e-12   0.000000e+00   6.056693e-13   96
  2.111095e-01   6.043446e-13   4.475232e-04   7.458381e-14   120
  2.123845e-01   9.219839e-13   0.000000e+00   7.158365e-14   120
  2.132902e-01   4.351170e-13   0.000000e+00   1.551699e-14   72
  2.150901e-01   5.123511e-13   0.000000e+00   0.000000e+00   48
  2.159845e-01   8.382603e-13   4.235416e-09   2.056306e-13   78
  2.171286e-01   1.559317e-12   4.007142e-04   1.369611e-13   168
  2.195255e-01   2.445153e-13   3.746387e-09   3.188816e-14   144
  2.204018e-01   6.877932e-13   3.746387e-09   5.513871e-15   144
  2.229436e-01   5.427506e-12   2.307791e-04   8.659683e-13   156
  2.238729e-01   9.023269e-13   4.866699e-09   1.341840e-13   48
  2.247323e-01   9.585106e-13   3.178914e-09   8.237194e-14   120
  2.255884e-01   1.023326e-12   0.000000e+00   9.190576e-14   48
  2.271022e-01   6.534802e-13   3.532495e-04   3.247643e-14   216
  2.289809e-01   4.327562e-13   0.000000e+00   1.438628e-14   48
  2.298212e-01   1.647760e-13   2.809790e-09   2.746139e-15   96
  2.310160e-01   5.935018e-13   4.128272e-04   5.688570e-14   168
  2.323239e-01   2.496422e-14   2.809790e-09   0.000000e+00   48
  2.331522e-01   7.316211e-13   0.000000e+00   2.910553e-14   96
  2.339775e-01   1.942198e-13   0.000000e+00   0.000000e+00   48
  2.356194e-01   2.635451e-12   3.178914e-09   4.739297e-13   30
  2.364362e-01   2.258153e-12   2.809790e-09   2.454202e-13   96
  2.374123e-01   2.238170e-12   3.244455e-04   1.495430e-13   240
  2.386674e-01   1.477919e-13   3.500299e-04   1.930791e-14   32
  2.396752e-01   7.503873e-13   0.000000e+00   6.195994e-14   168
  2.404781e-01   9.689189e-13   0.000000e+00   5.127846e-14   120
  2.420760e-01   1.719602e-12   5.923557e-09   1.029604e-14   72
  2.428710e-01   6.732499e-13   3.746387e-09   5.393255e-14   144
  2.436634e-01   7.237523e-14   0.000000e+00   1.208916e-14   96
  2.444532e-01   1.730541e-13   0.000000e+00   1.014172e-14   96
  2.460253e-01   1.405336e-12   4.588368e-09   1.003521e-13   72
  2.468075e-01   1.897831e-12   3.973643e-09   1.641703e-14   96
  2.483647e-01   3.005732e-15   0.000000e+00   4.291119e-23   24
  2.491396e-01   2.733451e-13   0.000000e+00   3.295562e-14   192
  2.500522e-01   3.464978e-12   2.970416e-04   5.139253e-13   132
  2.514501e-01   9.143291e-13   0.000000e+00   1.657014e-14   96
  2.522156e-01   4.696116e-13   0.000000e+00   1.031261e-14   96
  2.529787e-01   5.037635e-13   3.178914e-09   9.064025e-14   120
  2.544981e-01   1.604829e-12   0.000000e+00   3.171173e-21   48
  2.557435e-01   1.505824e-12   3.599905e-04   8.616706e-14   222
  2.567603e-01   1.014022e-12   0.000000e+00   7.975111e-14   120
  2.575100e-01   2.293697e-13   4.866699e-09   5.605894e-22   24
  2.586015e-01   4.745813e-13   3.715625e-04   1.446254e-14   312
  2.609797e-01   7.728468e-13   3.483547e-04   7.759284e-14   72
  2.619630e-01   5.826945e-13   2.809790e-09   3.200587e-14   96
  2.629726e-01   8.198398e-13   3.547511e-04   4.552796e-14   192
  2.641613e-01   1.584055e-12   4.495664e-09   1.528090e-13   120
  2.648900e-01   1.783619e-12   0.000000e+00   1.172846e-13   144
  2.663415e-01   1.340816e-13   0.000000e+00   0.000000e+00   48
  2.673732e-01   7.810137e-13   3.567146e-04   5.039320e-14   336
  2.685040e-01   1.589062e-12   0.000000e+00   1.072271e-13   48
  2.699360e-01   1.708704e-13   0.000000e+00   6.084241e-15   192
  2.706492e-01   3.165537e-13   0.000000e+00   1.981983e-22   48
  2.726764e-01   1.492196e-12   2.476067e-04   1.799921e-13   56
  2.736844e-01   7.462182e-13   3.180112e-04   3.213289e-14   336
  2.748894e-01   5.523727e-13   3.532127e-09   9.274647e-14   54
  2.759390e-01   4.622985e-13   3.492904e-04   4.202702e-14   240
  2.781181e-01   2.328118e-12   3.344484e-04   2.132437e-13   228
  2.790651e-01   2.828589e-13   3.746387e-09   8.990771e-15   72
  2.799844e-01   4.714865e-13   3.244231e-04   1.179389e-14   144
  2.811298e-01   6.970454e-13   0.000000e+00   3.443219e-14   96
  2.818146e-01   5.988592e-13   4.495664e-09   3.692456e-14   240
  2.831793e-01   1.339838e-12   3.973643e-09   3.171173e-21   24
  2.840530e-01   6.526172e-13   3.064151e-04   1.221322e-14   336
  2.852142e-01   3.339578e-13   0.000000e+00   5.818590e-15   72
  2.862741e-01   5.657763e-13   3.332831e-04   2.281121e-14   168
  2.872346e-01   3.408853e-13   0.000000e+00   1.127835e-14   72
  2.885737e-01   6.976202e-13   0.000000e+00   2.749621e-14   96
  2.896108e-01   6.700560e-13   3.307829e-04   2.848589e-14   216
  2.905708e-01   8.096013e-13   3.973643e-09   1.401543e-14   96
  2.918946e-01   9.133570e-13   0.000000e+00   7.657886e-14   192
  2.925542e-01   1.948792e-12   3.746387e-09   1.161162e-13   144
  2.938691e-01   1.846175e-12   0.000000e+00   0.000000e+00   48
  2.947794e-01   6.589934e-13   3.189136e-04   6.218309e-14   246
  2.960164e-01   3.266413e-13   2.940434e-04   4.224965e-14   168
  2.971308e-01   2.656538e-13   5.506041e-09   2.970879e-14   120
  2.977788e-01   4.831216e-13   0.000000e+00   3.274255e-14   240
  2.990707e-01   3.135172e-13   3.973643e-09   0.000000e+00   24
  3.001001e-01   6.713510e-13   3.147475e-04   3.992869e-14   360
  3.013820e-01   1.007083e-12   3.134082e-04   1.616998e-14   120
  3.022763e-01   3.714576e-13   0.000000e+00   1.748804e-14   144
  3.029133e-01   2.497224e-13   0.000000e+00   5.267366e-15   96
  3.048165e-01   6.170218e-13   0.000000e+00   1.905209e-14   144
  3.054482e-01   2.081402e-12   0.000000e+00   3.150799e-13   132
  3.063360e-01   6.635146e-13   3.093292e-04   8.759713e-14   176
  3.076248e-01   3.562265e-13   3.123602e-04   1.174109e-14   312
  3.092116e-01   6.938436e-13   0.000000e+00   8.721044e-15   96
  3.098343e-01   5.129704e-13   0.000000e+00   1.380059e-14   144
  3.107899e-01   2.937219e-13   3.092271e-04   9.776371e-15   312
  3.123131e-01   2.561178e-14   0.000000e+00   0.000000e+00   48
  3.129297e-01   3.458033e-13   3.973643e-09   1.729705e-14   192
  3.141593e-01   4.993738e-12   0.000000e+00   3.587772e-20   6
  3.149762e-01   4.577862e-13   2.884066e-04   2.055929e-14   288
  3.162994e-01   4.238112e-13   3.047203e-04   3.590714e-14   192
  3.172124e-01   5.282184e-13   9.345130e-09   3.426397e-14   216
  3.178195e-01   2.373245e-13   0.000000e+00   1.277561e-14   72
  3.193321e-01   7.431454e-13   3.018264e-04   4.541352e-14   192
  3.203366e-01   9.654781e-13   2.241224e-04   6.140680e-14   288
  3.214381e-01   1.869970e-13   0.000000e+00   0.000000e+00   24
  3.222890e-01   3.071154e-13   2.952626e-04   1.546236e-14   456
  3.238280e-01   1.057104e-12   5.619580e-09   9.969266e-14   48
  3.247789e-01   4.348720e-13   2.908218e-04   3.070969e-14   240
  3.258718e-01   2.322247e-13   2.939082e-04   1.095591e-14   216
  3.267908e-01   1.368654e-12   0.000000e+00   1.282317e-14   72
  3.273801e-01   3.149700e-13   1.015467e-08   2.298752e-14   168
  3.290441e-01   1.505472e-13   2.184577e-04   8.678809e-15   288
  3.299773e-01   5.887793e-13   2.890570e-04   4.071762e-14   168
  3.314762e-01   1.538547e-13   0.000000e+00   8.952559e-15   192
  3.320572e-01   1.222073e-13   3.746387e-09   1.746432e-14   144
  3.332162e-01   4.201152e-12   0.000000e+00   8.919349e-13   36
  3.341991e-01   8.038424e-13   2.639705e-04   5.852637e-14   342
  3.351389e-01   7.660610e-13   2.710657e-04   3.232940e-14   144
  3.363470e-01   5.316856e-13   2.842800e-04   2.342120e-14   384
  3.378125e-01   5.531110e-13   7.786718e-09   2.043828e-14   120
  3.385379e-01   4.091634e-13   2.534951e-04   2.979296e-14   264
  3.395201e-01   4.332293e-13   1.256576e-08   3.440819e-14   192
  3.404451e-01   3.176897e-13   2.731894e-04   1.164495e-14   152
  3.412191e-01   5.790885e-13   7.492773e-09   2.148580e-14   144
  3.428472e-01   1.860669e-13   1.768108e-04   1.455499e-14   216
  3.436008e-01   4.370024e-13   2.362665e-04   2.019609e-14   312
  3.449274e-01   4.650653e-13   2.738281e-04   1.750645e-14   240
  3.457090e-01   1.146527e-13   3.973643e-09   4.709263e-15   96
  3.471927e-01   7.324324e-13   2.617995e-04   6.032509e-14   144
  3.481071e-01   5.054345e-13   2.573258e-04   2.479037e-14   456
  3.495904e-01   4.997942e-13   0.000000e+00   3.686795e-14   120
  3.501414e-01   1.586934e-13   0.000000e+00   1.720525e-14   144
  3.512407e-01   4.704516e-14   0.000000e+00   0.000000e+00   24
  3.519456e-01   2.458952e-13   2.473498e-04   1.421403e-14   336
  3.531645e-01   3.954960e-13   2.727931e-04   4.962999e-14   198
  3.543067e-01   4.314884e-13   2.652756e-04   3.305757e-14   432
  3.556041e-01   7.609939e-13   0.000000e+00   1.637960e-14   48
  3.562810e-01   5.074196e-13   2.341925e-04   1.634572e-14   384
  3.574963e-01   3.065358e-13   2.696052e-04   5.798404e-14   144
  3.585975e-01   3.941768e-13   2.676825e-04   2.049089e-14   264
  3.599147e-01   4.036217e-13   0.000000e+00   1.121179e-21   48
  3.607984e-01   7.362641e-13   2.545223e-04   1.020331e-13   276
  3.616510e-01   3.481146e-13   2.307176e-04   2.241905e-14   192
  3.627906e-01   3.454256e-13   2.592759e-04   1.112219e-14   552
  3.641741e-01   3.199111e-13   8.991328e-09   1.709918e-14   120
  3.649965e-01   8.570519e-14   2.624511e-04   8.616007e-15   216
  3.657587e-01   3.760546e-13   4.495664e-09   1.405141e-14   120
  3.671201e-01   3.402066e-13   2.584500e-04   1.481823e-14   408
  3.683844e-01   1.164710e-13   5.619580e-09   9.909915e-23   24
  3.691684e-01   1.581413e-13   2.610810e-04   6.687520e-15   384
  3.702633e-01   3.303629e-13   2.550855e-04   1.281674e-14   240
  3.712141e-01   3.960702e-13   2.569535e-04   2.395467e-15   168
  3.725471e-01   1.292999e-13   6.357829e-09   2.203099e-14   120
  3.734064e-01   5.302320e-13   2.678605e-04   4.223390e-14   350
  3.748037e-01   5.367794e-13   4.409502e-04   2.687650e-14   384
  3.756388e-01   1.132612e-12   0.000000e+00   6.341050e-14   144
  3.771752e-01   3.756058e-13   1.059638e-08   2.411939e-14   288
  3.779773e-01   1.854555e-13   2.524053e-04   1.156848e-14   336
  3.790686e-01   1.092042e-13   2.297941e-04   3.173011e-15   168
  3.797219e-01   3.261057e-13   4.541306e-09   1.709665e-14   336
  3.810732e-01   2.291213e-13   2.385126e-04   1.096801e-14   288
  3.818848e-01   4.564515e-13   2.247398e-04   1.870160e-14   264
  3.832590e-01   1.971833e-13   0.000000e+00   1.303242e-14   240
  3.837616e-01   1.582473e-13   7.947286e-09   6.191370e-15   96
  3.855656e-01   2.670941e-13   3.056310e-04   1.581551e-14   360
  3.864075e-01   2.847462e-13   2.253025e-04   2.753878e-14   168
  3.874713e-01   1.798075e-13   2.456032e-04   1.454526e-14   456
  3.887523e-01   1.268160e-12   7.064254e-09   2.401185e-13   108
  3.894728e-01   3.611008e-13   2.464311e-04   2.246925e-14   264
  3.903716e-01   2.538397e-13   2.198567e-04   1.880619e-14   264
  3.916025e-01   2.702162e-13   2.074668e-04   1.356873e-14   312
  3.931351e-01   5.044118e-13   1.541705e-04   8.504013e-14   270
  3.937775e-01   3.469349e-13   1.957388e-04   2.957407e-14   240
  3.949323e-01   2.108020e-13   2.421536e-04   1.852504e-14   384
  3.956334e-01   5.429691e-14   0.000000e+00   9.995933e-15   192
  3.969952e-01   3.519583e-13   1.942960e-04   2.113320e-14   240
  3.977852e-01   2.649554e-13   2.397927e-04   1.209309e-14   336
  3.992708e-01   1.808697e-13   2.413972e-04   1.036276e-14   480
  4.004761e-01   6.258823e-13   0.000000e+00   5.015429e-14   72
  4.011493e-01   3.183012e-13   2.353842e-04   2.521031e-14   240
  4.020650e-01   2.216459e-13   2.212289e-04   2.908578e-14   312
  4.031147e-01   7.932196e-13   2.390954e-04   4.804712e-14   240
  4.047009e-01   3.267185e-13   1.816506e-04   1.963362e-14   408
  4.053288e-01   2.113760e-13   1.663482e-04   1.169656e-14   336
  4.065560e-01   1.464965e-13   2.112212e-04   1.445685e-14   264
  4.071591e-01   9.404062e-14   0.000000e+00   1.202113e-14   144
  4.088370e-01   2.214158e-13   2.927651e-04   1.150409e-14   464
  4.097211e-01   2.408820e-13   2.328083e-04   1.771188e-14   168
  4.105939e-01   1.575765e-13   2.120376e-04   9.225116e-15   336
  4.121713e-01   1.730023e-13   2.227870e-04   2.247470e-14   414
  4.130606e-01   3.036291e-13   2.319080e-04   4.791938e-14   216
  4.141998e-01   4.344077e-13   5.619580e-09   4.948024e-14   96
  4.146649e-01   2.162981e-13   1.685874e-08   2.004744e-14   384
  4.162944e-01   4.735272e-13   2.314600e-04   4.973411e-14   492
  4.171676e-01   4.557238e-13   2.263480e-04   2.575000e-14   240
  4.181546e-01   3.266909e-13   2.298225e-04   2.616163e-14   312
  4.195176e-01   1.555188e-13   2.297469e-04   1.122390e-14   192
  4.203810e-01   2.447849e-13   2.226525e-04   1.652018e-14   504
  4.215265e-01   1.264832e-13   1.473998e-04   7.497646e-15   408
  4.224284e-01   6.556923e-14   4.515774e-04   1.515980e-14   168
  4.235571e-01   2.464178e-13   2.145032e-04   2.168429e-14   288
  4.245041e-01   1.481835e-13   2.238525e-04   5.576447e-15   288
  4.254743e-01   2.063622e-13   2.251410e-04   1.179175e-14   432
  4.268815e-01   1.981522e-13   2.129084e-04   2.122407e-14   216
  4.276334e-01   2.372687e-13   2.124592e-04   9.864858e-15   360
  4.289721e-01   2.217626e-13   2.073582e-04   1.930602e-14   312
  4.301803e-01   1.387612e-13   0.000000e+00   0.000000e+00   48
  4.308767e-01   4.090400e-13   2.223178e-04   2.795632e-14   432
  4.321240e-01   3.933237e-13   3.708284e-04   6.110149e-14   414
  4.328606e-01   2.534415e-13   1.956255e-08   5.366000e-14   312
  4.342347e-01   2.369929e-13   3.253813e-04   2.734952e-14   528
  4.351620e-01   2.879367e-13   1.707976e-04   2.042913e-14   264
  4.362761e-01   3.575670e-13   2.025191e-04   2.283446e-14   480
  4.377318e-01   1.451903e-13   0.000000e+00   1.250019e-14   288
  4.383604e-01   1.626669e-13   2.176005e-04   6.363244e-15   168
  4.395105e-01   3.393779e-13   3.444610e-04   2.844916e-14   504
  4.408036e-01   4.750758e-13   7.492773e-09   3.122133e-14   144
  4.416171e-01   1.063561e-13   2.212265e-04   5.297340e-15   464
  4.428396e-01   3.132494e-13   3.246624e-04   1.843222e-14   432
  4.434197e-01   2.300027e-13   5.619580e-09   3.056844e-14   192
  4.449189e-01   4.160025e-13   2.406833e-04   6.128778e-14   396
  4.458042e-01   2.255343e-13   2.162000e-04   1.831907e-14   288
  4.466990e-01   2.714964e-13   2.135686e-04   1.370661e-14   336
  4.481283e-01   1.032606e-13   1.352359e-04   8.116821e-15   432
  4.490354e-01   1.660189e-13   3.505126e-04   1.276312e-14   360
  4.500539e-01   1.417260e-13   2.073334e-04   6.132909e-15   384
  4.515004e-01   3.920886e-13   1.830116e-04   6.132402e-14   198
  4.521974e-01   1.707234e-13   2.080246e-04   1.828139e-14   552
  4.534970e-01   4.297962e-13   2.912202e-04   4.966549e-14   432
  4.545821e-01   3.464978e-13   0.000000e+00   2.523386e-14   168
  4.554927e-01   5.778371e-13   3.610065e-04   4.579278e-14   480
  4.566974e-01   9.539967e-14   0.000000e+00   2.808545e-15   120
  4.572396e-01   4.238007e-13   2.948545e-04   4.501986e-14   336
  4.585628e-01   3.848479e-13   2.080152e-04   2.330490e-14   672
  4.598711e-01   3.079369e-13   3.025866e-04   2.525250e-14   528
  4.604805e-01   6.376263e-14   9.082613e-09   3.045748e-15   168
  4.618883e-01   1.863328e-13   3.375333e-04   1.131546e-14   456
  4.627474e-01   1.818847e-13   2.061344e-04   8.675978e-15   168
  4.636392e-01   1.277546e-13   2.057643e-04   9.396826e-15   504
  4.651216e-01   9.699047e-14   2.647872e-04   1.077665e-14   336
  4.660180e-01   1.429114e-13   1.908802e-04   1.035792e-14   312
  4.670124e-01   6.860387e-14   1.865029e-04   4.003447e-15   504
  4.683210e-01   7.622223e-14   1.294009e-04   4.864613e-15   432
  4.689362e-01   1.008761e-13   1.999672e-04   1.360983e-14   312
  4.702151e-01   7.682194e-14   2.049761e-04   6.056397e-15   384
  4.715504e-01   1.834463e-12   1.741510e-04   2.413722e-13   126
  4.723748e-01   6.424476e-13   3.057676e-04   5.122633e-14   492
  4.734278e-01   3.435312e-13   1.958445e-04   1.635278e-14   528
  4.747438e-01   1.742857e-13   1.989360e-04   1.951023e-14   480
  4.755596e-01   1.232656e-13   2.748289e-04   1.485495e-14   432
  4.767402e-01   2.402081e-13   2.161166e-04   1.057150e-14   440
  4.781114e-01   1.344200e-13   1.074739e-04   6.616275e-15   312
  4.786259e-01   1.202615e-13   1.610586e-04   5.228852e-15   480
  4.796813e-01   1.187022e-13   3.153497e-04   1.039395e-14   408
  4.812233e-01   1.425950e-13   1.888588e-04   3.566942e-15   360
  4.818747e-01   1.901679e-13   1.822418e-04   9.943491e-15   408
  4.830820e-01   4.186482e-14   1.854542e-04   5.104542e-15   456
  4.844414e-01   1.685872e-13   1.772485e-04   1.340659e-14   264
  4.851959e-01   1.670406e-13   1.923591e-04   1.969224e-14   384
  4.862943e-01   2.045239e-13   3.238501e-04   1.499490e-14   672
  4.875640e-01   2.493122e-13   1.937042e-04   1.322742e-14   240
  4.882967e-01   1.019831e-13   1.965613e-04   5.215075e-15   264
  4.893308e-01   9.624936e-14   2.424259e-04   4.339472e-15   624
  4.908739e-01   1.176147e-13   0.000000e+00   3.078585e-14   150
  4.914232e-01   1.139943e-13   2.716574e-04   1.027732e-14   600
  4.925819e-01   7.736453e-14   1.874909e-04   4.668557e-15   672
  4.938939e-01   1.350383e-13   1.763484e-04   1.230879e-14   336
  4.946248e-01   2.736063e-13   1.918157e-04   2.705664e-14   408
  4.957926e-01   1.237511e-13   1.913639e-04   1.725400e-14   408
  4.970915e-01   2.636425e-13   9.676385e-05   2.825884e-14   360
  4.978921e-01   3.044487e-13   3.552857e-04   2.412997e-14   456
  4.988592e-01   1.751013e-13   1.932065e-04   1.747377e-14   384
  5.000902e-01   2.769483e-13   1.783541e-04   3.769492e-14   348
  5.007554e-01   3.751734e-13   2.198754e-04   2.331120e-14   576
  5.020050e-01   1.650993e-13   1.810385e-04   1.484377e-14   504
  5.032833e-01   8.036622e-14   2.553443e-04   4.855352e-15   432
  5.043991e-01   1.821956e-13   3.473946e-04   1.300144e-14   576
  5.051948e-01   2.612439e-13   0.000000e+00   2.405841e-14   264
  5.064571e-01   1.054953e-13   2.764393e-04   6.407361e-15   768
  5.075549e-01   3.409652e-14   3.721752e-04   1.172891e-15   240
  5.084277e-01   1.655018e-13   3.282233e-04   1.157074e-14   192
  5.096990e-01   8.882672e-14   2.416124e-04   4.865723e-15   504
  5.106418e-01   3.633876e-13   3.255818e-04   6.629527e-14   590
  5.115460e-01   4.913942e-13   3.647966e-04   9.664496e-14   384
  5.126798e-01   3.298089e-13   3.048625e-04   4.028406e-14   504
  5.140486e-01   4.211606e-13   2.933830e-04   3.593471e-14   648
  5.153764e-01   1.946517e-13   7.967896e-05   1.688758e-14   504
  5.159117e-01   1.353821e-13   1.817627e-04   6.168081e-15   312
  5.168569e-01   2.276034e-13   2.618753e-04   1.320749e-14   576
  5.181545e-01   2.291593e-13   1.822405e-04   3.771052e-14   240
  5.189109e-01   1.156331e-13   1.841453e-04   7.425189e-15   552
  5.199816e-01   1.971158e-13   1.729082e-04   9.278492e-15   600
  5.215067e-01   1.198231e-13   2.111937e-04   9.283496e-15   600
  5.224237e-01   9.637196e-14   3.382099e-04   1.529633e-14   312
  5.233368e-01   1.150839e-13   2.945474e-04   1.103197e-14   480
  5.244775e-01   5.854098e-14   1.837693e-04   3.315147e-15   576
  5.254818e-01   1.661653e-13   2.959085e-04   1.373756e-14   408
  5.263729e-01   2.066529e-14   3.451909e-04   2.086332e-15   216
  5.275243e-01   2.148187e-13   2.643774e-04   2.362620e-14   516
  5.287578e-01   1.318176e-13   2.522429e-04   7.833673e-15   744
  5.300304e-01   2.155980e-13   1.684760e-04   3.443541e-14   462
  5.307494e-01   2.857878e-13   1.712315e-04   2.643654e-14   432
  5.318647e-01   2.204272e-13   1.588547e-04   1.541334e-14   648
  5.331761e-01   1.488473e-13   2.324340e-04   1.483653e-14   528
  5.342295e-01   1.525288e-13   2.799086e-04   9.164730e-15   600
  5.352820e-01   2.903349e-13   3.528915e-04   3.687077e-14   240
  5.363014e-01   1.460264e-13   2.703115e-04   1.121217e-14   720
  5.374863e-01   1.145919e-13   2.138653e-04   1.097780e-14   720
  5.387997e-01   2.027854e-14   0.000000e+00   2.610488e-15   144
  5.394909e-01   1.479580e-13   2.757364e-04   5.922587e-15   720
  5.404742e-01   1.263198e-13   1.653370e-04   1.067570e-14   384
  5.417051e-01   1.788800e-13   1.832848e-04   1.123149e-14   672
  5.428730e-01   2.098046e-13   3.209115e-04   1.339589e-14   336
  5.434308e-01   1.039150e-13   0.000000e+00   6.498342e-15   288
  5.447967e-01   9.135275e-14   2.539800e-04   7.698202e-15   776
  5.460612e-01   6.076473e-14   2.173184e-04   3.723044e-15   720
  5.471231e-01   6.842720e-14   1.750659e-04   3.200066e-15   432
  5.479725e-01   9.707142e-14   2.495786e-04   7.600218e-15   504
  5.489174e-01   1.023690e-13   1.748652e-04   4.638167e-15   528
  5.502396e-01   4.125838e-13   2.382437e-04   4.538602e-14   438
  5.513273e-01   2.317873e-13   2.772938e-04   1.939164e-14   624
  5.521470e-01   2.708900e-13   3.396475e-04   2.825427e-14   312
  5.532738e-01   1.575580e-13   1.829935e-04   1.298629e-14   696
  5.544390e-01   1.790767e-13   1.655760e-04   1.235482e-14   552
  5.556509e-01   3.233697e-13   1.281006e-04   3.332653e-14   516
  5.564006e-01   2.649509e-13   2.558713e-04   1.983187e-14   528
  5.573133e-01   5.634894e-14   1.664001e-04   2.984305e-15   528
  5.586097e-01   1.844269e-13   2.194479e-04   1.570695e-14   864
  5.594897e-01   1.080959e-13   3.005985e-04   1.094951e-14   408
  5.603706e-01   1.239797e-13   2.978186e-04   1.333867e-14   192
  5.616191e-01   8.540957e-14   2.464592e-04   7.527764e-15   720
  5.626731e-01   8.963159e-14   2.272475e-04   8.670021e-15   696
  5.639255e-01   1.215773e-13   2.454294e-04   7.985439e-15   720
  5.650713e-01   8.506669e-14   3.326501e-04   6.596620e-15   432
  5.657395e-01   4.488408e-14   1.958109e-04   1.924285e-15   264
  5.669418e-01   9.930353e-14   2.704061e-04   4.535324e-15   672
  5.680171e-01   5.270284e-14   2.768544e-04   3.015063e-15   600
  5.692933e-01   1.981405e-13   1.620980e-04   6.222692e-14   270
  5.699366e-01   4.148198e-13   2.440026e-04   3.095701e-14   528
  5.709591e-01   2.105367e-13   1.670843e-04   2.009376e-14   840
  5.723613e-01   2.434565e-13   3.194952e-04   2.083679e-14   888
  5.736568e-01   1.427467e-13   2.380474e-04   1.625344e-14   744
  5.747517e-01   1.272825e-13   1.223216e-04   1.894811e-14   456
  5.752963e-01   2.597700e-13   1.671601e-04   3.142742e-14   360
  5.762282e-01   2.033098e-13   1.448348e-04   1.357892e-14   384
  5.776580e-01   1.016436e-13   2.323137e-04   1.195901e-14   816
  5.787308e-01   1.488786e-13   3.370546e-04   1.015496e-14   824
  5.800348e-01   7.058185e-14   1.566791e-04   6.290104e-15   360
  5.807331e-01   7.298576e-14   2.311994e-04   4.338571e-15   624
  5.816941e-01   1.872261e-13   1.562320e-04   1.539345e-14   360
  5.829744e-01   1.348378e-13   2.125215e-04   1.184833e-14   876
  5.841306e-01   1.053247e-13   2.524119e-04   5.718816e-15   696
  5.852967e-01   7.632166e-14   1.629911e-04   4.622902e-15   336
  5.859080e-01   6.734265e-14   1.628079e-04   3.762951e-15   504
  5.869176e-01   6.208862e-14   1.642187e-04   4.723740e-15   672
  5.884155e-01   7.922303e-14   3.269213e-04   4.924576e-15   720
  5.894543e-01   2.318350e-13   2.469541e-04   2.955663e-14   774
  5.906010e-01   3.086055e-13   1.413501e-04   2.988305e-14   384
  5.912015e-01   1.680096e-13   2.720183e-04   1.853880e-14   528
  5.921335e-01   1.863451e-13   2.592486e-04   1.973475e-14   744
  5.936327e-01   1.531959e-13   2.138251e-04   1.311579e-14   768
  5.946281e-01   2.576525e-13   2.400348e-04   2.678210e-14   552
  5.958700e-01   9.747069e-14   2.616108e-04   1.639227e-14   696
  5.967938e-01   2.930682e-13   3.179026e-04   1.854225e-14   408
  5.975272e-01   1.961856e-13   1.373364e-04   1.902653e-14   504
  5.986899e-01   1.056720e-13   2.467198e-04   4.666054e-15   888
  5.998339e-01   1.435251e-13   2.564132e-04   9.386823e-15   648
  6.010230e-01   1.168190e-13   2.542153e-04   6.807992e-15   648
  6.021418e-01   9.212225e-14   2.741064e-04   8.001775e-15   792
  6.033268e-01   1.063967e-13   4.010364e-04   4.862097e-15   600
  6.042000e-01   3.950483e-14   2.717856e-04   1.805602e-15   456
  6.051191e-01   9.821981e-14   1.324567e-04   7.171208e-15   648
  6.062996e-01   5.996995e-14   2.583099e-04   5.066105e-15   936
  6.075741e-01   6.588186e-14   1.586356e-04   6.167667e-15   384
  6.086836e-01   2.457053e-13   1.334798e-08   8.990310e-14   198
  6.095398e-01   2.480391e-13   4.024720e-04   2.907095e-14   1224
  6.104634e-01   3.240333e-13   2.931235e-04   4.780469e-14   420
  6.115558e-01   2.469518e-13   2.836822e-04   1.590622e-14   792
  6.126238e-01   1.970277e-13   2.345810e-04   1.766810e-14   680
  6.138428e-01   1.640200e-13   2.154033e-04   1.709236e-14   600
  6.148235e-01   1.474538e-13   3.123938e-04   1.723728e-14   840
  6.161330e-01   7.628166e-14   1.474979e-04   3.044739e-15   432
  6.166334e-01   1.589096e-13   1.382249e-04   1.582796e-14   720
  6.177213e-01   1.073936e-13   2.768404e-04   9.608297e-15   960
  6.190745e-01   1.255969e-13   2.467829e-04   1.606922e-14   528
  6.200634e-01   1.188153e-13   2.522592e-04   1.119699e-14   624
  6.212404e-01   1.225314e-13   1.982740e-04   1.248928e-14   816
  6.224086e-01   8.018570e-14   3.260658e-04   7.255072e-15   696
  6.236996e-01   4.761956e-14   2.202416e-08   1.765495e-15   240
  6.241851e-01   1.159729e-13   1.922888e-04   9.093591e-15   672
  6.252686e-01   1.465568e-13   3.436476e-04   8.510184e-15   864
  6.264840e-01   5.993075e-14   2.636938e-04   3.388419e-15   816
  6.275795e-01   9.576578e-14   1.509292e-04   9.096489e-15   648
  6.287594e-01   2.040728e-13   1.542771e-04   3.127857e-14   843
  6.297611e-01   1.712337e-13   2.775825e-04   2.812718e-14   780
  6.309548e-01   3.310099e-13   1.489456e-04   5.907161e-14   216
  6.316911e-01   1.083497e-13   3.591661e-04   1.749733e-14   1056
  6.328235e-01   2.069096e-13   2.938382e-04   1.084907e-14   228
  6.338720e-01   1.292171e-13   3.658358e-04   1.259296e-14   924
  6.349484e-01   4.382460e-14   1.357046e-04   2.799679e-15   696
  6.360882e-01   1.115829e-13   2.415153e-04   8.214192e-15   996
  6.372543e-01   6.486534e-14   1.425858e-04   7.804580e-15   576
  6.384675e-01   1.428915e-13   2.200718e-04   2.532061e-14   552
  6.393519e-01   1.507738e-13   2.627580e-04   8.818538e-15   516
  6.402494e-01   1.057193e-13   3.821047e-04   5.448606e-15   744
  6.412749e-01   2.977909e-14   1.874451e-04   2.968000e-15   576
  6.421669e-01   5.849521e-14   1.929285e-04   4.963066e-15   792
  6.434346e-01   7.441004e-14   2.205530e-04   8.358579e-15   792
  6.443636e-01   5.519700e-14   2.378641e-04   4.759120e-15   720
  6.456200e-01   5.458432e-14   2.711104e-04   4.837878e-15   656
  6.467974e-01   4.311857e-14   2.960385e-04   5.194066e-15   816
  6.480043e-01   8.507781e-14   1.596190e-04   8.047722e-15   492
  6.486903e-01   3.934463e-14   2.296231e-04   3.280971e-15   552
  6.499778e-01   3.395231e-14   3.992867e-04   2.582233e-15   780
  6.508139e-01   2.848184e-14   2.452771e-04   1.779719e-15   528
  6.517148e-01   4.201087e-14   2.863130e-04   1.428078e-15   600
  6.530425e-01   7.635199e-14   2.379487e-04   3.761545e-15   900
  6.539577e-01   4.222361e-14   1.317325e-04   4.084421e-15   696
  6.552168e-01   6.672959e-14   3.330907e-04   3.680900e-15   696
  6.564349e-01   4.392010e-14   1.351317e-04   2.146881e-15   552
  6.574592e-01   3.419472e-14   1.571457e-04   2.963601e-15   708
  6.585322e-01   4.442764e-14   2.594565e-04   2.359507e-15   876
  6.596487e-01   1.687761e-14   1.377663e-04   4.521483e-15   216
  6.603980e-01   3.866807e-14   3.768094e-04   1.189056e-15   1032
  6.615201e-01   5.444556e-14   4.195357e-04   2.791270e-15   600
  6.626848e-01   4.988362e-14   2.001869e-04   1.132204e-15   600
  6.635732e-01   5.087022e-14   3.535112e-04   3.055933e-15   528
  6.646233e-01   4.230410e-14   1.940622e-04   1.500161e-15   732
  6.657296e-01   2.156631e-14   1.432973e-04   2.496035e-15   336
  6.670031e-01   1.004808e-13   2.042271e-04   1.154085e-14   912
  6.679548e-01   7.290805e-14   2.049821e-04   3.957965e-15   624
  6.689946e-01   2.391725e-14   1.727341e-04   1.078232e-15   768
  6.702082e-01   4.512035e-14   3.116463e-04   1.365000e-15   792
  6.713995e-01   5.823449e-14   1.545014e-04   3.815487e-15   660
  6.722471e-01   4.026467e-14   2.276826e-04   1.427154e-15   504
  6.731238e-01   5.002635e-14   3.719898e-04   3.335027e-15   480
  6.744376e-01   3.411100e-14   3.440421e-04   1.284307e-15   912
  6.754664e-01   6.169837e-14   3.831443e-04   3.137726e-15   432
  6.764380e-01   3.006845e-14   2.275021e-04   8.256198e-16   564
  6.773006e-01   4.790551e-14   2.177508e-04   2.045322e-15   600
  6.785149e-01   4.555561e-14   3.035240e-04   1.991568e-15   876
  6.794272e-01   3.647873e-14   1.364735e-04   3.200176e-15   264
  6.806846e-01   1.097302e-13   2.648123e-04   9.369756e-15   560
  6.816953e-01   4.968626e-14   1.799457e-04   3.276288e-15   840
  6.829222e-01   3.922990e-14   2.774244e-04   1.704232e-15   1008
  6.840568e-01   5.351629e-14   1.241010e-04   6.066535e-15   456
  6.850930e-01   4.500734e-14   1.607553e-04   1.824200e-15   576
  6.860509e-01   5.627645e-14   2.470177e-04   2.927865e-15   612
  6.873140e-01   4.540278e-14   2.206269e-04   2.108574e-15   780
  6.883444e-01   4.233209e-14   2.528284e-04   1.474164e-15   648
  6.893992e-01   3.919296e-14   1.178213e-04   3.179796e-15   312
  6.900734e-01   3.236544e-14   2.993645e-04   9.326003e-16   528
  6.912414e-01   3.844549e-14   3.909551e-04   2.067195e-15   720
  6.923583e-01   4.252469e-14   3.921794e-04   2.388873e-15   576
  6.937124e-01   5.159417e-14   3.383053e-04   3.335564e-15   444
  6.945549e-01   8.114615e-14   3.317685e-04   8.017136e-15   996
  6.955874e-01   5.641961e-14   2.771265e-04   4.098887e-15   432
  6.965633e-01   2.860996e-14   3.033990e-04   1.422504e-15   504
  6.974062e-01   6.086857e-14   1.367883e-04   2.373447e-15   504
  6.986065e-01   4.551536e-14   2.692009e-04   2.663783e-15   876
  6.996926e-01   3.118234e-14   3.098246e-04   1.676078e-15   504
  7.008236e-01   5.800006e-14   1.975899e-04   3.721854e-15   696
  7.017583e-01   3.207431e-14   1.689187e-04   1.796939e-15   492
  7.030300e-01   4.866055e-14   2.418152e-04   4.766414e-15   432
  7.039719e-01   4.589984e-14   2.264335e-04   2.441199e-15   768
  7.050885e-01   3.699753e-14   2.820533e-04   1.868941e-15   648
  7.061547e-01   3.849954e-14   1.840095e-04   2.140995e-15   456
  7.073798e-01   3.267531e-14   2.530430e-04   1.502109e-15   552
  7.082306e-01   9.559553e-14   1.734358e-04   7.196773e-15   648
  7.094016e-01   4.466080e-14   2.826907e-04   2.329775e-15   840
  7.105454e-01   4.211734e-14   1.348092e-04   2.696929e-15   432
  7.116906e-01   4.400953e-14   1.651183e-04   3.743725e-15   600
  7.124870e-01   6.324662e-14   1.759227e-04   2.927378e-15   432
  7.138248e-01   6.373836e-14   1.751482e-04   2.887496e-15   560
  7.147308e-01   4.324816e-14   2.772412e-04   3.855223e-15   840
  7.158652e-01   3.355228e-14   1.642140e-04   2.566976e-15   504
  7.167662e-01   2.489415e-14   3.351509e-04   1.234952e-15   696
  7.180362e-01   5.506941e-14   1.830475e-04   5.121611e-15   384
  7.190254e-01   3.262902e-14   2.681431e-04   3.473530e-15   576
  7.202219e-01   2.788222e-14   1.654845e-04   4.721732e-15   360
  7.211864e-01   4.307907e-14   2.464465e-04   3.824772e-15   828
  7.222268e-01   1.139082e-13   2.195064e-04   1.815895e-14   372
  7.231800e-01   5.825962e-14   3.352284e-04   6.086065e-15   576
  7.244428e-01   5.726476e-14   1.403933e-04   4.056609e-15   636
  7.253425e-01   6.070054e-14   2.706420e-04   2.892898e-15   648
  7.265596e-01   5.554367e-14   2.200024e-04   4.225474e-15   576
  7.274333e-01   4.022265e-14   3.548870e-04   3.071526e-15   528
  7.285953e-01   6.221616e-14   1.517289e-04   3.697791e-15   360
  7.295571e-01   2.378922e-14   3.490332e-04   1.796753e-15   672
  7.308130e-01   5.317242e-14   1.787806e-04   2.606057e-15   804
  7.318582e-01   4.811943e-14   1.972163e-04   3.835049e-15   408
  7.330145e-01   2.384231e-14   1.219011e-04   3.074222e-15   384
  7.337931e-01   2.629640e-14   2.789567e-04   1.996726e-15   480
  7.348913e-01   4.187767e-14   1.802469e-04   3.730665e-15   432
  7.359446e-01   7.658151e-14   3.321566e-04   6.937166e-15   648
  7.371913e-01   4.807404e-14   2.061016e-04   3.398499e-15   624
  7.381033e-01   4.329169e-14   1.874668e-04   3.263611e-15   456
  7.393486e-01   5.973365e-14   2.560963e-04   4.813128e-15   588
  7.401831e-01   3.374742e-14   1.633884e-04   2.505623e-15   600
  7.414016e-01   5.070897e-14   2.548458e-04   3.503948e-15   708
  7.423640e-01   7.711488e-14   1.605479e-04   5.906564e-15   360
  7.434275e-01   3.750962e-14   1.845541e-04   2.707214e-15   552
  7.444470e-01   3.880737e-14   1.294691e-04   3.536392e-15   288
  7.454820e-01   1.853421e-14   2.434372e-04   2.703566e-15   528
  7.464545e-01   5.580012e-14   1.642340e-04   4.816873e-15   456
  7.475410e-01   2.073592e-14   2.912225e-04   2.388410e-15   608
  7.486338e-01   2.362427e-14   1.408967e-04   2.302341e-15   504
  7.498278e-01   8.251592e-14   3.024972e-04   1.292642e-14   540
  7.507642e-01   9.380190e-14   3.247222e-04   7.935399e-15   360
  7.517735e-01   4.636170e-14   1.470509e-04   2.994508e-15   540
  7.526661e-01   5.382752e-14   1.262606e-04   4.842558e-15   576
  7.539642e-01   3.775624e-14   2.927555e-04   4.006458e-15   588
  7.551985e-01   2.518584e-14   4.039143e-04   2.130919e-15   672
  7.562588e-01   3.120546e-14   3.087151e-04   3.054622e-15   552
  7.571135e-01   1.530096e-14   3.088712e-04   2.343335e-15   144
  7.582042e-01   5.284168e-14   2.624178e-04   3.992388e-15   600
  7.592383e-01   1.781775e-14   3.288668e-04   2.259080e-15   504
  7.603860e-01   4.751265e-14   3.378126e-04   2.211179e-15   336
  7.615932e-01   1.261949e-14   3.797028e-04   1.338540e-15   600
  7.626744e-01   2.996376e-14   2.450478e-04   3.691979e-15   636
  7.638413e-01   1.153026e-13   1.970206e-04   1.272636e-14   384
  7.646595e-01   7.883612e-14   2.748205e-04   6.079421e-15   504
  7.658387e-01   4.387252e-14   1.153383e-04   5.879630e-15   240
  7.667694e-01   4.274662e-14   2.709461e-04   3.234924e-15   744
  7.678860e-01   2.429662e-14   1.850150e-04   1.553559e-15   648
  7.688783e-01   9.553282e-14   1.228185e-04   4.511675e-15   120
  7.700414e-01   4.113110e-14   1.929319e-04   4.286113e-15   564
  7.709202e-01   5.925081e-14   3.030111e-04   3.021892e-15   432
  7.720932e-01   1.731892e-14   2.351965e-04   9.151593e-16   480
  7.729764e-01   2.664110e-14   1.731106e-04   2.337364e-15   456
  7.740189e-01   4.905643e-14   2.864725e-04   4.387037e-15   444
  7.752020e-01   1.842394e-14   4.383180e-04   1.519024e-15   528
  7.762412e-01   4.306966e-14   3.255297e-04   4.237975e-15   264
  7.772498e-01   6.745054e-14   3.336195e-04   1.387050e-14   444
  7.786065e-01   5.298023e-14   3.654311e-04   3.883508e-15   696
  7.797327e-01   6.083250e-14   1.954448e-04   3.871248e-15   384
  7.805563e-01   3.117259e-14   2.469609e-04   3.238857e-15   432
  7.818373e-01   6.152409e-14   1.706384e-04   4.132007e-15   488
  7.826690e-01   2.480433e-14   2.571733e-04   2.460330e-15   480
  7.838749e-01   4.481541e-14   2.868014e-04   2.638928e-15   480
  7.848089e-01   1.623978e-14   1.203331e-04   2.117340e-15   240
  7.858692e-01   5.618186e-14   2.810886e-04   3.031330e-15   600
  7.868694e-01   3.383782e-14   2.449399e-04   3.721653e-15   288
  7.879343e-01   4.310796e-14   2.356143e-04   3.025021e-15   480
  7.890129e-01   1.155842e-14   4.191157e-04   8.174977e-16   504
  7.900748e-01   2.979905e-14   1.798267e-04   2.118758e-15   216
  7.914291e-01   9.850559e-14   2.944050e-04   9.767296e-15   504
  7.924838e-01   4.605696e-14   2.367912e-04   3.873670e-15   456
  7.936384e-01   8.126193e-14   1.358038e-04   4.954536e-15   384
  7.944031e-01   6.839584e-14   2.756326e-04   3.988385e-15   480
  7.954897e-01   4.965756e-14   2.420363e-04   3.202832e-15   504
  7.964966e-01   6.967629e-14   1.535327e-04   4.165207e-15   312
  7.975815e-01   4.215127e-14   2.474127e-04   4.123731e-15   492
  7.985417e-01   5.813483e-14   2.318919e-04   3.853021e-15   312
  7.997779e-01   2.455929e-14   3.766899e-04   1.385382e-15   576
  8.008661e-01   5.433343e-14   3.477153e-04   4.551315e-15   336
  8.017699e-01   1.926311e-14   2.677247e-04   8.319495e-16   240
  8.030228e-01   3.369459e-14   3.549351e-04   3.431399e-15   468
  8.041047e-01   4.284504e-14   2.222407e-04   5.435080e-15   192
  8.052370e-01   7.912569e-14   2.229031e-04   1.928145e-14   324
  8.060669e-01   6.044835e-14   1.617794e-04   5.039862e-15   600
  8.071978e-01   5.746667e-14   2.624704e-04   4.488253e-15   456
  8.080377e-01   6.308503e-14   1.180592e-04   6.432596e-15   336
  8.094297e-01   6.687781e-14   3.535027e-04   4.838984e-15   612
  8.104424e-01   3.219640e-14   2.966749e-04   5.196983e-15   144
  8.114002e-01   4.612043e-14   3.462957e-04   5.074345e-15   552
  8.127025e-01   3.060963e-14   1.363755e-04   2.592573e-15   264
  8.134384e-01   3.738146e-14   3.157441e-04   3.364843e-15   336
  8.145992e-01   3.225735e-14   2.086329e-04   3.521561e-15   384
  8.156059e-01   5.967058e-14   1.174397e-04   6.291036e-15   216
  8.167203e-01   2.350779e-14   2.489964e-04   2.270183e-15   344
  8.177364e-01   2.282204e-14   3.715143e-04   2.242988e-15   408
  8.189746e-01   4.595296e-14   2.854845e-04   5.944477e-15   264
  8.200718e-01   6.713889e-14   3.979796e-04   6.791305e-15   612
  8.211681e-01   6.248764e-14   2.048307e-04   5.869506e-15   408
  8.222956e-01   5.632422e-14   2.051251e-04   7.355436e-15   444
  8.231239e-01   1.066620e-13   1.147249e-04   1.009134e-14   120
  8.242338e-01   5.529761e-14   3.169640e-04   6.665167e-15   336
  8.250576e-01   3.315228e-14   1.101437e-04   5.216132e-15   288
  8.261708e-01   3.317225e-14   3.427692e-04   3.160921e-15   552
  8.277012e-01   1.105666e-13   1.835347e-08   2.500672e-15   72
  8.284882e-01   4.095215e-14   3.404572e-04   4.988905e-15   504
  8.294074e-01   1.774329e-14   1.095558e-04   9.866865e-16   216
  8.305983e-01   3.354011e-14   1.956043e-04   2.950345e-15   312
  8.316675e-01   1.744399e-14   2.227263e-04   9.514309e-16   336
  8.326865e-01   1.112618e-13   3.087236e-04   2.254263e-14   204
  8.337014e-01   6.511457e-14   3.587838e-04   7.477036e-15   504
  8.347777e-01   9.716984e-14   3.416652e-04   8.014278e-15   396
  8.358127e-01   5.145058e-14   3.133249e-04   7.406345e-15   312
  8.370674e-01   1.430005e-13   1.914750e-04   1.501729e-14   216
  8.379516e-01   1.102507e-14   1.039172e-04   1.520807e-15   168
  8.390260e-01   4.873014e-14   2.623966e-04   5.892955e-15   588
  8.402521e-01   2.468616e-14   3.561727e-04   3.830930e-15   240
  8.412047e-01   2.511908e-14   3.145601e-04   3.600027e-15   264
  8.423219e-01   3.083282e-14   3.890183e-04   4.984722e-15   288
  8.433131e-01   3.235396e-14   1.942596e-04   4.501891e-15   288
  8.445693e-01   2.827573e-14   1.824406e-04   1.905756e-15   288
  8.454153e-01   4.493225e-15   2.113423e-04   1.256219e-16   192
  8.464795e-01   1.111439e-14   2.248894e-04   9.533606e-16   264
  8.474933e-01   1.470490e-13   3.699119e-04   1.466988e-14   372
  8.485844e-01   8.133931e-14   3.995208e-04   8.321431e-15   360
  8.499161e-01   1.081521e-13   1.690810e-04   2.023311e-14   144
  8.506044e-01   4.616118e-14   2.348461e-04   6.145082e-15   296
  8.516909e-01   3.962183e-14   2.530345e-04   6.367098e-15   288
  8.529347e-01   4.052662e-14   3.781537e-04   3.762275e-15   480
  8.540076e-01   5.587267e-14   3.142096e-04   1.241684e-14   192
  8.550509e-01   3.113244e-14   3.370327e-04   5.060378e-15   192
  8.559992e-01   3.347859e-14   2.147949e-04   2.837941e-15   288
  8.573180e-01   2.647558e-14   1.869760e-04   1.347174e-15   108
  8.579823e-01   3.586887e-14   1.797545e-04   3.594325e-15   240
  8.591554e-01   2.450585e-14   3.353363e-04   8.662066e-16   384
  8.603605e-01   1.993960e-13   4.090723e-04   6.856716e-14   108
  8.614261e-01   1.138024e-13   2.398466e-04   1.337530e-14   348
  8.625466e-01   6.867164e-14   2.503134e-04   1.154374e-14   312
  8.635474e-01   9.575337e-14   2.432319e-04   1.803135e-14   96
  8.644677e-01   4.422273e-14   3.238194e-04   6.443830e-15   384
  8.654984e-01   3.780677e-14   2.227222e-04   2.010757e-15   144
  8.665066e-01   4.078081e-14   3.422225e-04   6.356233e-15   408
  8.677598e-01   1.116125e-14   1.526554e-04   1.410473e-15   144
  8.689437e-01   4.858131e-14   2.934816e-04   2.886701e-15   192
  8.696459e-01   2.025579e-14   3.303190e-04   8.218957e-16   144
  8.707904e-01   9.633582e-15   2.685615e-04   9.415425e-16   144
  8.718702e-01   2.382287e-14   3.282257e-04   1.792412e-15   336
  8.731927e-01   1.095033e-14   2.428454e-04   7.554486e-16   240
  8.740312e-01   3.612959e-14   1.102739e-04   2.923730e-15   96
  8.752007e-01   1.395047e-13   3.233803e-04   1.828469e-14   372
  8.763838e-01   8.133033e-14   3.846540e-04   2.132697e-14   132
  8.774230e-01   1.865700e-14   2.380193e-04   1.701230e-15   264
  8.783527e-01   4.452981e-14   1.827880e-04   3.991725e-15   168
  8.793449e-01   1.158982e-14   2.922429e-04   8.701957e-16   216
  8.802213e-01   5.536576e-14   1.787978e-04   3.906790e-15   216
  8.814979e-01   1.221154e-14   3.280196e-04   6.197010e-16   96
  8.826561e-01   5.684809e-14   2.140028e-04   3.513659e-15   120
  8.837183e-01   8.236810e-15   2.720578e-04   1.697725e-15   216
  8.845934e-01   2.074963e-14   1.188902e-04   3.123104e-15   200
  8.857519e-01   2.551506e-14   3.077557e-04   2.394789e-15   288
  8.872378e-01   2.024250e-14   8.097649e-05   2.709378e-15   144
  8.878635e-01   2.315575e-14   2.519939e-04   2.405440e-15   168
  8.891412e-01   2.139512e-13   2.835956e-04   5.369552e-14   159
  8.901386e-01   1.356998e-14   2.975600e-04   2.108835e-15   174
  8.911039e-01   2.061777e-14   2.698170e-04   1.564722e-15   144
  8.923678e-01   2.202531e-14   1.557998e-04   2.850891e-15   222
  8.932131e-01   1.258590e-14   1.572158e-04   6.244439e-16   168
  8.946732e-01   1.993222e-14   3.448346e-04   1.134139e-14   30
  8.952763e-01   1.868864e-14   3.044637e-04   1.561846e-15   72
  8.964123e-01   2.994396e-14   2.717302e-04   3.666205e-15   258
  8.976612e-01   3.259160e-14   1.701916e-04   8.449804e-16   264
  8.982857e-01   1.662867e-14   0.000000e+00   6.752807e-16   72
  8.995871e-01   4.990645e-14   3.373270e-04   8.403822e-15   174
  9.007654e-01   3.067421e-14   3.591909e-04   2.580107e-15   168
  9.017127e-01   1.993397e-14   1.123916e-08   0.000000e+00   48
  9.027297e-01   4.963003e-14   2.028435e-04   1.242171e-15   150
  9.039088e-01   2.156074e-14   3.731453e-04   8.361381e-16   168
  9.050911e-01   2.558486e-14   2.273028e-04   1.382197e-15   144
  9.061784e-01   1.048167e-14   2.123525e-04   1.913840e-15   102
  9.069882e-01   2.404542e-14   3.143182e-04   3.003386e-15   96
  9.082731e-01   3.017854e-14   3.119397e-04   4.156932e-16   120
  9.092246e-01   2.199098e-14   3.345635e-04   1.944257e-15   168
  9.102538e-01   2.242726e-14   2.470487e-04   3.625984e-15   126
  9.111308e-01   2.475279e-14   1.863241e-04   1.902432e-15   168
  9.123389e-01   4.554657e-14   2.987709e-04   1.985868e-15   72
  9.133947e-01   2.092222e-14   3.741278e-04   9.361753e-16   168
  9.143196e-01   2.459028e-14   1.025668e-04   2.201655e-16   78
  9.155870e-01   3.740547e-14   1.684070e-04   5.433601e-16   60
  9.166075e-01   1.447875e-14   2.731835e-04   1.558819e-15   96
  9.176659e-01   2.918334e-14   3.314854e-04   1.875280e-15   168
  9.186605e-01   3.601963e-14   2.097511e-04   6.067577e-15   86
  9.197042e-01   3.706105e-14   1.874678e-04   1.957699e-15   120
  9.212002e-01   4.387998e-14   1.336894e-04   9.545504e-16   168
  9.220069e-01   2.252202e-14   0.000000e+00   0.000000e+00   48
  9.230934e-01   5.058301e-14   2.435676e-04   2.040426e-15   120
  9.237177e-01   5.801382e-14   1.776924e-04   8.566186e-16   126
  9.252418e-01   1.564998e-14   3.125113e-04   1.054244e-15   96
  9.262310e-01   3.073737e-14   9.011285e-05   1.182404e-15   96
  9.270111e-01   5.107673e-14   0.000000e+00   8.294364e-16   72
  9.286731e-01   2.422743e-14   1.123916e-08   1.981983e-22   24
  9.297104e-01   5.460982e-14   1.854501e-04   3.180435e-15   120
  9.305196e-01   2.325725e-14   2.705147e-04   1.502547e-15   126
  9.314194e-01   4.792872e-14   2.255107e-04   2.121385e-15   96
  9.324708e-01   5.000223e-14   3.897482e-04   1.279392e-15   72
  9.336415e-01   5.039207e-14   1.685792e-04   1.278440e-15   144
  9.346046e-01   5.745732e-14   9.723254e-05   1.904681e-15   72
  9.355666e-01   4.914571e-14   1.942081e-04   8.568267e-16   54
  9.364132e-01   4.560378e-14   1.711436e-04   3.868104e-15   108
  9.381728e-01   4.365028e-14   1.677650e-04   1.655400e-15   72
  9.387206e-01   3.355138e-14   9.680617e-05   3.599202e-15   72
  9.400202e-01   4.099000e-14   1.946680e-08   0.000000e+00   24
  9.412498e-01   6.424004e-14   2.047976e-04   5.159603e-16   48
  9.419964e-01   6.126592e-14   1.560029e-04   4.244537e-15   102
  9.431203e-01   4.047374e-14   3.528137e-04   1.346485e-15   168
  9.445889e-01   4.128094e-14   1.924163e-04   3.391019e-15   72
  9.451330e-01   6.187830e-14   0.000000e+00   0.000000e+00   48
  9.462744e-01   3.386535e-14   3.309678e-04   2.558683e-15   120
  9.477807e-01   4.071485e-14   2.033864e-04   1.770567e-15   96
  9.492033e-01   4.753131e-14   2.202416e-08   5.676861e-15   30
  9.508942e-01   5.675529e-14   9.555995e-05   6.418407e-17   72
  9.516372e-01   8.276660e-14   1.123916e-08   3.963966e-22   24
  9.525916e-01   8.367158e-14   1.416435e-04   9.625585e-16   56
  9.536606e-01   4.780468e-14   2.021324e-04   1.017063e-15   96
  9.549399e-01   4.818326e-14   2.232036e-04   1.598258e-15   144
  9.559263e-01   3.493881e-14   1.267263e-04   2.611129e-15   54
  9.573592e-01   5.958895e-14   1.898493e-04   3.213163e-15   108
  9.588012e-01   3.992264e-14   1.005243e-04   6.034350e-15   48
  9.601739e-01   6.522167e-14   3.785063e-04   4.018896e-15   72
  9.634680e-01   4.415237e-14   2.500803e-04   1.497577e-15   78
  9.643808e-01   3.117692e-14   1.884669e-04   3.334989e-15   72
  9.654462e-01   5.891064e-14   1.882329e-04   2.481060e-15   72
  9.665603e-01   5.973620e-14   4.542266e-04   2.298648e-15   96
  9.674408e-01   3.002656e-14   1.878449e-04   1.873614e-15   72
  9.685029e-01   8.509768e-14   0.000000e+00   0.000000e+00   24
  9.695638e-01   4.111135e-14   3.748416e-04   8.423129e-16   72
  9.719599e-01   6.682492e-14   2.380359e-04   1.315755e-14   30
  9.724755e-01   6.434187e-14   0.000000e+00   2.802947e-22   24
  9.752466e-01   9.624578e-14   1.976584e-04   9.267098e-17   48
  9.761159e-01   4.195849e-14   4.253608e-04   3.150903e-15   120
  9.772870e-01   5.956073e-14   1.859776e-04   9.736957e-16   72
  9.784697e-01   3.515503e-14   1.857528e-04   9.614927e-16   36
  9.792826e-01   6.323897e-14   3.671339e-04   3.008400e-15   78
  9.815513e-01   5.300536e-14   1.963888e-04   3.373583e-15   48
  9.844928e-01   5.788267e-14   1.589457e-08   1.401474e-22   24
  9.865884e-01   7.492757e-14   1.367612e-04   5.762589e-15   56
  9.876436e-01   6.229429e-14   2.104496e-04   3.257173e-15   102
  9.889860e-01   5.242549e-14   1.498555e-08   2.367129e-15   72
  9.897653e-01   6.987797e-14   0.000000e+00   0.000000e+00   24
  9.911277e-01   6.178232e-14   1.944913e-04   5.083617e-16   48
  9.936528e-01   5.339045e-14   0.000000e+00   1.981983e-22   24
  9.967520e-01   4.267067e-14   0.000000e+00   0.000000e+00   6
  9.977185e-01   5.656835e-14   0.000000e+00   0.000000e+00   24
  9.983623e-01   6.755424e-14   1.820511e-04   4.711808e-15   72
  9.995384e-01   5.600907e-14   3.396336e-04   3.170109e-15   84
  1.000805e+00   7.681471e-14   0.000000e+00   1.981983e-22   24
  1.001190e+00   6.542019e-14   1.589457e-08   1.981983e-22   24
  1.003114e+00   5.476840e-14   1.123916e-08   1.401474e-22   24
  1.005800e+00   5.057965e-14   0.000000e+00   0.000000e+00   6
  1.009244e+00   7.737044e-14   1.910001e-04   3.484775e-16   48
  1.010072e+00   9.567269e-14   3.598129e-04   1.100983e-15   72
  1.011152e+00   8.572917e-14   1.906396e-04   2.112470e-15   48
  1.012867e+00   9.081513e-14   0.000000e+00   0.000000e+00   24
  1.015148e+00   8.323621e-14   1.123916e-08   5.605894e-22   6
  1.020262e+00   1.190117e-13   0.000000e+00   0.000000e+00   8
  1.020640e+00   6.552849e-14   1.123916e-08   0.000000e+00   48
  1.021546e+00   9.638740e-14   1.848806e-04   3.954303e-15   60
  1.022904e+00   4.578026e-14   0.000000e+00   0.000000e+00   24
  1.024787e+00   1.392212e-13   0.000000e+00   1.772739e-21   6
  1.031723e+00   8.852993e-14   0.000000e+00   0.000000e+00   24
  1.032283e+00   9.582869e-14   1.867372e-04   2.302054e-15   48
  1.033217e+00   6.878488e-14   0.000000e+00   0.000000e+00   24
  1.034708e+00   5.389619e-14   1.123916e-08   0.000000e+00   6
  1.043181e+00   9.285317e-14   1.742080e-04   5.189882e-16   36
  1.043797e+00   1.031767e-13   0.000000e+00   0.000000e+00   24
  1.044904e+00   6.603669e-14   0.000000e+00   0.000000e+00   6
  1.054545e+00   1.259842e-13   1.583190e-04   1.607758e-15   32
  1.055367e+00   1.183608e-13   1.123916e-08   0.000000e+00   6
  1.065728e+00   1.469370e-13   0.000000e+00   0.000000e+00   12
  1.066089e+00   1.715973e-13   0.000000e+00   0.000000e+00   6
  1.077063e+00   9.451920e-14   1.589457e-08   7.927932e-22   6
