# power spectrum of phi
# redshift z=50.520088
# k              Pk             sigma(k)       sigma(Pk)      count
  1.963495e-02   4.723378e-08   0.000000e+00   2.379541e-10   6
  2.776802e-02   3.273587e-08   0.000000e+00   3.206751e-10   12
  3.400874e-02   9.174415e-09   3.725290e-10   1.288326e-10   8
  3.926991e-02   2.676549e-10   0.000000e+00   2.297938e-11   6
  4.390509e-02   1.252514e-09   0.000000e+00   4.237096e-11   24
  4.809562e-02   3.810449e-09   7.024475e-10   5.085532e-11   24
  5.553604e-02   2.897747e-09   0.000000e+00   5.209033e-11   12
  5.890486e-02   1.340713e-09   7.947286e-10   3.062441e-11   30
  6.209118e-02   1.959556e-10   0.000000e+00   1.320345e-11   24
  6.512178e-02   5.130103e-11   1.216675e-09   6.531896e-12   24
  6.801748e-02   3.745531e-10   7.450581e-10   3.804111e-11   8
  7.079483e-02   1.029042e-09   9.934107e-10   2.251551e-11   24
  7.346727e-02   1.316356e-09   0.000000e+00   2.234472e-11   48
  7.853982e-02   1.259758e-09   0.000000e+00   1.129890e-11   6
  8.095699e-02   6.588765e-10   1.404895e-09   1.881442e-11   48
  8.330406e-02   2.838793e-10   0.000000e+00   1.285730e-11   36
  8.558678e-02   3.736515e-11   9.934107e-10   2.783770e-12   24
  8.781018e-02   1.293556e-11   0.000000e+00   1.737434e-12   24
  8.997866e-02   1.160666e-10   0.000000e+00   5.415586e-12   48
  9.209610e-02   3.213310e-10   1.404895e-09   1.549668e-11   24
  9.619124e-02   5.702689e-10   1.404895e-09   1.927710e-11   24
  9.817477e-02   6.223861e-10   0.000000e+00   2.224604e-11   30
  1.001190e-01   5.510042e-10   0.000000e+00   1.308608e-11   72
  1.020262e-01   4.672704e-10   1.490116e-09   1.477792e-11   32
  1.057375e-01   1.311584e-10   0.000000e+00   5.342582e-12   72
  1.075451e-01   4.704144e-11   0.000000e+00   2.896621e-12   48
  1.110721e-01   2.028383e-11   0.000000e+00   1.494633e-12   12
  1.127942e-01   7.622621e-11   0.000000e+00   3.979890e-12   48
  1.144905e-01   1.396192e-10   0.000000e+00   4.841829e-12   48
  1.161620e-01   2.151163e-10   1.404895e-09   5.691386e-12   48
  1.178097e-01   2.681324e-10   1.589457e-09   1.201583e-11   30
  1.194348e-01   2.630942e-10   1.404895e-09   7.721856e-12   24
  1.210380e-01   3.042156e-10   2.961779e-09   5.689531e-12   72
  1.241824e-01   2.669877e-10   0.000000e+00   7.245396e-12   24
  1.257251e-01   1.799753e-10   0.000000e+00   3.949633e-12   96
  1.272490e-01   9.857505e-11   0.000000e+00   3.586112e-12   48
  1.287550e-01   4.735774e-11   2.433349e-09   5.234739e-12   24
  1.302436e-01   2.731193e-11   2.433349e-09   2.718248e-12   24
  1.317153e-01   3.362439e-12   0.000000e+00   2.586442e-13   72
  1.331707e-01   6.121814e-12   0.000000e+00   6.609533e-13   48
  1.360350e-01   5.322216e-11   1.490116e-09   4.940476e-12   8
  1.374447e-01   9.464800e-11   1.766064e-09   3.279734e-12   54
  1.388401e-01   1.231415e-10   0.000000e+00   3.137289e-12   84
  1.402216e-01   1.485476e-10   0.000000e+00   3.680037e-12   48
  1.415897e-01   1.662480e-10   1.986821e-09   5.957374e-12   24
  1.429446e-01   1.758509e-10   1.873193e-09   3.912918e-12   72
  1.442869e-01   1.742711e-10   0.000000e+00   3.548610e-12   96
  1.469345e-01   1.220901e-10   0.000000e+00   3.441291e-12   48
  1.482407e-01   9.709245e-11   0.000000e+00   3.236393e-12   48
  1.495354e-01   6.917046e-11   1.986821e-09   1.976221e-12   24
  1.508189e-01   3.939892e-11   0.000000e+00   1.668922e-12   72
  1.533539e-01   4.992784e-12   1.873193e-09   4.009367e-13   72
  1.546058e-01   2.348135e-12   0.000000e+00   2.703375e-13   96
  1.570796e-01   3.056940e-11   0.000000e+00   3.501776e-12   6
  1.583021e-01   3.929713e-11   0.000000e+00   1.056535e-12   96
  1.595151e-01   5.399109e-11   1.986821e-09   1.127786e-12   96
  1.607190e-01   7.860676e-11   0.000000e+00   3.059294e-12   24
  1.619140e-01   8.393804e-11   2.809790e-09   1.976925e-12   48
  1.631002e-01   9.574554e-11   0.000000e+00   1.504292e-12   96
  1.642778e-01   1.095737e-10   0.000000e+00   2.058670e-12   48
  1.666081e-01   1.011948e-10   0.000000e+00   3.193078e-12   36
  1.677611e-01   9.204764e-11   3.441276e-09   1.991630e-12   48
  1.689063e-01   8.711222e-11   3.893359e-09   1.340300e-12   120
  1.700437e-01   7.104167e-11   0.000000e+00   2.010898e-12   56
  1.711736e-01   4.487483e-11   1.986821e-09   2.351600e-12   24
  1.722960e-01   3.556673e-11   0.000000e+00   1.028361e-12   96
  1.734112e-01   1.990798e-11   0.000000e+00   1.099157e-12   48
  1.756204e-01   2.547055e-12   0.000000e+00   5.078746e-13   24
  1.767146e-01   1.373543e-12   0.000000e+00   1.151402e-13   102
  1.778021e-01   2.830208e-12   0.000000e+00   3.864016e-13   48
  1.788829e-01   7.059572e-12   0.000000e+00   5.119093e-13   72
  1.799573e-01   1.830377e-11   0.000000e+00   8.077400e-13   48
  1.810253e-01   2.350630e-11   0.000000e+00   1.323480e-12   48
  1.820871e-01   3.283333e-11   4.495664e-09   9.499066e-13   120
  1.841922e-01   5.970213e-11   2.809790e-09   2.355883e-12   24
  1.852358e-01   6.416042e-11   2.649095e-09   9.973353e-13   144
  1.862735e-01   6.764046e-11   3.178914e-09   1.318023e-12   120
  1.873055e-01   6.005469e-11   2.809790e-09   2.131070e-12   48
  1.893526e-01   7.007598e-11   2.809790e-09   1.824877e-12   48
  1.903679e-01   5.855502e-11   2.809790e-09   1.380142e-12   96
  1.930487e-01   4.229516e-11   4.711199e-04   1.180274e-12   72
  1.943761e-01   2.571040e-11   3.532127e-09   7.046859e-13   108
  1.953653e-01   1.664194e-11   0.000000e+00   7.538565e-13   72
  1.963495e-01   8.062680e-12   0.000000e+00   7.027050e-13   30
  1.973288e-01   4.602875e-12   0.000000e+00   2.273713e-13   168
  1.983033e-01   1.987955e-12   0.000000e+00   2.940212e-13   48
  2.002380e-01   1.705314e-12   0.000000e+00   1.885586e-13   72
  2.011984e-01   3.890488e-12   0.000000e+00   3.065751e-13   96
  2.021542e-01   1.019276e-11   5.298191e-09   6.019071e-13   72
  2.031055e-01   2.127214e-11   0.000000e+00   7.559608e-13   72
  2.047049e-01   2.160366e-11   4.350048e-04   8.428877e-13   104
  2.059331e-01   3.419429e-11   3.746387e-09   6.159991e-13   144
  2.087224e-01   4.472959e-11   6.282881e-09   1.020136e-12   96
  2.096439e-01   4.990580e-11   0.000000e+00   1.061137e-12   96
  2.111095e-01   4.420317e-11   4.475232e-04   8.900511e-13   120
  2.123845e-01   4.135989e-11   0.000000e+00   7.232730e-13   120
  2.132902e-01   3.754497e-11   0.000000e+00   1.077067e-12   72
  2.150901e-01   2.619183e-11   0.000000e+00   1.026061e-12   48
  2.159845e-01   1.935972e-11   4.235416e-09   1.299494e-12   78
  2.171286e-01   1.847599e-11   4.007142e-04   6.300252e-13   168
  2.195255e-01   4.478921e-12   3.746387e-09   2.053010e-13   144
  2.204018e-01   1.682314e-12   3.746387e-09   1.326609e-13   144
  2.229436e-01   3.226268e-12   2.307791e-04   1.596480e-13   156
  2.238729e-01   4.223925e-12   4.866699e-09   3.869120e-13   48
  2.247323e-01   7.334344e-12   3.178914e-09   3.394054e-13   120
  2.255884e-01   1.120103e-11   0.000000e+00   4.083104e-13   48
  2.271022e-01   1.800799e-11   3.532495e-04   2.757865e-13   216
  2.289809e-01   2.853170e-11   0.000000e+00   9.925473e-13   48
  2.298212e-01   3.080515e-11   2.809790e-09   6.461589e-13   96
  2.310160e-01   3.008816e-11   4.128272e-04   5.214918e-13   168
  2.323239e-01   3.787430e-11   2.809790e-09   1.016336e-12   48
  2.331522e-01   3.269417e-11   0.000000e+00   5.689417e-13   96
  2.339775e-01   3.220631e-11   0.000000e+00   7.712819e-13   48
  2.356194e-01   3.451486e-11   3.178914e-09   9.171143e-13   30
  2.364362e-01   2.429454e-11   2.809790e-09   7.570472e-13   96
  2.374123e-01   1.735062e-11   3.244455e-04   3.450768e-13   240
  2.386674e-01   1.446896e-11   3.500299e-04   8.256068e-13   32
  2.396752e-01   8.800293e-12   0.000000e+00   3.204042e-13   168
  2.404781e-01   5.731720e-12   0.000000e+00   2.161993e-13   120
  2.420760e-01   2.508468e-12   5.923557e-09   2.080841e-13   72
  2.428710e-01   1.153699e-12   3.746387e-09   1.250371e-13   144
  2.436634e-01   6.328984e-13   0.000000e+00   6.667974e-14   96
  2.444532e-01   1.152177e-12   0.000000e+00   8.230923e-14   96
  2.460253e-01   2.791704e-12   4.588368e-09   2.460252e-13   72
  2.468075e-01   5.775662e-12   3.973643e-09   2.203004e-13   96
  2.483647e-01   5.625437e-12   0.000000e+00   4.148925e-13   24
  2.491396e-01   1.144002e-11   0.000000e+00   2.488025e-13   192
  2.500522e-01   1.560661e-11   2.970416e-04   3.475184e-13   132
  2.514501e-01   1.896419e-11   0.000000e+00   5.036246e-13   96
  2.522156e-01   2.280369e-11   0.000000e+00   4.173009e-13   96
  2.529787e-01   2.189152e-11   3.178914e-09   3.945291e-13   120
  2.544981e-01   2.200047e-11   0.000000e+00   7.457791e-13   48
  2.557435e-01   2.235014e-11   3.599905e-04   3.369375e-13   222
  2.567603e-01   2.088140e-11   0.000000e+00   5.077037e-13   120
  2.575100e-01   1.709548e-11   4.866699e-09   5.417505e-13   24
  2.586015e-01   1.705322e-11   3.715625e-04   2.552425e-13   312
  2.609797e-01   9.319304e-12   3.483547e-04   4.189212e-13   72
  2.619630e-01   6.488230e-12   2.809790e-09   2.462810e-13   96
  2.629726e-01   3.632139e-12   3.547511e-04   1.580950e-13   192
  2.641613e-01   1.142293e-12   4.495664e-09   8.307419e-14   120
  2.648900e-01   1.085346e-12   0.000000e+00   1.002496e-13   144
  2.663415e-01   4.847043e-13   0.000000e+00   6.577431e-14   48
  2.673732e-01   1.626295e-12   3.567146e-04   7.123278e-14   336
  2.685040e-01   2.326527e-12   0.000000e+00   2.206437e-13   48
  2.699360e-01   5.835281e-12   0.000000e+00   1.843205e-13   192
  2.706492e-01   8.795762e-12   0.000000e+00   3.139594e-13   48
  2.726764e-01   1.208438e-11   2.476067e-04   3.455249e-13   56
  2.736844e-01   1.395795e-11   3.180112e-04   1.938138e-13   336
  2.748894e-01   1.795933e-11   3.532127e-09   5.388989e-13   54
  2.759390e-01   1.736300e-11   3.492904e-04   2.734659e-13   240
  2.781181e-01   1.650952e-11   3.344484e-04   2.656593e-13   228
  2.790651e-01   1.431323e-11   3.746387e-09   4.142131e-13   72
  2.799844e-01   1.457167e-11   3.244231e-04   3.343680e-13   144
  2.811298e-01   1.082354e-11   0.000000e+00   3.023959e-13   96
  2.818146e-01   1.096811e-11   4.495664e-09   1.796180e-13   240
  2.831793e-01   4.806298e-12   3.973643e-09   4.090234e-13   24
  2.840530e-01   4.648723e-12   3.064151e-04   1.086931e-13   336
  2.852142e-01   2.247705e-12   0.000000e+00   1.475866e-13   72
  2.862741e-01   1.082587e-12   3.332831e-04   7.119168e-14   168
  2.872346e-01   1.018324e-12   0.000000e+00   7.987911e-14   72
  2.885737e-01   3.645174e-13   0.000000e+00   4.039360e-14   96
  2.896108e-01   1.329966e-12   3.307829e-04   7.445283e-14   216
  2.905708e-01   1.511246e-12   3.973643e-09   7.922185e-14   96
  2.918946e-01   3.295448e-12   0.000000e+00   1.145463e-13   192
  2.925542e-01   5.150444e-12   3.746387e-09   1.571365e-13   144
  2.938691e-01   9.623191e-12   0.000000e+00   2.759295e-13   48
  2.947794e-01   8.964651e-12   3.189136e-04   1.430122e-13   246
  2.960164e-01   9.481150e-12   2.940434e-04   2.160507e-13   168
  2.971308e-01   1.257960e-11   5.506041e-09   2.263122e-13   120
  2.977788e-01   1.187714e-11   0.000000e+00   1.683602e-13   240
  2.990707e-01   1.493814e-11   3.973643e-09   4.798783e-13   24
  3.001001e-01   1.254703e-11   3.147475e-04   1.623546e-13   360
  3.013820e-01   1.186164e-11   3.134082e-04   2.827348e-13   120
  3.022763e-01   9.045818e-12   0.000000e+00   1.901931e-13   144
  3.029133e-01   8.790814e-12   0.000000e+00   2.063027e-13   96
  3.048165e-01   5.977477e-12   0.000000e+00   2.081885e-13   144
  3.054482e-01   3.279308e-12   0.000000e+00   1.548295e-13   132
  3.063360e-01   3.708075e-12   3.093292e-04   1.139286e-13   176
  3.076248e-01   1.895766e-12   3.123602e-04   6.409276e-14   312
  3.092116e-01   1.135011e-12   0.000000e+00   9.282599e-14   96
  3.098343e-01   5.147421e-13   0.000000e+00   3.632762e-14   144
  3.107899e-01   6.858490e-13   3.092271e-04   4.024677e-14   312
  3.123131e-01   7.277179e-13   0.000000e+00   5.995143e-14   48
  3.129297e-01   2.122549e-12   3.973643e-09   1.050187e-13   192
  3.141593e-01   3.674837e-12   0.000000e+00   7.683600e-13   6
  3.149762e-01   3.997266e-12   2.884066e-04   1.297648e-13   288
  3.162994e-01   6.600520e-12   3.047203e-04   2.050020e-13   192
  3.172124e-01   5.684491e-12   9.345130e-09   1.160418e-13   216
  3.178195e-01   8.315800e-12   0.000000e+00   2.100356e-13   72
  3.193321e-01   7.489431e-12   3.018264e-04   1.709244e-13   192
  3.203366e-01   1.041174e-11   2.241224e-04   1.563194e-13   288
  3.214381e-01   5.628869e-12   0.000000e+00   3.529178e-13   24
  3.222890e-01   9.096588e-12   2.952626e-04   1.177154e-13   456
  3.238280e-01   5.673805e-12   5.619580e-09   2.462782e-13   48
  3.247789e-01   5.900821e-12   2.908218e-04   1.513358e-13   240
  3.258718e-01   5.864744e-12   2.939082e-04   1.817660e-13   216
  3.267908e-01   5.110144e-12   0.000000e+00   2.950536e-13   72
  3.273801e-01   4.463818e-12   1.015467e-08   1.660067e-13   168
  3.290441e-01   1.228310e-12   2.184577e-04   5.423557e-14   288
  3.299773e-01   1.504919e-12   2.890570e-04   8.486303e-14   168
  3.314762e-01   2.964648e-13   0.000000e+00   1.886782e-14   192
  3.320572e-01   5.271292e-13   3.746387e-09   3.074300e-14   144
  3.332162e-01   1.328694e-12   0.000000e+00   8.045215e-14   36
  3.341991e-01   6.603234e-13   2.639705e-04   3.107356e-14   342
  3.351389e-01   9.718991e-13   2.710657e-04   7.408219e-14   144
  3.363470e-01   2.402195e-12   2.842800e-04   7.165276e-14   384
  3.378125e-01   4.012744e-12   7.786718e-09   1.207172e-13   120
  3.385379e-01   4.633999e-12   2.534951e-04   1.382214e-13   264
  3.395201e-01   3.985457e-12   1.256576e-08   9.906033e-14   192
  3.404451e-01   6.334696e-12   2.731894e-04   1.539218e-13   152
  3.412191e-01   6.803823e-12   7.492773e-09   2.357601e-13   144
  3.428472e-01   6.626756e-12   1.768108e-04   1.521869e-13   216
  3.436008e-01   6.515232e-12   2.362665e-04   1.504644e-13   312
  3.449274e-01   7.005051e-12   2.738281e-04   1.479336e-13   240
  3.457090e-01   4.507649e-12   3.973643e-09   1.690193e-13   96
  3.471927e-01   6.110183e-12   2.617995e-04   1.558715e-13   144
  3.481071e-01   3.612176e-12   2.573258e-04   8.176759e-14   456
  3.495904e-01   3.032385e-12   0.000000e+00   1.338065e-13   120
  3.501414e-01   2.086448e-12   0.000000e+00   1.066214e-13   144
  3.512407e-01   2.689987e-12   0.000000e+00   1.553500e-13   24
  3.519456e-01   1.248694e-12   2.473498e-04   6.135929e-14   336
  3.531645e-01   4.211797e-13   2.727931e-04   3.402291e-14   198
  3.543067e-01   3.688634e-13   2.652756e-04   2.195426e-14   432
  3.556041e-01   4.590004e-13   0.000000e+00   7.324007e-14   48
  3.562810e-01   5.988113e-13   2.341925e-04   2.869070e-14   384
  3.574963e-01   1.577525e-12   2.696052e-04   7.609789e-14   144
  3.585975e-01   1.765863e-12   2.676825e-04   7.524598e-14   264
  3.599147e-01   1.005709e-12   0.000000e+00   5.396559e-14   48
  3.607984e-01   3.295401e-12   2.545223e-04   9.903520e-14   276
  3.616510e-01   3.844600e-12   2.307176e-04   9.539881e-14   192
  3.627906e-01   4.310329e-12   2.592759e-04   7.077966e-14   552
  3.641741e-01   4.468055e-12   8.991328e-09   1.848300e-13   120
  3.649965e-01   4.800342e-12   2.624511e-04   8.572312e-14   216
  3.657587e-01   5.031050e-12   4.495664e-09   1.210468e-13   120
  3.671201e-01   5.048675e-12   2.584500e-04   1.086582e-13   408
  3.683844e-01   5.103906e-12   5.619580e-09   2.481388e-13   24
  3.691684e-01   4.227700e-12   2.610810e-04   6.951247e-14   384
  3.702633e-01   2.535689e-12   2.550855e-04   6.478771e-14   240
  3.712141e-01   1.972839e-12   2.569535e-04   1.050552e-13   168
  3.725471e-01   1.300629e-12   6.357829e-09   8.302078e-14   120
  3.734064e-01   1.205368e-12   2.678605e-04   4.671610e-14   350
  3.748037e-01   6.395653e-13   4.409502e-04   3.479160e-14   384
  3.756388e-01   5.863020e-13   0.000000e+00   5.941069e-14   144
  3.771752e-01   3.768345e-13   1.059638e-08   2.747301e-14   288
  3.779773e-01   3.082193e-13   2.524053e-04   1.530552e-14   336
  3.790686e-01   5.928900e-13   2.297941e-04   3.402317e-14   168
  3.797219e-01   8.020075e-13   4.541306e-09   3.282990e-14   336
  3.810732e-01   1.422833e-12   2.385126e-04   4.678629e-14   288
  3.818848e-01   1.624783e-12   2.247398e-04   6.148347e-14   264
  3.832590e-01   2.706923e-12   0.000000e+00   7.550439e-14   240
  3.837616e-01   3.437438e-12   7.947286e-09   1.355062e-13   96
  3.855656e-01   3.674091e-12   3.056310e-04   7.976532e-14   360
  3.864075e-01   3.665427e-12   2.253025e-04   1.203445e-13   168
  3.874713e-01   3.744495e-12   2.456032e-04   7.143899e-14   456
  3.887523e-01   3.865485e-12   7.064254e-09   1.053402e-13   108
  3.894728e-01   3.880523e-12   2.464311e-04   7.254692e-14   264
  3.903716e-01   3.571786e-12   2.198567e-04   8.206835e-14   264
  3.916025e-01   2.285778e-12   2.074668e-04   5.446667e-14   312
  3.931351e-01   1.426100e-12   1.541705e-04   5.154754e-14   270
  3.937775e-01   2.276057e-12   1.957388e-04   6.988358e-14   240
  3.949323e-01   1.348408e-12   2.421536e-04   5.814189e-14   384
  3.956334e-01   8.466699e-13   0.000000e+00   3.931569e-14   192
  3.969952e-01   4.861375e-13   1.942960e-04   5.494179e-14   240
  3.977852e-01   3.960091e-13   2.397927e-04   2.086533e-14   336
  3.992708e-01   1.791651e-13   2.413972e-04   8.931587e-15   480
  4.004761e-01   7.730595e-13   0.000000e+00   5.815548e-14   72
  4.011493e-01   3.054808e-13   2.353842e-04   1.956826e-14   240
  4.020650e-01   7.029587e-13   2.212289e-04   2.786443e-14   312
  4.031147e-01   1.115766e-12   2.390954e-04   3.644703e-14   240
  4.047009e-01   2.215492e-12   1.816506e-04   5.809768e-14   408
  4.053288e-01   1.883090e-12   1.663482e-04   3.819856e-14   336
  4.065560e-01   2.374736e-12   2.112212e-04   7.891779e-14   264
  4.071591e-01   3.053793e-12   0.000000e+00   6.568101e-14   144
  4.088370e-01   2.765787e-12   2.927651e-04   5.784686e-14   464
  4.097211e-01   3.021331e-12   2.328083e-04   1.027585e-13   168
  4.105939e-01   2.720824e-12   2.120376e-04   5.504878e-14   336
  4.121713e-01   2.662151e-12   2.227870e-04   6.465291e-14   414
  4.130606e-01   2.277279e-12   2.319080e-04   7.499183e-14   216
  4.141998e-01   2.237913e-12   5.619580e-09   6.541054e-14   96
  4.146649e-01   2.189798e-12   1.685874e-08   5.507477e-14   384
  4.162944e-01   1.324835e-12   2.314600e-04   4.821999e-14   492
  4.171676e-01   9.302093e-13   2.263480e-04   4.358523e-14   240
  4.181546e-01   5.380895e-13   2.298225e-04   2.978018e-14   312
  4.195176e-01   2.246083e-13   2.297469e-04   1.630541e-14   192
  4.203810e-01   1.631620e-13   2.226525e-04   7.383167e-15   504
  4.215265e-01   1.944094e-13   1.473998e-04   1.040843e-14   408
  4.224284e-01   3.417803e-13   4.515774e-04   2.817592e-14   168
  4.235571e-01   4.902215e-13   2.145032e-04   2.763993e-14   288
  4.245041e-01   7.125628e-13   2.238525e-04   3.217806e-14   288
  4.254743e-01   1.013159e-12   2.251410e-04   3.173866e-14   432
  4.268815e-01   1.053100e-12   2.129084e-04   4.837245e-14   216
  4.276334e-01   1.596698e-12   2.124592e-04   3.626139e-14   360
  4.289721e-01   2.322671e-12   2.073582e-04   5.586566e-14   312
  4.301803e-01   3.840849e-13   0.000000e+00   3.175188e-14   48
  4.308767e-01   1.976794e-12   2.223178e-04   4.917081e-14   432
  4.321240e-01   2.655991e-12   3.708284e-04   7.142911e-14   414
  4.328606e-01   2.705475e-12   1.956255e-08   7.491656e-14   312
  4.342347e-01   2.127497e-12   3.253813e-04   5.567111e-14   528
  4.351620e-01   2.171106e-12   1.707976e-04   5.731960e-14   264
  4.362761e-01   1.563637e-12   2.025191e-04   4.649361e-14   480
  4.377318e-01   9.258172e-13   0.000000e+00   4.150295e-14   288
  4.383604e-01   1.210576e-12   2.176005e-04   5.021474e-14   168
  4.395105e-01   5.592364e-13   3.444610e-04   2.569044e-14   504
  4.408036e-01   2.194123e-13   7.492773e-09   1.458443e-14   144
  4.416171e-01   4.777907e-13   2.212265e-04   2.174492e-14   464
  4.428396e-01   1.761840e-13   3.246624e-04   9.589925e-15   432
  4.434197e-01   1.159497e-13   5.619580e-09   1.019365e-14   192
  4.449189e-01   2.434196e-13   2.406833e-04   1.193757e-14   396
  4.458042e-01   6.293065e-13   2.162000e-04   4.384848e-14   288
  4.466990e-01   8.845935e-13   2.135686e-04   3.462773e-14   336
  4.481283e-01   1.106212e-12   1.352359e-04   4.049901e-14   432
  4.490354e-01   1.176024e-12   3.505126e-04   4.834514e-14   360
  4.500539e-01   1.304947e-12   2.073334e-04   4.845168e-14   384
  4.515004e-01   2.042926e-12   1.830116e-04   4.238214e-14   198
  4.521974e-01   1.760386e-12   2.080246e-04   4.364496e-14   552
  4.534970e-01   2.072879e-12   2.912202e-04   6.303683e-14   432
  4.545821e-01   2.096853e-12   0.000000e+00   4.937834e-14   168
  4.554927e-01   1.856817e-12   3.610065e-04   5.608679e-14   480
  4.566974e-01   1.043739e-12   0.000000e+00   5.503621e-14   120
  4.572396e-01   1.262201e-12   2.948545e-04   4.738299e-14   336
  4.585628e-01   1.384363e-12   2.080152e-04   2.672074e-14   672
  4.598711e-01   8.453410e-13   3.025866e-04   3.365036e-14   528
  4.604805e-01   8.454668e-13   9.082613e-09   7.564269e-14   168
  4.618883e-01   3.955146e-13   3.375333e-04   1.744100e-14   456
  4.627474e-01   4.463572e-13   2.061344e-04   2.833290e-14   168
  4.636392e-01   3.052960e-13   2.057643e-04   1.517946e-14   504
  4.651216e-01   1.163768e-13   2.647872e-04   6.343597e-15   336
  4.660180e-01   3.133314e-13   1.908802e-04   2.169851e-14   312
  4.670124e-01   3.691374e-13   1.865029e-04   1.806950e-14   504
  4.683210e-01   4.785347e-13   1.294009e-04   2.098964e-14   432
  4.689362e-01   7.910629e-13   1.999672e-04   3.229983e-14   312
  4.702151e-01   8.961566e-13   2.049761e-04   4.289675e-14   384
  4.715504e-01   5.802726e-13   1.741510e-04   2.898386e-14   126
  4.723748e-01   1.496110e-12   3.057676e-04   4.563220e-14   492
  4.734278e-01   1.304116e-12   1.958445e-04   4.209029e-14   528
  4.747438e-01   1.395189e-12   1.989360e-04   4.221579e-14   480
  4.755596e-01   1.395418e-12   2.748289e-04   6.292303e-14   432
  4.767402e-01   1.592080e-12   2.161166e-04   4.137596e-14   440
  4.781114e-01   1.753059e-12   1.074739e-04   5.361268e-14   312
  4.786259e-01   1.199633e-12   1.610586e-04   3.499337e-14   480
  4.796813e-01   1.305187e-12   3.153497e-04   5.006816e-14   408
  4.812233e-01   7.405260e-13   1.888588e-04   3.615665e-14   360
  4.818747e-01   7.389409e-13   1.822418e-04   3.243145e-14   408
  4.830820e-01   6.831324e-13   1.854542e-04   1.975767e-14   456
  4.844414e-01   3.646010e-13   1.772485e-04   2.174872e-14   264
  4.851959e-01   2.486197e-13   1.923591e-04   1.811644e-14   384
  4.862943e-01   2.690350e-13   3.238501e-04   1.370869e-14   672
  4.875640e-01   5.758117e-13   1.937042e-04   4.955400e-14   240
  4.882967e-01   2.260192e-13   1.965613e-04   1.406434e-14   264
  4.893308e-01   3.488140e-13   2.424259e-04   2.108073e-14   624
  4.908739e-01   5.436810e-13   0.000000e+00   6.614965e-14   150
  4.914232e-01   6.888902e-13   2.716574e-04   3.039080e-14   600
  4.925819e-01   5.430011e-13   1.874909e-04   2.358963e-14   672
  4.938939e-01   7.719346e-13   1.763484e-04   2.671606e-14   336
  4.946248e-01   1.046826e-12   1.918157e-04   3.643465e-14   408
  4.957926e-01   1.252409e-12   1.913639e-04   5.297581e-14   408
  4.970915e-01   1.154252e-12   9.676385e-05   4.039855e-14   360
  4.978921e-01   1.354407e-12   3.552857e-04   4.802145e-14   456
  4.988592e-01   1.128294e-12   1.932065e-04   4.509479e-14   384
  5.000902e-01   1.571131e-12   1.783541e-04   4.948267e-14   348
  5.007554e-01   8.788993e-13   2.198754e-04   2.587346e-14   576
  5.020050e-01   9.783790e-13   1.810385e-04   3.692055e-14   504
  5.032833e-01   4.912627e-13   2.553443e-04   1.780391e-14   432
  5.043991e-01   5.309267e-13   3.473946e-04   1.712850e-14   576
  5.051948e-01   7.279584e-13   0.000000e+00   3.876704e-14   264
  5.064571e-01   3.709055e-13   2.764393e-04   1.535850e-14   768
  5.075549e-01   1.425124e-13   3.721752e-04   9.146447e-15   240
  5.084277e-01   4.975494e-13   3.282233e-04   4.713472e-14   192
  5.096990e-01   1.801089e-13   2.416124e-04   7.037514e-15   504
  5.106418e-01   5.824620e-13   3.255818e-04   4.469219e-14   590
  5.115460e-01   3.566923e-13   3.647966e-04   2.957753e-14   384
  5.126798e-01   2.702754e-13   3.048625e-04   1.281882e-14   504
  5.140486e-01   7.756858e-13   2.933830e-04   2.920369e-14   648
  5.153764e-01   4.708762e-13   7.967896e-05   1.739954e-14   504
  5.159117e-01   1.078944e-12   1.817627e-04   3.837462e-14   312
  5.168569e-01   5.025241e-13   2.618753e-04   1.830922e-14   576
  5.181545e-01   9.560689e-13   1.822405e-04   6.633233e-14   240
  5.189109e-01   8.923834e-13   1.841453e-04   3.411587e-14   552
  5.199816e-01   8.489305e-13   1.729082e-04   2.520381e-14   600
  5.215067e-01   8.542408e-13   2.111937e-04   2.128820e-14   600
  5.224237e-01   9.746441e-13   3.382099e-04   3.199647e-14   312
  5.233368e-01   1.008995e-12   2.945474e-04   3.624581e-14   480
  5.244775e-01   6.144557e-13   1.837693e-04   2.005206e-14   576
  5.254818e-01   5.800611e-13   2.959085e-04   1.795339e-14   408
  5.263729e-01   4.379915e-13   3.451909e-04   1.519198e-14   216
  5.275243e-01   3.341943e-13   2.643774e-04   1.287760e-14   516
  5.287578e-01   2.965447e-13   2.522429e-04   1.233553e-14   744
  5.300304e-01   2.594008e-13   1.684760e-04   1.587557e-14   462
  5.307494e-01   3.464763e-13   1.712315e-04   1.460736e-14   432
  5.318647e-01   2.114897e-13   1.588547e-04   1.209454e-14   648
  5.331761e-01   2.251418e-13   2.324340e-04   1.428405e-14   528
  5.342295e-01   4.051686e-13   2.799086e-04   1.716379e-14   600
  5.352820e-01   4.017137e-13   3.528915e-04   1.516930e-14   240
  5.363014e-01   3.091683e-13   2.703115e-04   9.444463e-15   720
  5.374863e-01   6.236817e-13   2.138653e-04   2.095624e-14   720
  5.387997e-01   1.119000e-12   0.000000e+00   4.159763e-14   144
  5.394909e-01   6.252905e-13   2.757364e-04   2.397103e-14   720
  5.404742e-01   6.300864e-13   1.653370e-04   2.214302e-14   384
  5.417051e-01   6.119198e-13   1.832848e-04   1.672458e-14   672
  5.428730e-01   6.187579e-13   3.209115e-04   3.021133e-14   336
  5.434308e-01   5.503925e-13   0.000000e+00   1.886437e-14   288
  5.447967e-01   5.776393e-13   2.539800e-04   1.762458e-14   776
  5.460612e-01   6.985341e-13   2.173184e-04   2.297244e-14   720
  5.471231e-01   4.839021e-13   1.750659e-04   2.450468e-14   432
  5.479725e-01   4.127137e-13   2.495786e-04   1.920149e-14   504
  5.489174e-01   4.243050e-13   1.748652e-04   1.191842e-14   528
  5.502396e-01   2.337898e-13   2.382437e-04   1.491291e-14   438
  5.513273e-01   3.203254e-13   2.772938e-04   1.517417e-14   624
  5.521470e-01   2.272339e-13   3.396475e-04   1.402888e-14   312
  5.532738e-01   2.441103e-13   1.829935e-04   1.261266e-14   696
  5.544390e-01   1.713169e-13   1.655760e-04   1.140717e-14   552
  5.556509e-01   4.136589e-13   1.281006e-04   2.041176e-14   516
  5.564006e-01   2.196056e-13   2.558713e-04   1.324283e-14   528
  5.573133e-01   4.136387e-13   1.664001e-04   2.418965e-14   528
  5.586097e-01   3.636882e-13   2.194479e-04   1.368865e-14   864
  5.594897e-01   3.509070e-13   3.005985e-04   1.680455e-14   408
  5.603706e-01   3.586704e-13   2.978186e-04   3.117000e-14   192
  5.616191e-01   6.501602e-13   2.464592e-04   2.249756e-14   720
  5.626731e-01   4.934178e-13   2.272475e-04   1.388023e-14   696
  5.639255e-01   7.566753e-13   2.454294e-04   2.147560e-14   720
  5.650713e-01   4.988605e-13   3.326501e-04   1.865605e-14   432
  5.657395e-01   3.824127e-13   1.958109e-04   1.810336e-14   264
  5.669418e-01   6.842664e-13   2.704061e-04   2.330825e-14   672
  5.680171e-01   4.475201e-13   2.768544e-04   1.675011e-14   600
  5.692933e-01   5.846836e-13   1.620980e-04   2.277906e-14   270
  5.699366e-01   5.021895e-13   2.440026e-04   1.538095e-14   528
  5.709591e-01   2.883373e-13   1.670843e-04   9.448980e-15   840
  5.723613e-01   2.688978e-13   3.194952e-04   1.128175e-14   888
  5.736568e-01   1.696265e-13   2.380474e-04   6.537210e-15   744
  5.747517e-01   1.173134e-13   1.223216e-04   6.574535e-15   456
  5.752963e-01   3.423389e-13   1.671601e-04   1.327114e-14   360
  5.762282e-01   1.839490e-13   1.448348e-04   1.269560e-14   384
  5.776580e-01   2.022822e-13   2.323137e-04   7.635752e-15   816
  5.787308e-01   3.328441e-13   3.370546e-04   1.520561e-14   824
  5.800348e-01   1.403992e-13   1.566791e-04   7.265468e-15   360
  5.807331e-01   3.104003e-13   2.311994e-04   1.255302e-14   624
  5.816941e-01   6.347999e-13   1.562320e-04   2.552611e-14   360
  5.829744e-01   5.705432e-13   2.125215e-04   1.673722e-14   876
  5.841306e-01   4.461135e-13   2.524119e-04   1.588706e-14   696
  5.852967e-01   4.761748e-13   1.629911e-04   2.669063e-14   336
  5.859080e-01   8.562879e-13   1.628079e-04   2.671084e-14   504
  5.869176e-01   5.012330e-13   1.642187e-04   1.862417e-14   672
  5.884155e-01   4.478051e-13   3.269213e-04   1.560175e-14   720
  5.894543e-01   5.449407e-13   2.469541e-04   2.009361e-14   774
  5.906010e-01   6.959844e-13   1.413501e-04   2.618058e-14   384
  5.912015e-01   5.019769e-13   2.720183e-04   2.125598e-14   528
  5.921335e-01   3.794628e-13   2.592486e-04   1.358555e-14   744
  5.936327e-01   3.436576e-13   2.138251e-04   1.468374e-14   768
  5.946281e-01   2.379628e-13   2.400348e-04   1.004838e-14   552
  5.958700e-01   2.406834e-13   2.616108e-04   9.704628e-15   696
  5.967938e-01   2.441913e-13   3.179026e-04   1.991516e-14   408
  5.975272e-01   1.431081e-13   1.373364e-04   9.234700e-15   504
  5.986899e-01   1.719900e-13   2.467198e-04   6.857256e-15   888
  5.998339e-01   3.873574e-13   2.564132e-04   2.239018e-14   648
  6.010230e-01   4.120900e-13   2.542153e-04   2.326377e-14   648
  6.021418e-01   3.488116e-13   2.741064e-04   1.546340e-14   792
  6.033268e-01   2.925099e-13   4.010364e-04   1.948812e-14   600
  6.042000e-01   3.513812e-13   2.717856e-04   1.501090e-14   456
  6.051191e-01   4.900739e-13   1.324567e-04   1.795317e-14   648
  6.062996e-01   5.209844e-13   2.583099e-04   2.341357e-14   936
  6.075741e-01   2.801104e-13   1.586356e-04   1.373019e-14   384
  6.086836e-01   8.488369e-13   1.334798e-08   5.085020e-14   198
  6.095398e-01   5.749251e-13   4.024720e-04   1.730522e-14   1224
  6.104634e-01   5.634724e-13   2.931235e-04   2.013795e-14   420
  6.115558e-01   3.445840e-13   2.836822e-04   1.886162e-14   792
  6.126238e-01   6.728725e-13   2.345810e-04   3.102338e-14   680
  6.138428e-01   2.530626e-13   2.154033e-04   9.004454e-15   600
  6.148235e-01   4.273161e-13   3.123938e-04   1.447901e-14   840
  6.161330e-01   1.593130e-13   1.474979e-04   9.619007e-15   432
  6.166334e-01   3.960607e-13   1.382249e-04   1.705143e-14   720
  6.177213e-01   2.276078e-13   2.768404e-04   8.372287e-15   960
  6.190745e-01   3.759580e-13   2.467829e-04   3.086135e-14   528
  6.200634e-01   3.226083e-13   2.522592e-04   1.935314e-14   624
  6.212404e-01   3.956321e-13   1.982740e-04   3.011114e-14   816
  6.224086e-01   4.341102e-13   3.260658e-04   2.443176e-14   696
  6.236996e-01   2.708770e-13   2.202416e-08   1.824447e-14   240
  6.241851e-01   4.225584e-13   1.922888e-04   2.595264e-14   672
  6.252686e-01   4.357466e-13   3.436476e-04   2.679301e-14   864
  6.264840e-01   4.360308e-13   2.636938e-04   2.088239e-14   816
  6.275795e-01   3.692273e-13   1.509292e-04   1.440660e-14   648
  6.287594e-01   7.100030e-13   1.542771e-04   3.085337e-14   843
  6.297611e-01   3.799296e-13   2.775825e-04   1.295178e-14   780
  6.309548e-01   6.608854e-13   1.489456e-04   3.286976e-14   216
  6.316911e-01   3.549918e-13   3.591661e-04   8.138345e-15   1056
  6.328235e-01   5.109543e-13   2.938382e-04   6.416773e-14   228
  6.338720e-01   5.166987e-13   3.658358e-04   1.586569e-14   924
  6.349484e-01   2.034545e-13   1.357046e-04   8.554993e-15   696
  6.360882e-01   3.495658e-13   2.415153e-04   1.533246e-14   996
  6.372543e-01   3.731351e-13   1.425858e-04   1.192762e-14   576
  6.384675e-01   4.170073e-13   2.200718e-04   3.603748e-14   552
  6.393519e-01   1.584144e-13   2.627580e-04   1.147977e-14   516
  6.402494e-01   4.220472e-13   3.821047e-04   3.091644e-14   744
  6.412749e-01   8.810140e-14   1.874451e-04   5.659861e-15   576
  6.421669e-01   1.624142e-13   1.929285e-04   1.482656e-14   792
  6.434346e-01   3.251571e-13   2.205530e-04   3.178018e-14   792
  6.443636e-01   2.931001e-13   2.378641e-04   1.914236e-14   720
  6.456200e-01   2.613249e-13   2.711104e-04   2.391701e-14   656
  6.467974e-01   3.390368e-13   2.960385e-04   1.850695e-14   816
  6.480043e-01   5.925865e-13   1.596190e-04   5.174872e-14   492
  6.486903e-01   3.734146e-13   2.296231e-04   1.201721e-14   552
  6.499778e-01   4.381155e-13   3.992867e-04   1.705439e-14   780
  6.508139e-01   4.873101e-13   2.452771e-04   3.288403e-14   528
  6.517148e-01   3.992012e-13   2.863130e-04   1.567127e-14   600
  6.530425e-01   4.175915e-13   2.379487e-04   1.852802e-14   900
  6.539577e-01   3.941663e-13   1.317325e-04   1.363824e-14   696
  6.552168e-01   4.882743e-13   3.330907e-04   1.589910e-14   696
  6.564349e-01   1.940658e-13   1.351317e-04   9.474410e-15   552
  6.574592e-01   4.118547e-13   1.571457e-04   1.739123e-14   708
  6.585322e-01   3.834686e-13   2.594565e-04   1.001924e-14   876
  6.596487e-01   1.722745e-13   1.377663e-04   1.076526e-14   216
  6.603980e-01   1.503201e-13   3.768094e-04   5.076780e-15   1032
  6.615201e-01   8.004318e-14   4.195357e-04   3.693747e-15   600
  6.626848e-01   2.246878e-13   2.001869e-04   7.772748e-15   600
  6.635732e-01   3.157748e-13   3.535112e-04   2.814537e-14   528
  6.646233e-01   2.450139e-13   1.940622e-04   1.614362e-14   732
  6.657296e-01   2.917706e-13   1.432973e-04   3.746967e-14   336
  6.670031e-01   3.715393e-13   2.042271e-04   2.530571e-14   912
  6.679548e-01   1.993001e-13   2.049821e-04   9.702009e-15   624
  6.689946e-01   2.096050e-13   1.727341e-04   1.514437e-14   768
  6.702082e-01   2.700603e-13   3.116463e-04   1.196168e-14   792
  6.713995e-01   2.709900e-13   1.545014e-04   1.185862e-14   660
  6.722471e-01   3.474480e-13   2.276826e-04   1.230009e-14   504
  6.731238e-01   1.722380e-13   3.719898e-04   6.624194e-15   480
  6.744376e-01   4.038395e-13   3.440421e-04   9.605166e-15   912
  6.754664e-01   3.626624e-13   3.831443e-04   1.932247e-14   432
  6.764380e-01   4.598856e-13   2.275021e-04   1.843334e-14   564
  6.773006e-01   3.214674e-13   2.177508e-04   1.590014e-14   600
  6.785149e-01   2.578805e-13   3.035240e-04   1.227442e-14   876
  6.794272e-01   2.515532e-13   1.364735e-04   1.642701e-14   264
  6.806846e-01   2.970540e-13   2.648123e-04   1.185745e-14   560
  6.816953e-01   2.279201e-13   1.799457e-04   7.912395e-15   840
  6.829222e-01   1.890929e-13   2.774244e-04   9.722084e-15   1008
  6.840568e-01   1.449351e-13   1.241010e-04   7.548117e-15   456
  6.850930e-01   2.495462e-13   1.607553e-04   1.971274e-14   576
  6.860509e-01   1.743955e-13   2.470177e-04   9.796707e-15   612
  6.873140e-01   2.201359e-13   2.206269e-04   9.686227e-15   780
  6.883444e-01   3.265721e-13   2.528284e-04   2.032281e-14   648
  6.893992e-01   2.312157e-13   1.178213e-04   1.169283e-14   312
  6.900734e-01   2.835731e-13   2.993645e-04   1.363470e-14   528
  6.912414e-01   2.552587e-13   3.909551e-04   1.313639e-14   720
  6.923583e-01   4.838421e-13   3.921794e-04   2.087599e-14   576
  6.937124e-01   2.500205e-13   3.383053e-04   1.909211e-14   444
  6.945549e-01   3.977037e-13   3.317685e-04   1.686739e-14   996
  6.955874e-01   3.274853e-13   2.771265e-04   2.691934e-14   432
  6.965633e-01   3.406307e-13   3.033990e-04   2.195162e-14   504
  6.974062e-01   3.599683e-13   1.367883e-04   2.438521e-14   504
  6.986065e-01   3.352154e-13   2.692009e-04   9.975661e-15   876
  6.996926e-01   2.657652e-13   3.098246e-04   1.537769e-14   504
  7.008236e-01   3.978140e-13   1.975899e-04   1.262939e-14   696
  7.017583e-01   1.897901e-13   1.689187e-04   7.989130e-15   492
  7.030300e-01   2.051529e-13   2.418152e-04   1.033601e-14   432
  7.039719e-01   2.156108e-13   2.264335e-04   9.512089e-15   768
  7.050885e-01   2.291290e-13   2.820533e-04   9.893485e-15   648
  7.061547e-01   1.145542e-13   1.840095e-04   3.936464e-15   456
  7.073798e-01   1.813489e-13   2.530430e-04   7.585489e-15   552
  7.082306e-01   9.278408e-14   1.734358e-04   5.413435e-15   648
  7.094016e-01   1.322683e-13   2.826907e-04   1.050280e-14   840
  7.105454e-01   4.932908e-14   1.348092e-04   2.125161e-15   432
  7.116906e-01   3.151324e-13   1.651183e-04   2.994325e-14   600
  7.124870e-01   3.177570e-13   1.759227e-04   1.233432e-14   432
  7.138248e-01   2.669006e-13   1.751482e-04   2.619084e-14   560
  7.147308e-01   1.614612e-13   2.772412e-04   7.235129e-15   840
  7.158652e-01   3.056059e-13   1.642140e-04   1.933867e-14   504
  7.167662e-01   2.159151e-13   3.351509e-04   7.461217e-15   696
  7.180362e-01   4.872161e-13   1.830475e-04   3.671188e-14   384
  7.190254e-01   3.039276e-13   2.681431e-04   1.122940e-14   576
  7.202219e-01   2.885143e-13   1.654845e-04   1.285621e-14   360
  7.211864e-01   4.325367e-13   2.464465e-04   1.693009e-14   828
  7.222268e-01   1.216611e-13   2.195064e-04   4.687884e-15   372
  7.231800e-01   2.348961e-13   3.352284e-04   8.772215e-15   576
  7.244428e-01   4.180883e-13   1.403933e-04   1.912311e-14   636
  7.253425e-01   2.604158e-13   2.706420e-04   1.560636e-14   648
  7.265596e-01   2.978660e-13   2.200024e-04   1.731932e-14   576
  7.274333e-01   2.082591e-13   3.548870e-04   9.867400e-15   528
  7.285953e-01   4.715240e-13   1.517289e-04   3.161162e-14   360
  7.295571e-01   1.056043e-13   3.490332e-04   4.186335e-15   672
  7.308130e-01   1.403669e-13   1.787806e-04   7.044309e-15   804
  7.318582e-01   6.105638e-14   1.972163e-04   3.591471e-15   408
  7.330145e-01   2.124176e-13   1.219011e-04   9.394796e-15   384
  7.337931e-01   1.649095e-13   2.789567e-04   1.497130e-14   480
  7.348913e-01   1.631751e-13   1.802469e-04   8.002396e-15   432
  7.359446e-01   1.738982e-13   3.321566e-04   7.432593e-15   648
  7.371913e-01   1.232584e-13   2.061016e-04   4.394417e-15   624
  7.381033e-01   1.093366e-13   1.874668e-04   5.410392e-15   456
  7.393486e-01   2.975924e-13   2.560963e-04   1.577558e-14   588
  7.401831e-01   3.925979e-13   1.633884e-04   1.816055e-14   600
  7.414016e-01   3.219481e-13   2.548458e-04   1.460238e-14   708
  7.423640e-01   1.284733e-13   1.605479e-04   9.020289e-15   360
  7.434275e-01   2.851566e-13   1.845541e-04   1.450103e-14   552
  7.444470e-01   1.908343e-13   1.294691e-04   1.007835e-14   288
  7.454820e-01   2.679746e-13   2.434372e-04   1.159048e-14   528
  7.464545e-01   2.852710e-13   1.642340e-04   1.151242e-14   456
  7.475410e-01   2.759165e-13   2.912225e-04   9.278388e-15   608
  7.486338e-01   2.153804e-13   1.408967e-04   7.660121e-15   504
  7.498278e-01   3.122088e-13   3.024972e-04   1.310511e-14   540
  7.507642e-01   3.625646e-13   3.247222e-04   8.344402e-15   360
  7.517735e-01   1.608329e-13   1.470509e-04   6.522703e-15   540
  7.526661e-01   1.934338e-13   1.262606e-04   6.164421e-15   576
  7.539642e-01   2.469176e-13   2.927555e-04   1.326836e-14   588
  7.551985e-01   1.372017e-13   4.039143e-04   6.230477e-15   672
  7.562588e-01   3.107806e-13   3.087151e-04   1.311169e-14   552
  7.571135e-01   2.253031e-13   3.088712e-04   2.642048e-14   144
  7.582042e-01   1.965927e-13   2.624178e-04   1.125867e-14   600
  7.592383e-01   1.651092e-13   3.288668e-04   1.957661e-14   504
  7.603860e-01   2.176815e-13   3.378126e-04   9.054946e-15   336
  7.615932e-01   3.022252e-13   3.797028e-04   1.709654e-14   600
  7.626744e-01   3.202152e-13   2.450478e-04   2.163265e-14   636
  7.638413e-01   4.041459e-13   1.970206e-04   2.656026e-14   384
  7.646595e-01   4.105436e-13   2.748205e-04   2.504261e-14   504
  7.658387e-01   5.579001e-13   1.153383e-04   2.253918e-14   240
  7.667694e-01   2.956658e-13   2.709461e-04   1.086470e-14   744
  7.678860e-01   1.456380e-13   1.850150e-04   5.883429e-15   648
  7.688783e-01   4.306281e-13   1.228185e-04   2.631464e-14   120
  7.700414e-01   1.960395e-13   1.929319e-04   6.930562e-15   564
  7.709202e-01   4.467132e-13   3.030111e-04   1.764781e-14   432
  7.720932e-01   2.789970e-13   2.351965e-04   1.021070e-14   480
  7.729764e-01   2.275155e-13   1.731106e-04   1.618170e-14   456
  7.740189e-01   1.585498e-13   2.864725e-04   8.644856e-15   444
  7.752020e-01   2.471962e-13   4.383180e-04   1.207120e-14   528
  7.762412e-01   1.222058e-13   3.255297e-04   8.958640e-15   264
  7.772498e-01   1.430897e-13   3.336195e-04   9.540845e-15   444
  7.786065e-01   1.728236e-13   3.654311e-04   9.687272e-15   696
  7.797327e-01   1.170684e-13   1.954448e-04   6.414074e-15   384
  7.805563e-01   1.790818e-13   2.469609e-04   1.204175e-14   432
  7.818373e-01   1.481894e-13   1.706384e-04   7.637974e-15   488
  7.826690e-01   1.982972e-13   2.571733e-04   1.332159e-14   480
  7.838749e-01   2.747959e-13   2.868014e-04   2.349478e-14   480
  7.848089e-01   2.719293e-13   1.203331e-04   2.101869e-14   240
  7.858692e-01   3.208895e-13   2.810886e-04   2.629548e-14   600
  7.868694e-01   5.823401e-13   2.449399e-04   5.296290e-14   288
  7.879343e-01   3.954740e-13   2.356143e-04   4.171987e-14   480
  7.890129e-01   2.731520e-13   4.191157e-04   2.007796e-14   504
  7.900748e-01   3.290067e-13   1.798267e-04   2.633809e-14   216
  7.914291e-01   2.466610e-13   2.944050e-04   1.158987e-14   504
  7.924838e-01   3.383935e-13   2.367912e-04   1.938881e-14   456
  7.936384e-01   1.714404e-13   1.358038e-04   1.188118e-14   384
  7.944031e-01   4.040276e-13   2.756326e-04   2.770779e-14   480
  7.954897e-01   2.237375e-13   2.420363e-04   7.485477e-15   504
  7.964966e-01   3.808024e-13   1.535327e-04   1.821106e-14   312
  7.975815e-01   3.584887e-13   2.474127e-04   1.571127e-14   492
  7.985417e-01   4.604488e-13   2.318919e-04   3.067431e-14   312
  7.997779e-01   1.245233e-13   3.766899e-04   3.657597e-15   576
  8.008661e-01   2.020252e-13   3.477153e-04   2.017878e-14   336
  8.017699e-01   3.769804e-13   2.677247e-04   2.405142e-14   240
  8.030228e-01   1.850143e-13   3.549351e-04   1.178655e-14   468
  8.041047e-01   4.226028e-13   2.222407e-04   4.882362e-14   192
  8.052370e-01   1.849451e-13   2.229031e-04   1.532779e-14   324
  8.060669e-01   1.379134e-13   1.617794e-04   1.125171e-14   600
  8.071978e-01   3.017140e-13   2.624704e-04   1.872366e-14   456
  8.080377e-01   1.711548e-13   1.180592e-04   1.577434e-14   336
  8.094297e-01   2.765999e-13   3.535027e-04   1.962080e-14   612
  8.104424e-01   1.658758e-13   2.966749e-04   1.029149e-14   144
  8.114002e-01   2.397113e-13   3.462957e-04   2.100437e-14   552
  8.127025e-01   3.135789e-13   1.363755e-04   1.700328e-14   264
  8.134384e-01   3.981261e-13   3.157441e-04   4.895582e-14   336
  8.145992e-01   1.705204e-13   2.086329e-04   2.013974e-14   384
  8.156059e-01   1.976388e-13   1.174397e-04   9.272665e-15   216
  8.167203e-01   1.929445e-13   2.489964e-04   1.144899e-14   344
  8.177364e-01   2.688536e-13   3.715143e-04   1.793570e-14   408
  8.189746e-01   2.620249e-13   2.854845e-04   2.711276e-14   264
  8.200718e-01   1.406608e-13   3.979796e-04   7.286198e-15   612
  8.211681e-01   1.999430e-13   2.048307e-04   1.376281e-14   408
  8.222956e-01   2.163989e-13   2.051251e-04   1.536697e-14   444
  8.231239e-01   3.292463e-13   1.147249e-04   1.416541e-14   120
  8.242338e-01   1.394135e-13   3.169640e-04   1.041130e-14   336
  8.250576e-01   1.730452e-13   1.101437e-04   1.250186e-14   288
  8.261708e-01   3.540454e-13   3.427692e-04   2.108136e-14   552
  8.277012e-01   4.880291e-13   1.835347e-08   3.939630e-14   72
  8.284882e-01   2.628568e-13   3.404572e-04   3.008224e-14   504
  8.294074e-01   6.538862e-14   1.095558e-04   4.360792e-15   216
  8.305983e-01   5.765733e-13   1.956043e-04   3.803955e-14   312
  8.316675e-01   3.534549e-13   2.227263e-04   4.230275e-14   336
  8.326865e-01   3.048835e-13   3.087236e-04   2.164710e-14   204
  8.337014e-01   2.892288e-13   3.587838e-04   3.239734e-14   504
  8.347777e-01   7.248115e-14   3.416652e-04   3.625264e-15   396
  8.358127e-01   2.479489e-13   3.133249e-04   1.108257e-14   312
  8.370674e-01   4.486447e-13   1.914750e-04   4.864060e-14   216
  8.379516e-01   1.217606e-13   1.039172e-04   6.460741e-15   168
  8.390260e-01   2.011413e-13   2.623966e-04   7.527659e-15   588
  8.402521e-01   1.114209e-13   3.561727e-04   8.992381e-15   240
  8.412047e-01   3.269508e-13   3.145601e-04   2.862329e-14   264
  8.423219e-01   4.091111e-13   3.890183e-04   2.420387e-14   288
  8.433131e-01   1.323708e-13   1.942596e-04   1.591510e-14   288
  8.445693e-01   2.595402e-13   1.824406e-04   1.710257e-14   288
  8.454153e-01   1.383338e-13   2.113423e-04   8.284894e-15   192
  8.464795e-01   2.691490e-13   2.248894e-04   1.718518e-14   264
  8.474933e-01   6.607302e-14   3.699119e-04   6.135476e-15   372
  8.485844e-01   1.277841e-13   3.995208e-04   6.745716e-15   360
  8.499161e-01   1.063288e-13   1.690810e-04   1.629310e-14   144
  8.506044e-01   4.542393e-14   2.348461e-04   4.517112e-15   296
  8.516909e-01   2.886158e-13   2.530345e-04   3.625125e-14   288
  8.529347e-01   2.351655e-13   3.781537e-04   1.603757e-14   480
  8.540076e-01   2.848802e-13   3.142096e-04   4.730058e-14   192
  8.550509e-01   3.742769e-13   3.370327e-04   6.181766e-14   192
  8.559992e-01   1.500591e-13   2.147949e-04   2.014057e-14   288
  8.573180e-01   4.404121e-13   1.869760e-04   4.769873e-14   108
  8.579823e-01   2.006083e-13   1.797545e-04   1.217144e-14   240
  8.591554e-01   3.396042e-13   3.353363e-04   4.658904e-14   384
  8.603605e-01   5.887752e-13   4.090723e-04   3.828643e-14   108
  8.614261e-01   7.911237e-14   2.398466e-04   8.013644e-15   348
  8.625466e-01   2.426128e-13   2.503134e-04   2.356443e-14   312
  8.635474e-01   2.747059e-13   2.432319e-04   1.937987e-14   96
  8.644677e-01   2.520843e-13   3.238194e-04   1.582289e-14   384
  8.654984e-01   2.116428e-13   2.227222e-04   1.871618e-14   144
  8.665066e-01   2.081550e-13   3.422225e-04   1.260873e-14   408
  8.677598e-01   6.093139e-14   1.526554e-04   3.297811e-15   144
  8.689437e-01   4.487913e-13   2.934816e-04   5.930752e-14   192
  8.696459e-01   1.244636e-13   3.303190e-04   1.606599e-14   144
  8.707904e-01   2.919051e-13   2.685615e-04   4.157163e-14   144
  8.718702e-01   1.887119e-13   3.282257e-04   1.537978e-14   336
  8.731927e-01   8.661893e-14   2.428454e-04   6.410371e-15   240
  8.740312e-01   2.148496e-14   1.102739e-04   1.571211e-15   96
  8.752007e-01   1.431928e-13   3.233803e-04   2.017479e-14   372
  8.763838e-01   1.002607e-13   3.846540e-04   5.188826e-15   132
  8.774230e-01   1.543122e-13   2.380193e-04   1.073904e-14   264
  8.783527e-01   6.275625e-14   1.827880e-04   5.359189e-15   168
  8.793449e-01   2.387488e-13   2.922429e-04   2.470691e-14   216
  8.802213e-01   4.074322e-13   1.787978e-04   3.759708e-14   216
  8.814979e-01   1.243668e-14   3.280196e-04   1.168167e-15   96
  8.826561e-01   5.707767e-14   2.140028e-04   6.943475e-15   120
  8.837183e-01   4.691984e-14   2.720578e-04   3.015452e-15   216
  8.845934e-01   2.721894e-13   1.188902e-04   1.531738e-14   200
  8.857519e-01   1.875225e-13   3.077557e-04   1.678864e-14   288
  8.872378e-01   4.522311e-13   8.097649e-05   2.699656e-14   144
  8.878635e-01   1.329767e-13   2.519939e-04   6.888549e-15   168
  8.891412e-01   1.090736e-13   2.835956e-04   1.790078e-14   159
  8.901386e-01   3.086272e-13   2.975600e-04   1.869270e-14   174
  8.911039e-01   1.600892e-13   2.698170e-04   2.067523e-14   144
  8.923678e-01   5.768071e-14   1.557998e-04   5.374693e-15   222
  8.932131e-01   1.291303e-13   1.572158e-04   9.979576e-15   168
  8.946732e-01   4.900427e-13   3.448346e-04   1.698536e-13   30
  8.952763e-01   3.425854e-14   3.044637e-04   2.508706e-15   72
  8.964123e-01   1.592155e-13   2.717302e-04   2.023986e-14   258
  8.976612e-01   7.802075e-14   1.701916e-04   1.078469e-14   264
  8.982857e-01   7.713754e-13   0.000000e+00   1.267062e-13   72
  8.995871e-01   1.165224e-13   3.373270e-04   1.154384e-14   174
  9.007654e-01   1.882800e-14   3.591909e-04   1.726840e-15   168
  9.017127e-01   8.400649e-14   1.123916e-08   1.569438e-15   48
  9.027297e-01   1.796402e-13   2.028435e-04   4.418042e-14   150
  9.039088e-01   2.282152e-13   3.731453e-04   2.469057e-14   168
  9.050911e-01   1.034140e-13   2.273028e-04   1.569070e-14   144
  9.061784e-01   1.812796e-13   2.123525e-04   4.797827e-14   102
  9.069882e-01   1.491178e-13   3.143182e-04   9.843855e-15   96
  9.082731e-01   2.220333e-13   3.119397e-04   1.895535e-14   120
  9.092246e-01   1.187680e-13   3.345635e-04   9.142918e-15   168
  9.102538e-01   1.949766e-13   2.470487e-04   3.051516e-14   126
  9.111308e-01   1.996740e-13   1.863241e-04   1.428843e-14   168
  9.123389e-01   5.473865e-13   2.987709e-04   2.246374e-14   72
  9.133947e-01   5.964658e-14   3.741278e-04   2.272136e-15   168
  9.143196e-01   2.445850e-13   1.025668e-04   2.158185e-14   78
  9.155870e-01   3.237681e-14   1.684070e-04   3.585626e-15   60
  9.166075e-01   2.306751e-13   2.731835e-04   2.764201e-14   96
  9.176659e-01   6.130668e-14   3.314854e-04   6.121146e-15   168
  9.186605e-01   1.195473e-13   2.097511e-04   4.377876e-14   86
  9.197042e-01   5.061060e-14   1.874678e-04   8.322949e-15   120
  9.212002e-01   1.561253e-13   1.336894e-04   1.986978e-14   168
  9.220069e-01   3.541125e-14   0.000000e+00   1.427260e-15   48
  9.230934e-01   2.019665e-13   2.435676e-04   3.439252e-14   120
  9.237177e-01   4.351404e-13   1.776924e-04   1.085302e-13   126
  9.252418e-01   3.572936e-14   3.125113e-04   3.452411e-15   96
  9.262310e-01   9.901336e-14   9.011285e-05   6.285890e-15   96
  9.270111e-01   1.077735e-14   0.000000e+00   4.049961e-16   72
  9.286731e-01   4.311321e-14   1.123916e-08   2.507857e-15   24
  9.297104e-01   9.056608e-14   1.854501e-04   1.205888e-14   120
  9.305196e-01   2.590996e-13   2.705147e-04   2.698543e-14   126
  9.314194e-01   1.859034e-13   2.255107e-04   1.336253e-14   96
  9.324708e-01   4.238702e-13   3.897482e-04   3.471377e-14   72
  9.336415e-01   4.790122e-14   1.685792e-04   2.149467e-15   144
  9.346046e-01   5.637770e-14   9.723254e-05   1.745509e-15   72
  9.355666e-01   3.565222e-13   1.942081e-04   1.619052e-14   54
  9.364132e-01   1.626413e-13   1.711436e-04   3.464532e-14   108
  9.381728e-01   4.029109e-13   1.677650e-04   5.607278e-14   72
  9.387206e-01   1.982415e-13   9.680617e-05   2.797812e-14   72
  9.400202e-01   2.387055e-13   1.946680e-08   6.418297e-15   24
  9.412498e-01   1.588523e-14   2.047976e-04   9.649233e-16   48
  9.419964e-01   2.338396e-14   1.560029e-04   3.051048e-15   102
  9.431203e-01   4.805242e-14   3.528137e-04   5.697510e-15   168
  9.445889e-01   1.252969e-14   1.924163e-04   1.119499e-15   72
  9.451330e-01   2.346520e-14   0.000000e+00   1.140018e-15   48
  9.462744e-01   2.363357e-13   3.309678e-04   3.592300e-14   120
  9.477807e-01   2.981748e-14   2.033864e-04   3.711600e-15   96
  9.492033e-01   3.961219e-13   2.202416e-08   8.893643e-14   30
  9.508942e-01   3.008627e-14   9.555995e-05   2.496602e-15   72
  9.516372e-01   7.613746e-14   1.123916e-08   3.283394e-15   24
  9.525916e-01   2.870893e-13   1.416435e-04   7.997662e-14   56
  9.536606e-01   5.299090e-13   2.021324e-04   3.642427e-14   96
  9.549399e-01   6.391115e-14   2.232036e-04   5.308486e-15   144
  9.559263e-01   1.350580e-13   1.267263e-04   4.534550e-14   54
  9.573592e-01   3.683461e-13   1.898493e-04   4.209427e-14   108
  9.588012e-01   1.488689e-13   1.005243e-04   1.896998e-14   48
  9.601739e-01   1.951491e-13   3.785063e-04   2.138149e-14   72
  9.634680e-01   6.404035e-14   2.500803e-04   7.593173e-15   78
  9.643808e-01   1.278799e-14   1.884669e-04   1.088600e-15   72
  9.654462e-01   5.799537e-15   1.882329e-04   5.744029e-16   72
  9.665603e-01   3.261853e-14   4.542266e-04   3.260911e-15   96
  9.674408e-01   1.405061e-14   1.878449e-04   1.874152e-15   72
  9.685029e-01   6.532614e-14   0.000000e+00   1.902393e-15   24
  9.695638e-01   1.569417e-14   3.748416e-04   1.173054e-15   72
  9.719599e-01   8.719112e-14   2.380359e-04   2.650463e-14   30
  9.724755e-01   2.276858e-13   0.000000e+00   3.012721e-15   24
  9.752466e-01   1.178965e-12   1.976584e-04   1.691433e-13   48
  9.761159e-01   3.475548e-14   4.253608e-04   3.037948e-15   120
  9.772870e-01   4.633280e-13   1.859776e-04   7.690013e-14   72
  9.784697e-01   1.445326e-12   1.857528e-04   9.521957e-14   36
  9.792826e-01   8.576624e-14   3.671339e-04   1.221406e-14   78
  9.815513e-01   3.270631e-13   1.963888e-04   4.687348e-14   48
  9.844928e-01   8.194169e-14   1.589457e-08   4.246233e-15   24
  9.865884e-01   5.231609e-15   1.367612e-04   4.490458e-16   56
  9.876436e-01   1.216734e-14   2.104496e-04   8.274343e-16   102
  9.889860e-01   4.403412e-15   1.498555e-08   3.497113e-16   72
  9.897653e-01   8.431277e-15   0.000000e+00   7.167315e-16   24
  9.911277e-01   9.547028e-14   1.944913e-04   1.360778e-14   48
  9.936528e-01   1.157429e-14   0.000000e+00   9.555579e-16   24
  9.967520e-01   6.474936e-14   0.000000e+00   3.004556e-15   6
  9.977185e-01   1.122310e-14   0.000000e+00   2.038586e-15   24
  9.983623e-01   9.960119e-13   1.820511e-04   1.657434e-13   72
  9.995384e-01   4.200829e-13   3.396336e-04   9.959861e-14   84
  1.000805e+00   1.754637e-14   0.000000e+00   2.019274e-15   24
  1.001190e+00   2.094343e-12   1.589457e-08   1.057520e-14   24
  1.003114e+00   1.496742e-14   1.123916e-08   2.080926e-15   24
  1.005800e+00   8.582551e-13   0.000000e+00   1.060217e-14   6
  1.009244e+00   7.507931e-15   1.910001e-04   6.328135e-16   48
  1.010072e+00   5.639220e-15   3.598129e-04   4.364897e-16   72
  1.011152e+00   5.192356e-14   1.906396e-04   5.172813e-15   48
  1.012867e+00   5.834575e-15   0.000000e+00   5.504195e-16   24
  1.015148e+00   2.345167e-13   1.123916e-08   1.431067e-15   6
  1.020262e+00   4.070324e-12   0.000000e+00   2.303683e-14   8
  1.020640e+00   5.998355e-15   1.123916e-08   6.611396e-16   48
  1.021546e+00   1.288394e-12   1.848806e-04   1.999192e-13   60
  1.022904e+00   3.674354e-15   0.000000e+00   6.102206e-16   24
  1.024787e+00   1.879911e-12   0.000000e+00   1.393789e-14   6
  1.031723e+00   1.824328e-14   0.000000e+00   1.133756e-15   24
  1.032283e+00   1.277864e-14   1.867372e-04   1.003947e-15   48
  1.033217e+00   4.968837e-15   0.000000e+00   6.637462e-16   24
  1.034708e+00   5.460142e-13   1.123916e-08   1.989938e-14   6
  1.043181e+00   1.292612e-12   1.742080e-04   3.038326e-13   36
  1.043797e+00   3.176354e-15   0.000000e+00   4.990850e-16   24
  1.044904e+00   3.117108e-12   0.000000e+00   1.564905e-14   6
  1.054545e+00   1.030656e-14   1.583190e-04   9.584917e-16   32
  1.055367e+00   1.698828e-13   1.123916e-08   1.473000e-14   6
  1.065728e+00   3.221834e-15   0.000000e+00   5.745133e-16   12
  1.066089e+00   3.459846e-12   0.000000e+00   1.316618e-14   6
  1.077063e+00   5.972811e-15   1.589457e-08   1.946789e-15   6
