# power spectrum of chi
# redshift z=0.000000
# k              Pk             sigma(k)       sigma(Pk)      count
  1.963495e-02   5.679652e-16   0.000000e+00   8.759210e-24   6
  2.776802e-02   6.977661e-13   0.000000e+00   0.000000e+00   12
  3.400874e-02   7.741812e-15   3.725290e-10   3.034279e-23   8
  3.926991e-02   7.496641e-16   0.000000e+00   0.000000e+00   6
  4.390509e-02   1.807646e-14   0.000000e+00   0.000000e+00   24
  4.809562e-02   1.585303e-14   7.024475e-10   0.000000e+00   24
  5.553604e-02   8.728667e-14   0.000000e+00   3.963966e-22   12
  5.890486e-02   1.925485e-14   7.947286e-10   9.624089e-16   30
  6.209118e-02   4.060006e-15   0.000000e+00   0.000000e+00   24
  6.512178e-02   7.950495e-15   1.216675e-09   0.000000e+00   24
  6.801748e-02   1.333496e-14   7.450581e-10   0.000000e+00   8
  7.079483e-02   6.000218e-15   9.934107e-10   0.000000e+00   24
  7.346727e-02   1.529605e-15   0.000000e+00   1.238739e-23   48
  7.853982e-02   2.858818e-17   0.000000e+00   1.935530e-25   6
  8.095699e-02   7.945140e-16   1.404895e-09   5.692481e-17   48
  8.330406e-02   6.188007e-14   0.000000e+00   1.190791e-14   36
  8.558678e-02   1.093659e-14   9.934107e-10   3.034279e-23   24
  8.781018e-02   1.354780e-15   0.000000e+00   0.000000e+00   24
  8.997866e-02   5.526996e-16   0.000000e+00   3.096848e-24   48
  9.209610e-02   2.429091e-15   1.404895e-09   0.000000e+00   24
  9.619124e-02   7.286683e-15   1.404895e-09   4.954957e-23   24
  9.817477e-02   4.677959e-15   0.000000e+00   2.488483e-16   30
  1.001190e-01   1.062269e-15   0.000000e+00   2.521553e-16   72
  1.020262e-01   1.633524e-15   1.490116e-09   1.651551e-17   32
  1.057375e-01   6.018980e-16   0.000000e+00   1.680679e-16   72
  1.075451e-01   3.673741e-16   0.000000e+00   0.000000e+00   48
  1.110721e-01   5.892697e-14   0.000000e+00   2.802947e-22   12
  1.127942e-01   3.658957e-15   0.000000e+00   2.034792e-16   48
  1.144905e-01   7.213114e-16   0.000000e+00   2.565839e-16   48
  1.161620e-01   1.116224e-16   1.404895e-09   6.843133e-26   48
  1.178097e-01   1.781648e-15   1.589457e-09   1.923175e-16   30
  1.194348e-01   8.865286e-18   1.404895e-09   0.000000e+00   24
  1.210380e-01   8.679479e-16   2.961779e-09   7.669119e-17   72
  1.241824e-01   1.015549e-15   0.000000e+00   2.370531e-25   24
  1.257251e-01   7.378665e-16   0.000000e+00   6.836592e-17   96
  1.272490e-01   1.740505e-15   0.000000e+00   3.096848e-24   48
  1.287550e-01   1.822370e-15   2.433349e-09   0.000000e+00   24
  1.302436e-01   1.208019e-16   2.433349e-09   1.896425e-24   24
  1.317153e-01   1.181989e-15   0.000000e+00   2.200953e-18   72
  1.331707e-01   1.038924e-16   0.000000e+00   5.474506e-25   48
  1.360350e-01   9.186220e-15   1.490116e-09   0.000000e+00   8
  1.374447e-01   3.627255e-16   1.766064e-09   3.110699e-17   54
  1.388401e-01   1.117675e-14   0.000000e+00   1.630825e-15   84
  1.402216e-01   4.980499e-15   0.000000e+00   8.783222e-16   48
  1.415897e-01   7.455925e-17   1.986821e-09   7.742121e-25   24
  1.429446e-01   1.296988e-15   1.873193e-09   4.795747e-18   72
  1.442869e-01   7.354748e-16   0.000000e+00   2.177732e-17   96
  1.469345e-01   6.419456e-16   0.000000e+00   4.379605e-24   48
  1.482407e-01   9.827215e-16   0.000000e+00   2.040424e-16   48
  1.495354e-01   5.552926e-16   1.986821e-09   1.710783e-26   24
  1.508189e-01   1.408624e-16   0.000000e+00   2.501651e-17   72
  1.533539e-01   1.126441e-15   1.873193e-09   2.922875e-16   72
  1.546058e-01   1.114174e-15   0.000000e+00   1.807196e-16   96
  1.570796e-01   1.557273e-17   0.000000e+00   0.000000e+00   6
  1.583021e-01   2.508882e-16   0.000000e+00   5.374065e-17   96
  1.595151e-01   2.579193e-16   1.986821e-09   5.519838e-18   96
  1.607190e-01   2.653283e-17   0.000000e+00   0.000000e+00   24
  1.619140e-01   2.283025e-15   2.809790e-09   4.998359e-16   48
  1.631002e-01   2.264742e-16   0.000000e+00   4.365669e-17   96
  1.642778e-01   1.193933e-16   0.000000e+00   0.000000e+00   48
  1.666081e-01   1.302501e-14   0.000000e+00   2.880532e-15   36
  1.677611e-01   5.436762e-16   3.441276e-09   6.968451e-17   48
  1.689063e-01   1.393773e-16   3.893359e-09   3.919731e-17   120
  1.700437e-01   5.043379e-16   0.000000e+00   9.692056e-19   56
  1.711736e-01   4.102549e-16   1.986821e-09   2.189803e-24   24
  1.722960e-01   4.191062e-16   0.000000e+00   4.429017e-17   96
  1.734112e-01   8.798291e-16   0.000000e+00   3.096848e-24   48
  1.756204e-01   8.171865e-17   0.000000e+00   0.000000e+00   24
  1.767146e-01   6.120209e-16   0.000000e+00   1.971788e-16   102
  1.778021e-01   9.050435e-16   0.000000e+00   2.634362e-18   48
  1.788829e-01   1.133950e-16   0.000000e+00   1.079989e-18   72
  1.799573e-01   3.631141e-17   0.000000e+00   1.481582e-26   48
  1.810253e-01   1.385049e-15   0.000000e+00   2.849772e-16   48
  1.820871e-01   5.775306e-16   4.495664e-09   6.925844e-17   120
  1.841922e-01   4.008049e-15   2.809790e-09   0.000000e+00   24
  1.852358e-01   7.044339e-16   2.649095e-09   6.571033e-18   144
  1.862735e-01   2.399737e-16   3.178914e-09   3.692052e-17   120
  1.873055e-01   2.986288e-16   2.809790e-09   0.000000e+00   48
  1.893526e-01   1.607384e-17   2.809790e-09   6.843133e-26   48
  1.903679e-01   7.411251e-17   2.809790e-09   1.116459e-18   96
  1.930487e-01   1.023707e-15   4.711199e-04   3.495603e-17   72
  1.943761e-01   8.853061e-15   3.532127e-09   1.701803e-15   108
  1.953653e-01   4.828539e-16   0.000000e+00   1.826558e-17   72
  1.963495e-01   1.151256e-16   0.000000e+00   3.944040e-18   30
  1.973288e-01   1.017914e-15   0.000000e+00   1.544097e-17   168
  1.983033e-01   1.515305e-16   0.000000e+00   3.530338e-17   48
  2.002380e-01   1.338988e-16   0.000000e+00   1.807845e-17   72
  2.011984e-01   2.472474e-16   0.000000e+00   9.600648e-17   96
  2.021542e-01   2.140576e-16   5.298191e-09   7.461439e-18   72
  2.031055e-01   2.844831e-16   0.000000e+00   4.500098e-17   72
  2.047049e-01   1.698799e-16   4.350048e-04   4.393772e-18   104
  2.059331e-01   8.693513e-16   3.746387e-09   2.366920e-17   144
  2.087224e-01   2.527091e-16   6.282881e-09   6.395455e-18   96
  2.096439e-01   7.090824e-16   0.000000e+00   1.268028e-16   96
  2.111095e-01   3.427043e-16   4.475232e-04   5.819329e-18   120
  2.123845e-01   2.737193e-16   0.000000e+00   6.005692e-17   120
  2.132902e-01   7.206302e-17   0.000000e+00   1.081594e-17   72
  2.150901e-01   2.094130e-16   0.000000e+00   0.000000e+00   48
  2.159845e-01   1.198748e-15   4.235416e-09   1.057401e-16   78
  2.171286e-01   9.645841e-16   4.007142e-04   3.379840e-17   168
  2.195255e-01   2.193815e-16   3.746387e-09   3.032236e-18   144
  2.204018e-01   6.726267e-16   3.746387e-09   2.393600e-17   144
  2.229436e-01   3.746031e-15   2.307791e-04   8.798423e-16   156
  2.238729e-01   1.366717e-15   4.866699e-09   2.310593e-19   48
  2.247323e-01   7.187485e-16   3.178914e-09   5.973601e-17   120
  2.255884e-01   1.231074e-15   0.000000e+00   3.608710e-17   48
  2.271022e-01   3.423313e-16   3.532495e-04   2.029239e-17   216
  2.289809e-01   4.126874e-16   0.000000e+00   7.150282e-17   48
  2.298212e-01   3.006512e-16   2.809790e-09   3.799439e-17   96
  2.310160e-01   1.404871e-16   4.128272e-04   1.310524e-17   168
  2.323239e-01   2.327390e-16   2.809790e-09   3.462382e-24   48
  2.331522e-01   4.164103e-16   0.000000e+00   6.182372e-18   96
  2.339775e-01   3.488854e-16   0.000000e+00   0.000000e+00   48
  2.356194e-01   1.052648e-15   3.178914e-09   6.251870e-17   30
  2.364362e-01   2.949645e-15   2.809790e-09   1.561100e-16   96
  2.374123e-01   4.106034e-16   3.244455e-04   7.788315e-17   240
  2.386674e-01   6.031840e-17   3.500299e-04   3.889694e-18   32
  2.396752e-01   9.241956e-17   0.000000e+00   5.619643e-18   168
  2.404781e-01   7.861154e-16   0.000000e+00   5.992968e-17   120
  2.420760e-01   5.637323e-16   5.923557e-09   7.453343e-17   72
  2.428710e-01   5.160934e-16   3.746387e-09   3.652013e-17   144
  2.436634e-01   2.830425e-16   0.000000e+00   5.094509e-18   96
  2.444532e-01   4.510464e-17   0.000000e+00   9.276223e-20   96
  2.460253e-01   2.121640e-16   4.588368e-09   7.728060e-17   72
  2.468075e-01   8.112363e-16   3.973643e-09   3.256557e-16   96
  2.483647e-01   8.626324e-18   0.000000e+00   0.000000e+00   24
  2.491396e-01   9.244758e-16   0.000000e+00   4.917035e-17   192
  2.500522e-01   3.140948e-15   2.970416e-04   6.760640e-16   132
  2.514501e-01   2.738482e-16   0.000000e+00   2.754476e-17   96
  2.522156e-01   3.902816e-16   0.000000e+00   1.099139e-16   96
  2.529787e-01   4.781321e-16   3.178914e-09   8.009107e-17   120
  2.544981e-01   3.589724e-16   0.000000e+00   0.000000e+00   48
  2.557435e-01   1.748182e-16   3.599905e-04   1.305801e-17   222
  2.567603e-01   5.684039e-16   0.000000e+00   1.535986e-17   120
  2.575100e-01   7.250854e-16   4.866699e-09   8.759210e-24   24
  2.586015e-01   2.612997e-16   3.715625e-04   3.251697e-17   312
  2.609797e-01   6.350816e-16   3.483547e-04   3.824671e-17   72
  2.619630e-01   1.786274e-16   2.809790e-09   1.869664e-17   96
  2.629726e-01   2.436214e-16   3.547511e-04   1.108180e-17   192
  2.641613e-01   2.670119e-16   4.495664e-09   2.105099e-17   120
  2.648900e-01   3.391597e-16   0.000000e+00   4.174224e-17   144
  2.663415e-01   1.255053e-16   0.000000e+00   9.677651e-26   48
  2.673732e-01   2.858231e-16   3.567146e-04   2.424408e-17   336
  2.685040e-01   3.685137e-16   0.000000e+00   3.848209e-17   48
  2.699360e-01   4.237350e-16   0.000000e+00   2.962476e-17   192
  2.706492e-01   1.084051e-15   0.000000e+00   6.193697e-24   48
  2.726764e-01   1.588039e-16   2.476067e-04   1.592932e-17   56
  2.736844e-01   5.169207e-16   3.180112e-04   2.694509e-17   336
  2.748894e-01   4.457224e-16   3.532127e-09   4.290475e-17   54
  2.759390e-01   1.779241e-16   3.492904e-04   1.333026e-17   240
  2.781181e-01   1.511441e-15   3.344484e-04   6.694377e-16   228
  2.790651e-01   5.733766e-16   3.746387e-09   1.166303e-16   72
  2.799844e-01   7.609107e-16   3.244231e-04   4.265280e-17   144
  2.811298e-01   3.440157e-17   0.000000e+00   4.348179e-19   96
  2.818146e-01   2.900670e-16   4.495664e-09   3.033696e-17   240
  2.831793e-01   4.689893e-16   3.973643e-09   6.193697e-24   24
  2.840530e-01   2.749165e-16   3.064151e-04   1.649670e-17   336
  2.852142e-01   5.013423e-16   0.000000e+00   3.750283e-18   72
  2.862741e-01   1.573672e-16   3.332831e-04   8.746123e-18   168
  2.872346e-01   1.397174e-16   0.000000e+00   7.980200e-18   72
  2.885737e-01   1.891871e-16   0.000000e+00   2.039002e-17   96
  2.896108e-01   4.194153e-16   3.307829e-04   1.522387e-17   216
  2.905708e-01   2.145503e-16   3.973643e-09   1.975723e-17   96
  2.918946e-01   2.990118e-16   0.000000e+00   7.451308e-17   192
  2.925542e-01   3.341301e-16   3.746387e-09   1.555999e-17   144
  2.938691e-01   3.986206e-16   0.000000e+00   2.189803e-24   48
  2.947794e-01   5.387161e-16   3.189136e-04   2.745901e-17   246
  2.960164e-01   9.077340e-17   2.940434e-04   3.384791e-17   168
  2.971308e-01   1.444454e-16   5.506041e-09   5.046105e-17   120
  2.977788e-01   2.977231e-16   0.000000e+00   2.739712e-17   240
  2.990707e-01   3.009841e-16   3.973643e-09   0.000000e+00   24
  3.001001e-01   3.155562e-16   3.147475e-04   2.098522e-17   360
  3.013820e-01   3.074538e-16   3.134082e-04   8.448685e-17   120
  3.022763e-01   8.422085e-17   0.000000e+00   1.087157e-17   144
  3.029133e-01   2.396210e-17   0.000000e+00   8.150573e-18   96
  3.048165e-01   1.349502e-15   0.000000e+00   3.221008e-17   144
  3.054482e-01   1.452217e-15   0.000000e+00   4.469034e-16   132
  3.063360e-01   3.036444e-16   3.093292e-04   1.077336e-17   176
  3.076248e-01   4.405320e-16   3.123602e-04   1.998938e-17   312
  3.092116e-01   1.241589e-16   0.000000e+00   2.380357e-18   96
  3.098343e-01   2.198180e-16   0.000000e+00   5.075923e-18   144
  3.107899e-01   4.804878e-16   3.092271e-04   3.033581e-17   312
  3.123131e-01   5.910523e-17   0.000000e+00   4.838826e-26   48
  3.129297e-01   7.074223e-16   3.973643e-09   3.201700e-17   192
  3.141593e-01   3.658722e-18   0.000000e+00   0.000000e+00   6
  3.149762e-01   2.906908e-16   2.884066e-04   2.828012e-17   288
  3.162994e-01   1.481809e-16   3.047203e-04   1.851827e-17   192
  3.172124e-01   3.368042e-16   9.345130e-09   5.642811e-17   216
  3.178195e-01   1.698666e-16   0.000000e+00   2.228103e-17   72
  3.193321e-01   4.519034e-16   3.018264e-04   9.059670e-17   192
  3.203366e-01   5.543651e-16   2.241224e-04   1.511601e-17   288
  3.214381e-01   8.877481e-16   0.000000e+00   0.000000e+00   24
  3.222890e-01   3.063742e-16   2.952626e-04   2.669429e-17   456
  3.238280e-01   3.209428e-16   5.619580e-09   1.978447e-17   48
  3.247789e-01   2.068309e-16   2.908218e-04   1.708109e-17   240
  3.258718e-01   1.495471e-16   2.939082e-04   6.840624e-18   216
  3.267908e-01   3.757243e-16   0.000000e+00   1.430351e-16   72
  3.273801e-01   3.171902e-16   1.015467e-08   4.360984e-17   168
  3.290441e-01   1.813801e-16   2.184577e-04   1.230910e-17   288
  3.299773e-01   1.485397e-16   2.890570e-04   8.354689e-18   168
  3.314762e-01   6.455471e-16   0.000000e+00   7.550594e-18   192
  3.320572e-01   2.539744e-16   3.746387e-09   2.368214e-17   144
  3.332162e-01   8.904537e-15   0.000000e+00   1.483450e-15   36
  3.341991e-01   3.412034e-16   2.639705e-04   2.096275e-17   342
  3.351389e-01   2.384149e-16   2.710657e-04   1.055340e-16   144
  3.363470e-01   3.394581e-16   2.842800e-04   2.509914e-17   384
  3.378125e-01   5.089684e-16   7.786718e-09   1.203804e-17   120
  3.385379e-01   1.672190e-16   2.534951e-04   1.141701e-17   264
  3.395201e-01   1.550844e-16   1.256576e-08   2.451646e-17   192
  3.404451e-01   2.637730e-16   2.731894e-04   6.039697e-17   152
  3.412191e-01   6.727148e-17   7.492773e-09   1.004982e-17   144
  3.428472e-01   2.526770e-16   1.768108e-04   5.221753e-17   216
  3.436008e-01   2.891826e-16   2.362665e-04   1.163765e-17   312
  3.449274e-01   3.439382e-16   2.738281e-04   8.157986e-18   240
  3.457090e-01   2.201783e-16   3.973643e-09   3.866255e-19   96
  3.471927e-01   4.671118e-16   2.617995e-04   4.224661e-17   144
  3.481071e-01   4.230543e-16   2.573258e-04   8.821672e-18   456
  3.495904e-01   3.489044e-16   0.000000e+00   3.191190e-17   120
  3.501414e-01   3.504792e-16   0.000000e+00   2.540882e-17   144
  3.512407e-01   3.930644e-16   0.000000e+00   0.000000e+00   24
  3.519456e-01   2.121897e-16   2.473498e-04   1.840874e-17   336
  3.531645e-01   2.920222e-16   2.727931e-04   4.300188e-17   198
  3.543067e-01   2.361686e-16   2.652756e-04   1.783104e-17   432
  3.556041e-01   9.762254e-17   0.000000e+00   4.921842e-17   48
  3.562810e-01   2.887643e-16   2.341925e-04   2.430184e-17   384
  3.574963e-01   2.545467e-16   2.696052e-04   9.377658e-18   144
  3.585975e-01   1.735906e-16   2.676825e-04   1.888920e-17   264
  3.599147e-01   1.191183e-16   0.000000e+00   0.000000e+00   48
  3.607984e-01   6.017523e-16   2.545223e-04   7.977186e-17   276
  3.616510e-01   1.518161e-16   2.307176e-04   2.605671e-17   192
  3.627906e-01   1.586979e-16   2.592759e-04   1.032711e-17   552
  3.641741e-01   1.125339e-16   8.991328e-09   7.267661e-18   120
  3.649965e-01   1.135039e-16   2.624511e-04   2.006843e-17   216
  3.657587e-01   2.071609e-16   4.495664e-09   3.045034e-17   120
  3.671201e-01   4.243440e-16   2.584500e-04   8.490819e-18   408
  3.683844e-01   1.545829e-15   5.619580e-09   3.024266e-27   24
  3.691684e-01   3.867906e-16   2.610810e-04   2.729982e-18   384
  3.702633e-01   4.456757e-16   2.550855e-04   1.709151e-17   240
  3.712141e-01   2.284016e-16   2.569535e-04   2.793988e-17   168
  3.725471e-01   1.751738e-16   6.357829e-09   5.052310e-18   120
  3.734064e-01   1.905731e-16   2.678605e-04   9.695632e-18   350
  3.748037e-01   1.789734e-16   4.409502e-04   6.971063e-18   384
  3.756388e-01   5.431377e-16   0.000000e+00   6.331791e-17   144
  3.771752e-01   1.818084e-16   1.059638e-08   7.267545e-18   288
  3.779773e-01   2.090460e-16   2.524053e-04   1.756198e-17   336
  3.790686e-01   2.849566e-16   2.297941e-04   2.251722e-17   168
  3.797219e-01   2.776422e-16   4.541306e-09   9.125895e-18   336
  3.810732e-01   1.503231e-16   2.385126e-04   9.791982e-18   288
  3.818848e-01   1.723153e-16   2.247398e-04   9.878748e-18   264
  3.832590e-01   2.366916e-16   0.000000e+00   3.343271e-18   240
  3.837616e-01   2.922915e-16   7.947286e-09   3.932710e-17   96
  3.855656e-01   2.489241e-16   3.056310e-04   2.101068e-17   360
  3.864075e-01   2.884788e-16   2.253025e-04   7.475395e-17   168
  3.874713e-01   1.718709e-16   2.456032e-04   7.445811e-18   456
  3.887523e-01   2.152969e-15   7.064254e-09   8.250961e-16   108
  3.894728e-01   3.743061e-16   2.464311e-04   3.584493e-17   264
  3.903716e-01   4.024340e-16   2.198567e-04   6.273002e-18   264
  3.916025e-01   2.852186e-16   2.074668e-04   6.697604e-18   312
  3.931351e-01   1.850692e-16   1.541705e-04   4.528404e-17   270
  3.937775e-01   3.620742e-16   1.957388e-04   2.208677e-17   240
  3.949323e-01   3.238201e-16   2.421536e-04   1.497211e-17   384
  3.956334e-01   9.070386e-17   0.000000e+00   1.892669e-17   192
  3.969952e-01   3.891730e-16   1.942960e-04   1.775314e-17   240
  3.977852e-01   1.749822e-16   2.397927e-04   1.601113e-17   336
  3.992708e-01   2.327533e-16   2.413972e-04   8.011448e-18   480
  4.004761e-01   5.401770e-16   0.000000e+00   9.617987e-17   72
  4.011493e-01   1.375247e-16   2.353842e-04   1.306715e-17   240
  4.020650e-01   4.647949e-16   2.212289e-04   1.473393e-18   312
  4.031147e-01   1.961180e-16   2.390954e-04   1.909159e-17   240
  4.047009e-01   3.666139e-16   1.816506e-04   2.196791e-17   408
  4.053288e-01   1.109251e-16   1.663482e-04   6.613066e-18   336
  4.065560e-01   3.505551e-16   2.112212e-04   2.964785e-17   264
  4.071591e-01   2.420272e-16   0.000000e+00   1.667364e-17   144
  4.088370e-01   3.525162e-16   2.927651e-04   6.798417e-18   464
  4.097211e-01   1.686019e-16   2.328083e-04   1.453565e-17   168
  4.105939e-01   1.507459e-16   2.120376e-04   1.284946e-17   336
  4.121713e-01   2.612504e-16   2.227870e-04   1.141828e-17   414
  4.130606e-01   1.236328e-16   2.319080e-04   2.160394e-17   216
  4.141998e-01   1.298903e-16   5.619580e-09   1.954182e-17   96
  4.146649e-01   2.042576e-16   1.685874e-08   3.611820e-18   384
  4.162944e-01   6.355507e-16   2.314600e-04   8.393072e-17   492
  4.171676e-01   3.238927e-16   2.263480e-04   5.081306e-18   240
  4.181546e-01   2.691889e-16   2.298225e-04   1.128782e-17   312
  4.195176e-01   3.468864e-16   2.297469e-04   2.802556e-17   192
  4.203810e-01   3.021373e-16   2.226525e-04   1.411076e-17   504
  4.215265e-01   2.391416e-16   1.473998e-04   1.059723e-17   408
  4.224284e-01   1.679375e-16   4.515774e-04   1.026150e-17   168
  4.235571e-01   1.419958e-16   2.145032e-04   3.246011e-18   288
  4.245041e-01   2.087690e-16   2.238525e-04   6.236291e-18   288
  4.254743e-01   2.155385e-16   2.251410e-04   7.801432e-18   432
  4.268815e-01   1.661636e-16   2.129084e-04   2.237217e-17   216
  4.276334e-01   1.304493e-16   2.124592e-04   9.776230e-18   360
  4.289721e-01   2.065344e-16   2.073582e-04   9.653743e-18   312
  4.301803e-01   1.527083e-16   0.000000e+00   0.000000e+00   48
  4.308767e-01   3.882567e-16   2.223178e-04   1.658461e-17   432
  4.321240e-01   1.341056e-16   3.708284e-04   1.965872e-17   414
  4.328606e-01   2.734204e-16   1.956255e-08   3.768815e-17   312
  4.342347e-01   1.799086e-16   3.253813e-04   6.664610e-18   528
  4.351620e-01   2.098398e-16   1.707976e-04   8.389506e-18   264
  4.362761e-01   3.337797e-16   2.025191e-04   1.235840e-17   480
  4.377318e-01   1.049162e-16   0.000000e+00   2.486671e-18   288
  4.383604e-01   3.630105e-16   2.176005e-04   8.220886e-18   168
  4.395105e-01   1.788383e-16   3.444610e-04   1.287531e-17   504
  4.408036e-01   3.438056e-16   7.492773e-09   6.301332e-17   144
  4.416171e-01   1.655486e-16   2.212265e-04   5.782740e-18   464
  4.428396e-01   2.853192e-16   3.246624e-04   1.569351e-17   432
  4.434197e-01   9.382283e-17   5.619580e-09   8.692135e-18   192
  4.449189e-01   9.308692e-16   2.406833e-04   9.499448e-17   396
  4.458042e-01   1.337469e-16   2.162000e-04   1.268889e-17   288
  4.466990e-01   1.424494e-16   2.135686e-04   7.784201e-18   336
  4.481283e-01   2.991017e-16   1.352359e-04   2.500097e-17   432
  4.490354e-01   4.883459e-16   3.505126e-04   1.143848e-17   360
  4.500539e-01   1.779921e-16   2.073334e-04   1.188499e-17   384
  4.515004e-01   2.206374e-16   1.830116e-04   1.370741e-17   198
  4.521974e-01   1.324709e-16   2.080246e-04   1.500483e-17   552
  4.534970e-01   2.180295e-16   2.912202e-04   6.629060e-18   432
  4.545821e-01   1.849510e-16   0.000000e+00   2.278769e-17   168
  4.554927e-01   1.383829e-16   3.610065e-04   7.486459e-18   480
  4.566974e-01   4.984028e-16   0.000000e+00   9.375207e-18   120
  4.572396e-01   4.392298e-16   2.948545e-04   4.730439e-18   336
  4.585628e-01   3.190302e-16   2.080152e-04   1.253920e-17   672
  4.598711e-01   2.286138e-16   3.025866e-04   1.871616e-17   528
  4.604805e-01   3.662991e-16   9.082613e-09   4.415300e-17   168
  4.618883e-01   3.937342e-16   3.375333e-04   9.860380e-18   456
  4.627474e-01   2.249142e-16   2.061344e-04   1.925491e-17   168
  4.636392e-01   2.505107e-16   2.057643e-04   1.068644e-17   504
  4.651216e-01   3.852129e-16   2.647872e-04   3.253427e-17   336
  4.660180e-01   2.213117e-16   1.908802e-04   7.866077e-18   312
  4.670124e-01   2.350677e-16   1.865029e-04   6.167718e-18   504
  4.683210e-01   4.920264e-16   1.294009e-04   1.340332e-17   432
  4.689362e-01   2.241629e-16   1.999672e-04   1.801112e-17   312
  4.702151e-01   2.590344e-16   2.049761e-04   1.521887e-17   384
  4.715504e-01   2.812714e-16   1.741510e-04   7.588897e-18   126
  4.723748e-01   6.163140e-16   3.057676e-04   2.435909e-17   492
  4.734278e-01   2.951393e-16   1.958445e-04   1.829637e-17   528
  4.747438e-01   2.277296e-16   1.989360e-04   1.136122e-17   480
  4.755596e-01   3.386048e-16   2.748289e-04   1.213709e-17   432
  4.767402e-01   1.032649e-16   2.161166e-04   3.378253e-18   440
  4.781114e-01   5.064927e-16   1.074739e-04   3.449831e-17   312
  4.786259e-01   2.232754e-16   1.610586e-04   1.460223e-17   480
  4.796813e-01   2.134311e-16   3.153497e-04   1.204872e-17   408
  4.812233e-01   2.238724e-16   1.888588e-04   4.917556e-18   360
  4.818747e-01   8.992671e-17   1.822418e-04   2.816044e-17   408
  4.830820e-01   4.975816e-16   1.854542e-04   1.518800e-17   456
  4.844414e-01   1.381402e-16   1.772485e-04   1.177140e-17   264
  4.851959e-01   1.693597e-16   1.923591e-04   1.265495e-17   384
  4.862943e-01   3.075142e-16   3.238501e-04   8.120163e-18   672
  4.875640e-01   1.873088e-16   1.937042e-04   1.523127e-17   240
  4.882967e-01   1.827765e-16   1.965613e-04   1.266742e-17   264
  4.893308e-01   2.208609e-16   2.424259e-04   6.783437e-18   624
  4.908739e-01   1.872812e-16   0.000000e+00   5.286020e-17   150
  4.914232e-01   3.202204e-16   2.716574e-04   1.102372e-17   600
  4.925819e-01   2.053416e-16   1.874909e-04   5.543228e-18   672
  4.938939e-01   1.681211e-16   1.763484e-04   6.917315e-18   336
  4.946248e-01   4.784138e-16   1.918157e-04   8.280745e-18   408
  4.957926e-01   3.167048e-16   1.913639e-04   6.804085e-18   408
  4.970915e-01   1.577899e-16   9.676385e-05   5.607860e-18   360
  4.978921e-01   2.070667e-16   3.552857e-04   4.774601e-18   456
  4.988592e-01   3.451856e-16   1.932065e-04   1.541433e-17   384
  5.000902e-01   7.542461e-16   1.783541e-04   1.429691e-16   348
  5.007554e-01   3.841599e-16   2.198754e-04   9.294733e-18   576
  5.020050e-01   1.884565e-16   1.810385e-04   4.314975e-18   504
  5.032833e-01   2.055793e-16   2.553443e-04   7.247803e-18   432
  5.043991e-01   1.673409e-16   3.473946e-04   5.865628e-18   576
  5.051948e-01   9.678616e-16   0.000000e+00   3.408668e-17   264
  5.064571e-01   3.345045e-16   2.764393e-04   8.098864e-18   768
  5.075549e-01   5.462266e-16   3.721752e-04   3.756252e-17   240
  5.084277e-01   1.595586e-16   3.282233e-04   5.108446e-18   192
  5.096990e-01   2.088471e-16   2.416124e-04   1.036854e-17   504
  5.106418e-01   3.246903e-16   3.255818e-04   1.456553e-17   590
  5.115460e-01   3.654568e-16   3.647966e-04   1.000068e-17   384
  5.126798e-01   1.832459e-16   3.048625e-04   8.376759e-18   504
  5.140486e-01   4.908732e-16   2.933830e-04   1.705335e-17   648
  5.153764e-01   1.183962e-16   7.967896e-05   7.730174e-18   504
  5.159117e-01   2.488693e-16   1.817627e-04   8.493005e-18   312
  5.168569e-01   2.207892e-16   2.618753e-04   2.121240e-17   576
  5.181545e-01   2.018714e-16   1.822405e-04   1.876738e-17   240
  5.189109e-01   1.043076e-16   1.841453e-04   6.321849e-18   552
  5.199816e-01   4.447535e-16   1.729082e-04   1.577819e-17   600
  5.215067e-01   3.314659e-16   2.111937e-04   9.126810e-18   600
  5.224237e-01   3.750338e-16   3.382099e-04   2.233573e-17   312
  5.233368e-01   1.961463e-16   2.945474e-04   1.263441e-17   480
  5.244775e-01   2.323620e-16   1.837693e-04   5.751786e-18   576
  5.254818e-01   3.138162e-16   2.959085e-04   9.033300e-18   408
  5.263729e-01   2.489943e-16   3.451909e-04   1.279790e-17   216
  5.275243e-01   7.726619e-16   2.643774e-04   1.081886e-16   516
  5.287578e-01   2.469220e-16   2.522429e-04   1.526054e-17   744
  5.300304e-01   3.975833e-16   1.684760e-04   1.229463e-17   462
  5.307494e-01   2.068046e-16   1.712315e-04   1.908970e-17   432
  5.318647e-01   9.626810e-17   1.588547e-04   5.742892e-18   648
  5.331761e-01   2.627919e-16   2.324340e-04   1.237057e-17   528
  5.342295e-01   2.208889e-16   2.799086e-04   2.378665e-17   600
  5.352820e-01   2.763624e-16   3.528915e-04   8.403474e-18   240
  5.363014e-01   3.510020e-16   2.703115e-04   1.730558e-17   720
  5.374863e-01   2.804423e-16   2.138653e-04   1.487894e-17   720
  5.387997e-01   1.728475e-16   0.000000e+00   2.276121e-18   144
  5.394909e-01   2.447922e-16   2.757364e-04   1.358482e-17   720
  5.404742e-01   4.380387e-16   1.653370e-04   7.248171e-18   384
  5.417051e-01   4.707122e-16   1.832848e-04   8.905815e-18   672
  5.428730e-01   2.144132e-16   3.209115e-04   2.167909e-17   336
  5.434308e-01   3.028465e-16   0.000000e+00   5.962503e-18   288
  5.447967e-01   3.030308e-16   2.539800e-04   7.234883e-18   776
  5.460612e-01   2.879865e-16   2.173184e-04   2.284985e-17   720
  5.471231e-01   1.172800e-16   1.750659e-04   9.040532e-18   432
  5.479725e-01   3.038678e-16   2.495786e-04   1.869585e-17   504
  5.489174e-01   3.023070e-16   1.748652e-04   9.057416e-18   528
  5.502396e-01   2.952295e-16   2.382437e-04   4.658893e-18   438
  5.513273e-01   2.858889e-16   2.772938e-04   2.529631e-17   624
  5.521470e-01   1.044905e-16   3.396475e-04   4.181205e-18   312
  5.532738e-01   1.995857e-16   1.829935e-04   9.519026e-18   696
  5.544390e-01   3.534293e-16   1.655760e-04   8.759608e-18   552
  5.556509e-01   4.872089e-16   1.281006e-04   3.350726e-17   516
  5.564006e-01   4.668060e-16   2.558713e-04   1.488564e-17   528
  5.573133e-01   2.912031e-16   1.664001e-04   2.028318e-17   528
  5.586097e-01   2.096912e-16   2.194479e-04   5.866475e-18   864
  5.594897e-01   2.461770e-16   3.005985e-04   9.138774e-18   408
  5.603706e-01   2.793715e-16   2.978186e-04   1.546506e-17   192
  5.616191e-01   3.128145e-16   2.464592e-04   7.958613e-18   720
  5.626731e-01   3.215655e-16   2.272475e-04   1.416314e-17   696
  5.639255e-01   1.644394e-16   2.454294e-04   1.023851e-17   720
  5.650713e-01   2.459623e-16   3.326501e-04   9.277163e-18   432
  5.657395e-01   3.745359e-16   1.958109e-04   1.483468e-17   264
  5.669418e-01   3.291558e-16   2.704061e-04   8.875932e-18   672
  5.680171e-01   1.548435e-16   2.768544e-04   6.056822e-18   600
  5.692933e-01   4.370257e-16   1.620980e-04   2.389112e-17   270
  5.699366e-01   3.031085e-16   2.440026e-04   1.645010e-17   528
  5.709591e-01   3.934562e-16   1.670843e-04   9.878723e-18   840
  5.723613e-01   1.946537e-16   3.194952e-04   8.933374e-18   888
  5.736568e-01   1.700371e-16   2.380474e-04   4.839990e-18   744
  5.747517e-01   3.506225e-16   1.223216e-04   1.525028e-17   456
  5.752963e-01   2.065443e-16   1.671601e-04   4.173233e-18   360
  5.762282e-01   2.966999e-16   1.448348e-04   7.083711e-18   384
  5.776580e-01   2.545689e-16   2.323137e-04   1.579586e-17   816
  5.787308e-01   3.550336e-16   3.370546e-04   6.821714e-18   824
  5.800348e-01   3.882154e-16   1.566791e-04   2.265847e-17   360
  5.807331e-01   3.160164e-16   2.311994e-04   1.117939e-17   624
  5.816941e-01   3.236380e-16   1.562320e-04   7.697387e-18   360
  5.829744e-01   3.748994e-16   2.125215e-04   1.874739e-17   876
  5.841306e-01   1.622828e-16   2.524119e-04   1.499289e-17   696
  5.852967e-01   1.347172e-16   1.629911e-04   3.700737e-18   336
  5.859080e-01   3.120273e-16   1.628079e-04   7.324609e-18   504
  5.869176e-01   2.367565e-16   1.642187e-04   7.593760e-18   672
  5.884155e-01   2.554833e-16   3.269213e-04   2.007138e-18   720
  5.894543e-01   1.758398e-16   2.469541e-04   8.799688e-18   774
  5.906010e-01   3.589436e-16   1.413501e-04   1.628975e-17   384
  5.912015e-01   2.656300e-16   2.720183e-04   5.943153e-18   528
  5.921335e-01   3.228476e-16   2.592486e-04   4.996255e-18   744
  5.936327e-01   2.518617e-16   2.138251e-04   2.116273e-17   768
  5.946281e-01   3.991454e-16   2.400348e-04   2.143814e-17   552
  5.958700e-01   3.739396e-16   2.616108e-04   9.870461e-18   696
  5.967938e-01   2.709344e-16   3.179026e-04   1.303810e-17   408
  5.975272e-01   2.903760e-16   1.373364e-04   1.083899e-17   504
  5.986899e-01   4.211600e-16   2.467198e-04   6.877264e-18   888
  5.998339e-01   1.974781e-16   2.564132e-04   7.187012e-18   648
  6.010230e-01   2.074906e-16   2.542153e-04   8.990421e-18   648
  6.021418e-01   2.360113e-16   2.741064e-04   7.110469e-18   792
  6.033268e-01   2.750279e-16   4.010364e-04   1.806800e-17   600
  6.042000e-01   4.234370e-16   2.717856e-04   4.491410e-18   456
  6.051191e-01   3.216791e-16   1.324567e-04   9.798421e-18   648
  6.062996e-01   3.574086e-16   2.583099e-04   1.561366e-17   936
  6.075741e-01   1.610613e-16   1.586356e-04   8.669030e-18   384
  6.086836e-01   4.068774e-16   1.334798e-08   1.633134e-17   198
  6.095398e-01   1.924374e-16   4.024720e-04   6.214816e-18   1224
  6.104634e-01   6.887495e-16   2.931235e-04   6.087527e-17   420
  6.115558e-01   2.361427e-16   2.836822e-04   8.661415e-18   792
  6.126238e-01   4.174126e-16   2.345810e-04   4.484098e-18   680
  6.138428e-01   2.773070e-16   2.154033e-04   1.163785e-17   600
  6.148235e-01   3.473391e-16   3.123938e-04   1.215544e-17   840
  6.161330e-01   3.072543e-16   1.474979e-04   1.750561e-17   432
  6.166334e-01   2.488499e-16   1.382249e-04   4.493996e-18   720
  6.177213e-01   3.225902e-16   2.768404e-04   1.170775e-17   960
  6.190745e-01   3.094980e-16   2.467829e-04   1.133738e-17   528
  6.200634e-01   2.094427e-16   2.522592e-04   7.961091e-18   624
  6.212404e-01   3.715008e-16   1.982740e-04   1.476206e-17   816
  6.224086e-01   1.808325e-16   3.260658e-04   6.570209e-18   696
  6.236996e-01   1.853715e-16   2.202416e-08   2.039694e-17   240
  6.241851e-01   3.702081e-16   1.922888e-04   7.228998e-18   672
  6.252686e-01   3.854852e-16   3.436476e-04   1.897138e-17   864
  6.264840e-01   2.731992e-16   2.636938e-04   9.438398e-18   816
  6.275795e-01   2.830748e-16   1.509292e-04   6.364375e-18   648
  6.287594e-01   6.078106e-16   1.542771e-04   1.550353e-17   843
  6.297611e-01   2.268263e-16   2.775825e-04   8.179130e-18   780
  6.309548e-01   2.081706e-16   1.489456e-04   1.531272e-17   216
  6.316911e-01   3.424921e-16   3.591661e-04   3.906786e-18   1056
  6.328235e-01   4.119985e-16   2.938382e-04   1.129775e-17   228
  6.338720e-01   3.629880e-16   3.658358e-04   4.822448e-18   924
  6.349484e-01   2.295196e-16   1.357046e-04   1.886418e-17   696
  6.360882e-01   2.274226e-16   2.415153e-04   4.836157e-18   996
  6.372543e-01   1.877250e-16   1.425858e-04   8.916173e-18   576
  6.384675e-01   5.102888e-16   2.200718e-04   4.154227e-17   552
  6.393519e-01   2.298465e-16   2.627580e-04   2.256742e-17   516
  6.402494e-01   3.559204e-16   3.821047e-04   8.006467e-18   744
  6.412749e-01   2.223342e-16   1.874451e-04   1.039182e-17   576
  6.421669e-01   4.365926e-16   1.929285e-04   9.477702e-18   792
  6.434346e-01   3.963352e-16   2.205530e-04   9.278637e-18   792
  6.443636e-01   2.335015e-16   2.378641e-04   1.237730e-17   720
  6.456200e-01   2.685201e-16   2.711104e-04   1.529496e-17   656
  6.467974e-01   2.633586e-16   2.960385e-04   1.584681e-17   816
  6.480043e-01   1.786670e-16   1.596190e-04   1.438869e-17   492
  6.486903e-01   4.770514e-16   2.296231e-04   2.170298e-17   552
  6.499778e-01   4.506563e-16   3.992867e-04   9.549281e-18   780
  6.508139e-01   2.202696e-16   2.452771e-04   9.906458e-18   528
  6.517148e-01   1.768404e-16   2.863130e-04   7.319406e-18   600
  6.530425e-01   4.211742e-16   2.379487e-04   2.100739e-17   900
  6.539577e-01   3.233642e-16   1.317325e-04   1.241218e-17   696
  6.552168e-01   3.683887e-16   3.330907e-04   1.557971e-17   696
  6.564349e-01   2.940748e-16   1.351317e-04   2.297371e-17   552
  6.574592e-01   3.043628e-16   1.571457e-04   9.820311e-18   708
  6.585322e-01   2.416680e-16   2.594565e-04   1.747286e-17   876
  6.596487e-01   4.043930e-16   1.377663e-04   1.811310e-17   216
  6.603980e-01   3.778527e-16   3.768094e-04   1.088310e-17   1032
  6.615201e-01   3.515164e-16   4.195357e-04   7.512198e-18   600
  6.626848e-01   2.725544e-16   2.001869e-04   1.208782e-17   600
  6.635732e-01   2.903346e-16   3.535112e-04   1.761725e-17   528
  6.646233e-01   3.401342e-16   1.940622e-04   1.942322e-17   732
  6.657296e-01   2.754731e-16   1.432973e-04   1.216930e-17   336
  6.670031e-01   5.765508e-16   2.042271e-04   5.028460e-17   912
  6.679548e-01   1.975086e-16   2.049821e-04   1.033152e-17   624
  6.689946e-01   2.145782e-16   1.727341e-04   1.233905e-17   768
  6.702082e-01   2.192460e-16   3.116463e-04   7.224596e-18   792
  6.713995e-01   2.122405e-16   1.545014e-04   8.298905e-18   660
  6.722471e-01   2.966441e-16   2.276826e-04   1.014312e-17   504
  6.731238e-01   2.220711e-16   3.719898e-04   1.695466e-17   480
  6.744376e-01   2.752695e-16   3.440421e-04   9.394541e-18   912
  6.754664e-01   4.650699e-16   3.831443e-04   7.845125e-18   432
  6.764380e-01   1.903273e-16   2.275021e-04   1.126387e-17   564
  6.773006e-01   3.991848e-16   2.177508e-04   2.582602e-17   600
  6.785149e-01   1.557324e-16   3.035240e-04   1.056824e-17   876
  6.794272e-01   2.659073e-16   1.364735e-04   2.213318e-17   264
  6.806846e-01   4.530517e-16   2.648123e-04   1.954037e-17   560
  6.816953e-01   4.792518e-16   1.799457e-04   6.905305e-18   840
  6.829222e-01   2.011325e-16   2.774244e-04   6.119318e-18   1008
  6.840568e-01   2.625669e-16   1.241010e-04   1.041564e-17   456
  6.850930e-01   3.204160e-16   1.607553e-04   8.321283e-18   576
  6.860509e-01   3.226500e-16   2.470177e-04   9.045475e-18   612
  6.873140e-01   2.669005e-16   2.206269e-04   1.265494e-17   780
  6.883444e-01   3.955088e-16   2.528284e-04   2.355400e-17   648
  6.893992e-01   2.446028e-16   1.178213e-04   1.509211e-17   312
  6.900734e-01   3.234458e-16   2.993645e-04   2.408888e-17   528
  6.912414e-01   4.042139e-16   3.909551e-04   8.828862e-18   720
  6.923583e-01   2.287769e-16   3.921794e-04   1.139806e-17   576
  6.937124e-01   2.955505e-16   3.383053e-04   7.723285e-18   444
  6.945549e-01   6.124265e-16   3.317685e-04   2.311837e-17   996
  6.955874e-01   1.519688e-16   2.771265e-04   1.609053e-17   432
  6.965633e-01   2.914432e-16   3.033990e-04   7.214174e-18   504
  6.974062e-01   3.296027e-16   1.367883e-04   3.978243e-18   504
  6.986065e-01   1.475631e-16   2.692009e-04   1.019453e-17   876
  6.996926e-01   3.016819e-16   3.098246e-04   1.637143e-17   504
  7.008236e-01   2.558085e-16   1.975899e-04   6.077680e-18   696
  7.017583e-01   3.046267e-16   1.689187e-04   1.580005e-17   492
  7.030300e-01   3.151389e-16   2.418152e-04   2.817409e-17   432
  7.039719e-01   3.694552e-16   2.264335e-04   8.616701e-18   768
  7.050885e-01   1.619254e-16   2.820533e-04   1.133767e-17   648
  7.061547e-01   3.316321e-16   1.840095e-04   1.429525e-17   456
  7.073798e-01   3.716229e-16   2.530430e-04   2.112701e-17   552
  7.082306e-01   5.805411e-16   1.734358e-04   2.021250e-17   648
  7.094016e-01   2.063556e-16   2.826907e-04   1.319487e-17   840
  7.105454e-01   2.313291e-16   1.348092e-04   5.624750e-18   432
  7.116906e-01   2.379327e-16   1.651183e-04   1.121152e-17   600
  7.124870e-01   5.001807e-16   1.759227e-04   5.043921e-18   432
  7.138248e-01   3.761590e-16   1.751482e-04   7.827593e-18   560
  7.147308e-01   2.317798e-16   2.772412e-04   1.342117e-17   840
  7.158652e-01   2.241768e-16   1.642140e-04   5.717833e-18   504
  7.167662e-01   3.971990e-16   3.351509e-04   1.002556e-17   696
  7.180362e-01   6.221134e-16   1.830475e-04   1.872141e-17   384
  7.190254e-01   3.080878e-16   2.681431e-04   2.585131e-17   576
  7.202219e-01   3.095003e-16   1.654845e-04   1.031466e-17   360
  7.211864e-01   3.316380e-16   2.464465e-04   5.394179e-18   828
  7.222268e-01   3.431444e-16   2.195064e-04   5.490785e-17   372
  7.231800e-01   4.182671e-16   3.352284e-04   2.208410e-17   576
  7.244428e-01   5.799607e-16   1.403933e-04   3.474392e-17   636
  7.253425e-01   2.831748e-16   2.706420e-04   8.677451e-18   648
  7.265596e-01   2.989173e-16   2.200024e-04   8.069434e-18   576
  7.274333e-01   4.294528e-16   3.548870e-04   9.877767e-18   528
  7.285953e-01   2.297746e-16   1.517289e-04   7.648253e-18   360
  7.295571e-01   2.789031e-16   3.490332e-04   1.237169e-17   672
  7.308130e-01   3.258249e-16   1.787806e-04   8.700938e-18   804
  7.318582e-01   2.687820e-16   1.972163e-04   2.285420e-17   408
  7.330145e-01   3.083677e-16   1.219011e-04   2.187746e-17   384
  7.337931e-01   4.772624e-16   2.789567e-04   7.150237e-18   480
  7.348913e-01   4.051970e-16   1.802469e-04   8.831499e-18   432
  7.359446e-01   4.731903e-16   3.321566e-04   2.030073e-17   648
  7.371913e-01   4.705130e-16   2.061016e-04   1.624174e-17   624
  7.381033e-01   4.068740e-16   1.874668e-04   9.387662e-18   456
  7.393486e-01   2.110770e-16   2.560963e-04   6.863068e-18   588
  7.401831e-01   3.572878e-16   1.633884e-04   1.045120e-17   600
  7.414016e-01   3.151388e-16   2.548458e-04   1.088953e-17   708
  7.423640e-01   2.787711e-16   1.605479e-04   4.939190e-17   360
  7.434275e-01   3.986762e-16   1.845541e-04   2.206025e-17   552
  7.444470e-01   1.662286e-16   1.294691e-04   2.911064e-18   288
  7.454820e-01   3.922497e-16   2.434372e-04   9.964441e-18   528
  7.464545e-01   3.973179e-16   1.642340e-04   2.378766e-17   456
  7.475410e-01   3.262260e-16   2.912225e-04   1.768792e-17   608
  7.486338e-01   3.200272e-16   1.408967e-04   1.683462e-17   504
  7.498278e-01   6.394976e-16   3.024972e-04   7.115711e-17   540
  7.507642e-01   3.771817e-16   3.247222e-04   7.307488e-18   360
  7.517735e-01   4.364049e-16   1.470509e-04   1.606769e-17   540
  7.526661e-01   3.258231e-16   1.262606e-04   1.317808e-17   576
  7.539642e-01   2.367240e-16   2.927555e-04   2.388625e-17   588
  7.551985e-01   4.722112e-16   4.039143e-04   5.503468e-18   672
  7.562588e-01   4.397200e-16   3.087151e-04   3.221866e-17   552
  7.571135e-01   4.303996e-16   3.088712e-04   2.282528e-17   144
  7.582042e-01   4.424694e-16   2.624178e-04   1.309517e-17   600
  7.592383e-01   6.166260e-16   3.288668e-04   9.248983e-18   504
  7.603860e-01   6.042463e-16   3.378126e-04   2.305254e-17   336
  7.615932e-01   2.644722e-16   3.797028e-04   3.894747e-17   600
  7.626744e-01   3.089781e-16   2.450478e-04   1.401371e-17   636
  7.638413e-01   5.842725e-16   1.970206e-04   1.659172e-17   384
  7.646595e-01   3.677134e-16   2.748205e-04   3.588000e-17   504
  7.658387e-01   4.187657e-16   1.153383e-04   8.123708e-18   240
  7.667694e-01   3.798934e-16   2.709461e-04   1.171453e-17   744
  7.678860e-01   3.879301e-16   1.850150e-04   1.532278e-17   648
  7.688783e-01   7.210081e-16   1.228185e-04   3.430574e-17   120
  7.700414e-01   5.845828e-16   1.929319e-04   2.287885e-17   564
  7.709202e-01   5.242383e-16   3.030111e-04   1.595821e-17   432
  7.720932e-01   5.362856e-16   2.351965e-04   1.302294e-17   480
  7.729764e-01   3.512513e-16   1.731106e-04   1.928261e-17   456
  7.740189e-01   3.209473e-16   2.864725e-04   3.616589e-17   444
  7.752020e-01   2.550415e-16   4.383180e-04   2.594219e-17   528
  7.762412e-01   4.759167e-16   3.255297e-04   1.369441e-17   264
  7.772498e-01   1.082898e-15   3.336195e-04   1.062018e-16   444
  7.786065e-01   3.789520e-16   3.654311e-04   9.374109e-18   696
  7.797327e-01   4.603036e-16   1.954448e-04   6.042160e-17   384
  7.805563e-01   2.441566e-16   2.469609e-04   1.635780e-17   432
  7.818373e-01   2.850294e-16   1.706384e-04   5.703522e-18   488
  7.826690e-01   4.361524e-16   2.571733e-04   1.203139e-17   480
  7.838749e-01   2.953432e-16   2.868014e-04   1.264721e-17   480
  7.848089e-01   7.890138e-17   1.203331e-04   2.200342e-18   240
  7.858692e-01   3.076631e-16   2.810886e-04   4.229111e-17   600
  7.868694e-01   4.874018e-16   2.449399e-04   1.262233e-17   288
  7.879343e-01   6.748694e-16   2.356143e-04   1.874901e-17   480
  7.890129e-01   3.466195e-16   4.191157e-04   6.028450e-18   504
  7.900748e-01   4.654302e-16   1.798267e-04   9.953292e-18   216
  7.914291e-01   3.322546e-16   2.944050e-04   6.708425e-18   504
  7.924838e-01   2.474239e-16   2.367912e-04   4.474032e-17   456
  7.936384e-01   8.946161e-16   1.358038e-04   2.549661e-17   384
  7.944031e-01   4.817434e-16   2.756326e-04   1.170926e-17   480
  7.954897e-01   1.603900e-16   2.420363e-04   7.185143e-18   504
  7.964966e-01   2.490274e-16   1.535327e-04   2.622143e-17   312
  7.975815e-01   4.018656e-16   2.474127e-04   2.206292e-17   492
  7.985417e-01   2.631521e-16   2.318919e-04   7.106622e-18   312
  7.997779e-01   1.649576e-16   3.766899e-04   6.647787e-18   576
  8.008661e-01   2.472647e-16   3.477153e-04   3.701891e-17   336
  8.017699e-01   2.506011e-16   2.677247e-04   1.757859e-17   240
  8.030228e-01   1.888445e-16   3.549351e-04   7.423790e-18   468
  8.041047e-01   3.090034e-16   2.222407e-04   2.857682e-17   192
  8.052370e-01   1.393161e-15   2.229031e-04   7.186594e-17   324
  8.060669e-01   2.234664e-16   1.617794e-04   3.474830e-18   600
  8.071978e-01   2.871197e-16   2.624704e-04   2.710385e-17   456
  8.080377e-01   1.008632e-16   1.180592e-04   1.417833e-17   336
  8.094297e-01   6.125108e-16   3.535027e-04   1.737056e-17   612
  8.104424e-01   5.920271e-16   2.966749e-04   1.048391e-17   144
  8.114002e-01   3.628333e-16   3.462957e-04   2.115159e-17   552
  8.127025e-01   4.523079e-16   1.363755e-04   1.182475e-17   264
  8.134384e-01   2.052289e-16   3.157441e-04   2.434616e-17   336
  8.145992e-01   7.029402e-16   2.086329e-04   2.866667e-17   384
  8.156059e-01   3.628784e-16   1.174397e-04   1.170432e-17   216
  8.167203e-01   3.247178e-16   2.489964e-04   1.943430e-17   344
  8.177364e-01   3.830157e-16   3.715143e-04   2.750257e-17   408
  8.189746e-01   2.328881e-16   2.854845e-04   7.374925e-17   264
  8.200718e-01   1.738702e-16   3.979796e-04   8.488987e-18   612
  8.211681e-01   8.208498e-16   2.048307e-04   1.589178e-17   408
  8.222956e-01   3.580319e-16   2.051251e-04   1.476308e-17   444
  8.231239e-01   1.127362e-16   1.147249e-04   2.899440e-17   120
  8.242338e-01   2.953912e-16   3.169640e-04   7.603508e-18   336
  8.250576e-01   1.570661e-16   1.101437e-04   8.842194e-18   288
  8.261708e-01   2.206728e-16   3.427692e-04   3.659167e-18   552
  8.277012e-01   3.106032e-16   1.835347e-08   8.096663e-17   72
  8.284882e-01   4.351889e-16   3.404572e-04   1.586402e-17   504
  8.294074e-01   9.263947e-17   1.095558e-04   1.441398e-17   216
  8.305983e-01   2.458894e-16   1.956043e-04   1.104344e-17   312
  8.316675e-01   1.987287e-16   2.227263e-04   7.727930e-18   336
  8.326865e-01   1.488214e-15   3.087236e-04   1.131322e-16   204
  8.337014e-01   3.582539e-16   3.587838e-04   2.122925e-17   504
  8.347777e-01   3.551612e-16   3.416652e-04   8.182898e-18   396
  8.358127e-01   4.830400e-16   3.133249e-04   2.069516e-17   312
  8.370674e-01   7.459646e-16   1.914750e-04   7.428789e-17   216
  8.379516e-01   1.554064e-16   1.039172e-04   4.521799e-18   168
  8.390260e-01   4.831826e-16   2.623966e-04   1.069283e-17   588
  8.402521e-01   2.589045e-16   3.561727e-04   1.175029e-17   240
  8.412047e-01   1.744363e-16   3.145601e-04   1.259872e-17   264
  8.423219e-01   2.322245e-16   3.890183e-04   6.338433e-18   288
  8.433131e-01   3.262861e-16   1.942596e-04   1.247399e-17   288
  8.445693e-01   1.160033e-16   1.824406e-04   1.958028e-17   288
  8.454153e-01   2.302758e-16   2.113423e-04   1.496968e-18   192
  8.464795e-01   7.203113e-17   2.248894e-04   6.089923e-18   264
  8.474933e-01   5.494381e-16   3.699119e-04   3.314725e-17   372
  8.485844e-01   2.659353e-16   3.995208e-04   1.899258e-17   360
  8.499161e-01   2.230374e-16   1.690810e-04   1.460406e-17   144
  8.506044e-01   2.167393e-16   2.348461e-04   2.231430e-17   296
  8.516909e-01   2.449613e-16   2.530345e-04   1.280515e-17   288
  8.529347e-01   2.513403e-16   3.781537e-04   1.698023e-17   480
  8.540076e-01   1.406359e-16   3.142096e-04   1.344684e-17   192
  8.550509e-01   1.969383e-16   3.370327e-04   2.668387e-17   192
  8.559992e-01   2.985246e-16   2.147949e-04   2.737175e-17   288
  8.573180e-01   4.626492e-16   1.869760e-04   2.872443e-17   108
  8.579823e-01   7.286174e-16   1.797545e-04   4.257663e-17   240
  8.591554e-01   1.197359e-16   3.353363e-04   1.728379e-17   384
  8.603605e-01   2.874752e-15   4.090723e-04   3.447814e-16   108
  8.614261e-01   5.321197e-16   2.398466e-04   6.313390e-17   348
  8.625466e-01   4.885695e-16   2.503134e-04   2.358188e-17   312
  8.635474e-01   6.058486e-16   2.432319e-04   8.042508e-17   96
  8.644677e-01   6.025634e-16   3.238194e-04   4.945905e-17   384
  8.654984e-01   7.072717e-17   2.227222e-04   1.825698e-17   144
  8.665066e-01   6.073024e-16   3.422225e-04   4.252388e-17   408
  8.677598e-01   1.158654e-16   1.526554e-04   7.106617e-18   144
  8.689437e-01   3.298687e-16   2.934816e-04   2.417327e-17   192
  8.696459e-01   3.168315e-16   3.303190e-04   2.068026e-17   144
  8.707904e-01   4.389529e-16   2.685615e-04   1.305797e-17   144
  8.718702e-01   2.593575e-16   3.282257e-04   1.532052e-17   336
  8.731927e-01   2.908299e-16   2.428454e-04   1.003959e-17   240
  8.740312e-01   1.680125e-16   1.102739e-04   4.009502e-19   96
  8.752007e-01   4.671791e-16   3.233803e-04   2.997875e-17   372
  8.763838e-01   2.661796e-16   3.846540e-04   4.888586e-17   132
  8.774230e-01   2.374705e-16   2.380193e-04   2.642945e-17   264
  8.783527e-01   3.739774e-16   1.827880e-04   6.729948e-17   168
  8.793449e-01   1.653571e-16   2.922429e-04   1.730672e-17   216
  8.802213e-01   6.092950e-16   1.787978e-04   1.370244e-17   216
  8.814979e-01   2.788715e-16   3.280196e-04   4.680265e-18   96
  8.826561e-01   4.309020e-16   2.140028e-04   1.210058e-17   120
  8.837183e-01   3.390843e-16   2.720578e-04   6.078768e-17   216
  8.845934e-01   6.276605e-16   1.188902e-04   4.399279e-18   200
  8.857519e-01   1.502287e-16   3.077557e-04   1.294009e-17   288
  8.872378e-01   4.762184e-16   8.097649e-05   1.812526e-17   144
  8.878635e-01   9.122473e-16   2.519939e-04   8.314341e-17   168
  8.891412e-01   6.533791e-16   2.835956e-04   3.704221e-16   159
  8.901386e-01   1.757509e-16   2.975600e-04   5.683033e-17   174
  8.911039e-01   2.556268e-16   2.698170e-04   1.690345e-17   144
  8.923678e-01   3.362576e-16   1.557998e-04   6.526329e-17   222
  8.932131e-01   2.421025e-16   1.572158e-04   1.757067e-17   168
  8.946732e-01   1.582618e-15   3.448346e-04   4.976713e-17   30
  8.952763e-01   1.741531e-16   3.044637e-04   7.335517e-18   72
  8.964123e-01   3.621823e-16   2.717302e-04   6.426062e-17   258
  8.976612e-01   2.419633e-16   1.701916e-04   1.837177e-17   264
  8.982857e-01   7.992276e-17   0.000000e+00   1.403098e-17   72
  8.995871e-01   3.440801e-16   3.373270e-04   5.669637e-17   174
  9.007654e-01   3.913285e-16   3.591909e-04   6.428304e-18   168
  9.017127e-01   1.925375e-16   1.123916e-08   0.000000e+00   48
  9.027297e-01   3.753602e-16   2.028435e-04   9.651078e-18   150
  9.039088e-01   4.542421e-16   3.731453e-04   4.297472e-17   168
  9.050911e-01   6.644553e-16   2.273028e-04   1.546580e-17   144
  9.061784e-01   7.779968e-16   2.123525e-04   1.444352e-16   102
  9.069882e-01   8.720723e-16   3.143182e-04   4.415882e-18   96
  9.082731e-01   6.231640e-16   3.119397e-04   8.003366e-19   120
  9.092246e-01   1.120231e-16   3.345635e-04   3.980305e-18   168
  9.102538e-01   2.777203e-16   2.470487e-04   1.679174e-16   126
  9.111308e-01   4.011242e-16   1.863241e-04   4.528914e-17   168
  9.123389e-01   9.401821e-18   2.987709e-04   6.265486e-19   72
  9.133947e-01   2.826984e-16   3.741278e-04   9.952030e-18   168
  9.143196e-01   8.997706e-16   1.025668e-04   7.588628e-17   78
  9.155870e-01   1.089720e-16   1.684070e-04   5.979370e-19   60
  9.166075e-01   5.499359e-16   2.731835e-04   2.089875e-17   96
  9.176659e-01   4.865974e-16   3.314854e-04   3.725871e-17   168
  9.186605e-01   2.516991e-16   2.097511e-04   7.741160e-18   86
  9.197042e-01   1.396400e-16   1.874678e-04   9.869253e-18   120
  9.212002e-01   2.848316e-17   1.336894e-04   4.055037e-19   168
  9.220069e-01   7.385461e-17   0.000000e+00   0.000000e+00   48
  9.230934e-01   7.157369e-16   2.435676e-04   5.656984e-17   120
  9.237177e-01   1.109446e-16   1.776924e-04   3.128564e-17   126
  9.252418e-01   5.808685e-16   3.125113e-04   9.506111e-18   96
  9.262310e-01   3.024689e-16   9.011285e-05   1.337730e-17   96
  9.270111e-01   1.979119e-16   0.000000e+00   5.369231e-18   72
  9.286731e-01   1.799146e-15   1.123916e-08   1.548424e-24   24
  9.297104e-01   1.952857e-16   1.854501e-04   7.834234e-18   120
  9.305196e-01   4.919467e-16   2.705147e-04   8.038789e-17   126
  9.314194e-01   1.968974e-16   2.255107e-04   5.920635e-17   96
  9.324708e-01   3.583733e-16   3.897482e-04   1.410816e-17   72
  9.336415e-01   3.950134e-16   1.685792e-04   1.318768e-17   144
  9.346046e-01   4.461959e-17   9.723254e-05   5.151714e-18   72
  9.355666e-01   4.290952e-16   1.942081e-04   5.258312e-17   54
  9.364132e-01   2.882455e-16   1.711436e-04   1.418325e-17   108
  9.381728e-01   6.257409e-16   1.677650e-04   6.919143e-18   72
  9.387206e-01   1.127680e-16   9.680617e-05   1.661921e-17   72
  9.400202e-01   1.144249e-16   1.946680e-08   1.896425e-24   24
  9.412498e-01   1.052507e-16   2.047976e-04   5.773784e-19   48
  9.419964e-01   3.573966e-16   1.560029e-04   2.424573e-17   102
  9.431203e-01   3.003534e-16   3.528137e-04   3.281509e-17   168
  9.445889e-01   8.475286e-17   1.924163e-04   1.077587e-17   72
  9.451330e-01   2.228467e-16   0.000000e+00   0.000000e+00   48
  9.462744e-01   1.666490e-16   3.309678e-04   8.359143e-18   120
  9.477807e-01   1.065780e-16   2.033864e-04   1.610833e-17   96
  9.492033e-01   3.920626e-16   2.202416e-08   1.564166e-17   30
  9.508942e-01   3.446231e-17   9.555995e-05   4.373514e-18   72
  9.516372e-01   4.701873e-16   1.123916e-08   0.000000e+00   24
  9.525916e-01   1.039384e-16   1.416435e-04   5.946013e-17   56
  9.536606e-01   3.059629e-16   2.021324e-04   4.570588e-17   96
  9.549399e-01   3.062041e-16   2.232036e-04   7.763849e-17   144
  9.559263e-01   3.362360e-16   1.267263e-04   1.601283e-18   54
  9.573592e-01   1.755882e-16   1.898493e-04   1.869224e-17   108
  9.588012e-01   1.557496e-16   1.005243e-04   1.544938e-18   48
  9.601739e-01   4.271883e-16   3.785063e-04   3.340638e-17   72
  9.634680e-01   3.535071e-16   2.500803e-04   2.002927e-17   78
  9.643808e-01   1.653336e-16   1.884669e-04   2.288465e-17   72
  9.654462e-01   2.130903e-16   1.882329e-04   1.892527e-17   72
  9.665603e-01   1.960840e-16   4.542266e-04   2.978012e-17   96
  9.674408e-01   1.270666e-16   1.878449e-04   1.227690e-17   72
  9.685029e-01   2.461976e-16   0.000000e+00   0.000000e+00   24
  9.695638e-01   4.560366e-16   3.748416e-04   1.902714e-19   72
  9.719599e-01   9.096627e-17   2.380359e-04   2.812495e-17   30
  9.724755e-01   2.642273e-16   0.000000e+00   5.474506e-25   24
  9.752466e-01   2.485886e-16   1.976584e-04   2.137285e-18   48
  9.761159e-01   1.782831e-16   4.253608e-04   5.014522e-18   120
  9.772870e-01   1.133186e-17   1.859776e-04   3.492320e-18   72
  9.784697e-01   2.448966e-16   1.857528e-04   1.534370e-16   36
  9.792826e-01   2.999510e-16   3.671339e-04   7.842419e-17   78
  9.815513e-01   1.766959e-16   1.963888e-04   1.207977e-21   48
  9.844928e-01   3.448986e-16   1.589457e-08   1.336549e-28   24
  9.865884e-01   3.745117e-16   1.367612e-04   5.828262e-18   56
  9.876436e-01   6.671877e-17   2.104496e-04   5.999817e-18   102
  9.889860e-01   1.055241e-16   1.498555e-08   1.444072e-17   72
  9.897653e-01   1.006996e-16   0.000000e+00   0.000000e+00   24
  9.911277e-01   1.007407e-15   1.944913e-04   2.668987e-18   48
  9.936528e-01   1.743034e-16   0.000000e+00   0.000000e+00   24
  9.967520e-01   1.475166e-15   0.000000e+00   0.000000e+00   6
  9.977185e-01   4.272247e-16   0.000000e+00   0.000000e+00   24
  9.983623e-01   1.763513e-16   1.820511e-04   2.250031e-17   72
  9.995384e-01   2.135061e-16   3.396336e-04   3.142447e-18   84
  1.000805e+00   5.406898e-16   0.000000e+00   0.000000e+00   24
  1.001190e+00   9.706618e-16   1.589457e-08   0.000000e+00   24
  1.003114e+00   9.045996e-16   1.123916e-08   7.742121e-25   24
  1.005800e+00   3.758253e-16   0.000000e+00   5.474506e-25   6
  1.009244e+00   1.105169e-16   1.910001e-04   1.653370e-17   48
  1.010072e+00   2.227174e-16   3.598129e-04   1.418660e-17   72
  1.011152e+00   2.675755e-16   1.906396e-04   4.520962e-18   48
  1.012867e+00   1.134181e-15   0.000000e+00   0.000000e+00   24
  1.015148e+00   9.586789e-16   1.123916e-08   0.000000e+00   6
  1.020262e+00   1.956158e-15   0.000000e+00   0.000000e+00   8
  1.020640e+00   3.303111e-16   1.123916e-08   0.000000e+00   48
  1.021546e+00   3.218911e-16   1.848806e-04   8.065992e-18   60
  1.022904e+00   8.217847e-16   0.000000e+00   1.094901e-24   24
  1.024787e+00   6.396503e-15   0.000000e+00   9.677651e-26   6
  1.031723e+00   7.118026e-16   0.000000e+00   0.000000e+00   24
  1.032283e+00   2.046469e-16   1.867372e-04   8.590741e-18   48
  1.033217e+00   7.910735e-16   0.000000e+00   0.000000e+00   24
  1.034708e+00   1.885816e-15   1.123916e-08   0.000000e+00   6
  1.043181e+00   4.324301e-16   1.742080e-04   5.021508e-17   36
  1.043797e+00   4.316024e-16   0.000000e+00   1.548424e-24   24
  1.044904e+00   2.042524e-15   0.000000e+00   3.871061e-25   6
  1.054545e+00   1.005965e-15   1.583190e-04   8.413168e-17   32
  1.055367e+00   5.386047e-16   1.123916e-08   0.000000e+00   6
  1.065728e+00   3.826064e-17   0.000000e+00   7.742121e-25   12
  1.066089e+00   1.870386e-15   0.000000e+00   0.000000e+00   6
  1.077063e+00   1.154737e-16   1.589457e-08   0.000000e+00   6
